时间,地区,当月值(万吨),同比增长(%),累计值(万吨),累计增长(%),_ID,_DATA_TIME,_ACTIVE,_CREATE_ID,_CREATE_TIME,_UPDATE_ID,_UPDATE_TIME,_REMARK,_CHANGE_LOG,_RESERVE
2024-06,全国,9160.70,0.20,53057.20,-1.10,1,2024-06-30 00:00:00,1,0,2024-07-20 23:14:13,0,2024-07-20 23:14:13,,,
2024-06,新疆区,136.59,,619.49,,2,2024-06-30 00:00:00,1,0,2024-07-20 23:14:13,0,2024-07-20 23:14:13,,,
2024-06,宁夏区,57.03,,267.61,,3,2024-06-30 00:00:00,1,0,2024-07-20 23:14:13,0,2024-07-20 23:14:13,,,
2024-06,青海省,14.59,,64.93,,4,2024-06-30 00:00:00,1,0,2024-07-20 23:14:13,0,2024-07-20 23:14:13,,,
2024-06,甘肃省,87.89,,582.50,,5,2024-06-30 00:00:00,1,0,2024-07-20 23:14:13,0,2024-07-20 23:14:13,,,
2024-06,陕西省,133.23,,615.25,,6,2024-06-30 00:00:00,1,0,2024-07-20 23:14:13,0,2024-07-20 23:14:13,,,
2024-06,云南省,189.00,,1066.96,,7,2024-06-30 00:00:00,1,0,2024-07-20 23:14:13,0,2024-07-20 23:14:13,,,
2024-06,贵州省,49.58,,261.01,,8,2024-06-30 00:00:00,1,0,2024-07-20 23:14:13,0,2024-07-20 23:14:13,,,
2024-06,四川省,233.29,,1327.34,,9,2024-06-30 00:00:00,1,0,2024-07-20 23:14:13,0,2024-07-20 23:14:13,,,
2024-06,重庆市,79.26,,477.29,,10,2024-06-30 00:00:00,1,0,2024-07-20 23:14:13,0,2024-07-20 23:14:13,,,
2024-06,广西区,421.85,,2360.94,,11,2024-06-30 00:00:00,1,0,2024-07-20 23:14:13,0,2024-07-20 23:14:13,,,
2024-06,广东省,367.60,,2195.72,,12,2024-06-30 00:00:00,1,0,2024-07-20 23:14:13,0,2024-07-20 23:14:13,,,
2024-06,湖南省,197.89,,1200.94,,13,2024-06-30 00:00:00,1,0,2024-07-20 23:14:13,0,2024-07-20 23:14:13,,,
2024-06,湖北省,300.29,,1860.11,,14,2024-06-30 00:00:00,1,0,2024-07-20 23:14:13,0,2024-07-20 23:14:13,,,
2024-06,河南省,239.11,,1563.62,,15,2024-06-30 00:00:00,1,0,2024-07-20 23:14:13,0,2024-07-20 23:14:13,,,
2024-06,山东省,679.35,,3810.31,,16,2024-06-30 00:00:00,1,0,2024-07-20 23:14:13,0,2024-07-20 23:14:13,,,
2024-06,江西省,249.81,,1401.67,,17,2024-06-30 00:00:00,1,0,2024-07-20 23:14:13,0,2024-07-20 23:14:13,,,
2024-06,福建省,323.87,,1973.40,,18,2024-06-30 00:00:00,1,0,2024-07-20 23:14:13,0,2024-07-20 23:14:13,,,
2024-06,安徽省,327.87,,1886.52,,19,2024-06-30 00:00:00,1,0,2024-07-20 23:14:13,0,2024-07-20 23:14:13,,,
2024-06,浙江省,120.24,,714.94,,20,2024-06-30 00:00:00,1,0,2024-07-20 23:14:13,0,2024-07-20 23:14:13,,,
2024-06,江苏省,1021.31,,6257.92,,21,2024-06-30 00:00:00,1,0,2024-07-20 23:14:13,0,2024-07-20 23:14:13,,,
2024-06,上海市,127.29,,775.56,,22,2024-06-30 00:00:00,1,0,2024-07-20 23:14:13,0,2024-07-20 23:14:13,,,
2024-06,黑龙江省,81.13,,492.04,,23,2024-06-30 00:00:00,1,0,2024-07-20 23:14:13,0,2024-07-20 23:14:13,,,
2024-06,吉林省,103.42,,658.89,,24,2024-06-30 00:00:00,1,0,2024-07-20 23:14:13,0,2024-07-20 23:14:13,,,
2024-06,辽宁省,627.98,,3587.59,,25,2024-06-30 00:00:00,1,0,2024-07-20 23:14:13,0,2024-07-20 23:14:13,,,
2024-06,内蒙古区,290.30,,1606.24,,26,2024-06-30 00:00:00,1,0,2024-07-20 23:14:13,0,2024-07-20 23:14:13,,,
2024-06,山西省,621.95,,3189.38,,27,2024-06-30 00:00:00,1,0,2024-07-20 23:14:13,0,2024-07-20 23:14:13,,,
2024-06,河北省,1941.25,,11348.53,,28,2024-06-30 00:00:00,1,0,2024-07-20 23:14:13,0,2024-07-20 23:14:13,,,
2024-06,天津市,137.71,,890.51,,29,2024-06-30 00:00:00,1,0,2024-07-20 23:14:13,0,2024-07-20 23:14:13,,,
2024-05,新疆区,120.96,,478.06,,30,2024-05-31 00:00:00,1,0,2024-07-20 23:14:13,0,2024-07-20 23:14:13,,,
2024-05,宁夏区,60.13,,211.77,,31,2024-05-31 00:00:00,1,0,2024-07-20 23:14:15,0,2024-07-20 23:14:15,,,
2024-05,青海省,14.58,,50.33,,32,2024-05-31 00:00:00,1,0,2024-07-20 23:14:15,0,2024-07-20 23:14:15,,,
2024-05,甘肃省,86.87,,494.60,,33,2024-05-31 00:00:00,1,0,2024-07-20 23:14:15,0,2024-07-20 23:14:15,,,
2024-05,陕西省,120.64,,482.02,,34,2024-05-31 00:00:00,1,0,2024-07-20 23:14:15,0,2024-07-20 23:14:15,,,
2024-05,云南省,184.40,,877.96,,35,2024-05-31 00:00:00,1,0,2024-07-20 23:14:15,0,2024-07-20 23:14:15,,,
2024-05,贵州省,39.41,,187.50,,36,2024-05-31 00:00:00,1,0,2024-07-20 23:14:15,0,2024-07-20 23:14:15,,,
2024-05,四川省,227.80,,1094.05,,37,2024-05-31 00:00:00,1,0,2024-07-20 23:14:15,0,2024-07-20 23:14:15,,,
2024-05,重庆市,78.39,,398.03,,38,2024-05-31 00:00:00,1,0,2024-07-20 23:14:15,0,2024-07-20 23:14:15,,,
2024-05,广西区,409.64,,1939.09,,39,2024-05-31 00:00:00,1,0,2024-07-20 23:14:15,0,2024-07-20 23:14:15,,,
2024-05,广东省,397.54,,1826.98,,40,2024-05-31 00:00:00,1,0,2024-07-20 23:14:15,0,2024-07-20 23:14:15,,,
2024-05,湖南省,201.87,,1003.06,,41,2024-05-31 00:00:00,1,0,2024-07-20 23:14:15,0,2024-07-20 23:14:15,,,
2024-05,湖北省,332.24,,1559.81,,42,2024-05-31 00:00:00,1,0,2024-07-20 23:14:15,0,2024-07-20 23:14:15,,,
2024-05,河南省,282.12,,1323.71,,43,2024-05-31 00:00:00,1,0,2024-07-20 23:14:15,0,2024-07-20 23:14:15,,,
2024-05,山东省,675.10,,3130.97,,44,2024-05-31 00:00:00,1,0,2024-07-20 23:14:15,0,2024-07-20 23:14:15,,,
2024-05,江西省,250.91,,1145.45,,45,2024-05-31 00:00:00,1,0,2024-07-20 23:14:15,0,2024-07-20 23:14:15,,,
2024-05,福建省,352.52,,1649.53,,46,2024-05-31 00:00:00,1,0,2024-07-20 23:14:15,0,2024-07-20 23:14:15,,,
2024-05,安徽省,326.47,,1558.65,,47,2024-05-31 00:00:00,1,0,2024-07-20 23:14:15,0,2024-07-20 23:14:15,,,
2024-05,浙江省,123.46,,594.67,,48,2024-05-31 00:00:00,1,0,2024-07-20 23:14:15,0,2024-07-20 23:14:15,,,
2024-05,江苏省,1063.76,,5236.61,,49,2024-05-31 00:00:00,1,0,2024-07-20 23:14:15,0,2024-07-20 23:14:15,,,
2024-05,上海市,135.02,,648.26,,50,2024-05-31 00:00:00,1,0,2024-07-20 23:14:15,0,2024-07-20 23:14:15,,,
2024-05,黑龙江省,81.69,,410.91,,51,2024-05-31 00:00:00,1,0,2024-07-20 23:14:15,0,2024-07-20 23:14:15,,,
2024-05,吉林省,113.20,,555.47,,52,2024-05-31 00:00:00,1,0,2024-07-20 23:14:15,0,2024-07-20 23:14:15,,,
2024-05,辽宁省,622.65,,2961.69,,53,2024-05-31 00:00:00,1,0,2024-07-20 23:14:15,0,2024-07-20 23:14:15,,,
2024-05,内蒙古区,270.67,,1315.94,,54,2024-05-31 00:00:00,1,0,2024-07-20 23:14:15,0,2024-07-20 23:14:15,,,
2024-05,山西省,588.83,,2567.43,,55,2024-05-31 00:00:00,1,0,2024-07-20 23:14:15,0,2024-07-20 23:14:15,,,
2024-05,河北省,1984.30,,9406.06,,56,2024-05-31 00:00:00,1,0,2024-07-20 23:14:15,0,2024-07-20 23:14:15,,,
2024-05,天津市,140.68,,752.80,,57,2024-05-31 00:00:00,1,0,2024-07-20 23:14:15,0,2024-07-20 23:14:15,,,
2024-05,全国,9285.90,2.70,43861.40,-1.40,58,2024-05-31 00:00:00,1,0,2024-07-20 23:14:15,0,2024-07-20 23:14:15,,,
2024-04,全国,8594.30,-7.20,34367.20,-3.00,59,2024-04-30 00:00:00,1,0,2024-07-20 23:14:15,0,2024-07-20 23:14:15,,,
2024-04,新疆区,102.30,,357.09,,60,2024-04-30 00:00:00,1,0,2024-07-20 23:14:15,0,2024-07-20 23:14:15,,,
2024-04,宁夏区,43.90,,151.64,,61,2024-04-30 00:00:00,1,0,2024-07-20 23:14:17,0,2024-07-20 23:14:17,,,
2024-04,青海省,10.87,,35.75,,62,2024-04-30 00:00:00,1,0,2024-07-20 23:14:17,0,2024-07-20 23:14:17,,,
2024-04,甘肃省,87.16,,407.73,,63,2024-04-30 00:00:00,1,0,2024-07-20 23:14:17,0,2024-07-20 23:14:17,,,
2024-04,陕西省,97.26,,361.37,,64,2024-04-30 00:00:00,1,0,2024-07-20 23:14:17,0,2024-07-20 23:14:17,,,
2024-04,云南省,172.49,,693.56,,65,2024-04-30 00:00:00,1,0,2024-07-20 23:14:17,0,2024-07-20 23:14:17,,,
2024-04,贵州省,34.37,,139.45,,66,2024-04-30 00:00:00,1,0,2024-07-20 23:14:17,0,2024-07-20 23:14:17,,,
2024-04,四川省,216.69,,866.25,,67,2024-04-30 00:00:00,1,0,2024-07-20 23:14:17,0,2024-07-20 23:14:17,,,
2024-04,重庆市,79.41,,319.64,,68,2024-04-30 00:00:00,1,0,2024-07-20 23:14:17,0,2024-07-20 23:14:17,,,
2024-04,广西区,368.95,,1529.46,,69,2024-04-30 00:00:00,1,0,2024-07-20 23:14:17,0,2024-07-20 23:14:17,,,
2024-04,广东省,308.41,,1240.34,,70,2024-04-30 00:00:00,1,0,2024-07-20 23:14:17,0,2024-07-20 23:14:17,,,
2024-04,湖南省,195.86,,801.19,,71,2024-04-30 00:00:00,1,0,2024-07-20 23:14:17,0,2024-07-20 23:14:17,,,
2024-04,湖北省,317.84,,1227.57,,72,2024-04-30 00:00:00,1,0,2024-07-20 23:14:17,0,2024-07-20 23:14:17,,,
2024-04,河南省,265.47,,1034.84,,73,2024-04-30 00:00:00,1,0,2024-07-20 23:14:17,0,2024-07-20 23:14:17,,,
2024-04,山东省,619.37,,2454.20,,74,2024-04-30 00:00:00,1,0,2024-07-20 23:14:17,0,2024-07-20 23:14:17,,,
2024-04,江西省,228.61,,894.14,,75,2024-04-30 00:00:00,1,0,2024-07-20 23:14:17,0,2024-07-20 23:14:17,,,
2024-04,福建省,324.70,,1297.02,,76,2024-04-30 00:00:00,1,0,2024-07-20 23:14:17,0,2024-07-20 23:14:17,,,
2024-04,安徽省,298.46,,1232.18,,77,2024-04-30 00:00:00,1,0,2024-07-20 23:14:17,0,2024-07-20 23:14:17,,,
2024-04,浙江省,121.95,,471.21,,78,2024-04-30 00:00:00,1,0,2024-07-20 23:14:17,0,2024-07-20 23:14:17,,,
2024-04,江苏省,1033.63,,4172.85,,79,2024-04-30 00:00:00,1,0,2024-07-20 23:14:17,0,2024-07-20 23:14:17,,,
2024-04,上海市,136.67,,513.24,,80,2024-04-30 00:00:00,1,0,2024-07-20 23:14:17,0,2024-07-20 23:14:17,,,
2024-04,黑龙江省,79.44,,329.22,,81,2024-04-30 00:00:00,1,0,2024-07-20 23:14:17,0,2024-07-20 23:14:17,,,
2024-04,吉林省,98.78,,442.27,,82,2024-04-30 00:00:00,1,0,2024-07-20 23:14:17,0,2024-07-20 23:14:17,,,
2024-04,辽宁省,561.73,,2337.93,,83,2024-04-30 00:00:00,1,0,2024-07-20 23:14:17,0,2024-07-20 23:14:17,,,
2024-04,内蒙古区,242.73,,1045.27,,84,2024-04-30 00:00:00,1,0,2024-07-20 23:14:17,0,2024-07-20 23:14:17,,,
2024-04,山西省,519.54,,1977.95,,85,2024-04-30 00:00:00,1,0,2024-07-20 23:14:17,0,2024-07-20 23:14:17,,,
2024-04,河北省,1877.54,,7421.76,,86,2024-04-30 00:00:00,1,0,2024-07-20 23:14:17,0,2024-07-20 23:14:17,,,
2024-04,天津市,150.21,,612.12,,87,2024-04-30 00:00:00,1,0,2024-07-20 23:14:17,0,2024-07-20 23:14:17,,,
2024-03,全国,8826.90,-7.80,25655.10,-1.90,88,2024-03-31 00:00:00,1,0,2024-07-20 23:14:17,0,2024-07-20 23:14:17,,,
2024-03,新疆区,95.42,,254.79,,89,2024-03-31 00:00:00,1,0,2024-07-20 23:14:17,0,2024-07-20 23:14:17,,,
2024-03,宁夏区,28.59,,107.74,,90,2024-03-31 00:00:00,1,0,2024-07-20 23:14:17,0,2024-07-20 23:14:17,,,
2024-03,青海省,8.40,,24.88,,91,2024-03-31 00:00:00,1,0,2024-07-20 23:14:20,0,2024-07-20 23:14:20,,,
2024-03,甘肃省,112.76,,320.57,,92,2024-03-31 00:00:00,1,0,2024-07-20 23:14:20,0,2024-07-20 23:14:20,,,
2024-03,陕西省,104.86,,264.12,,93,2024-03-31 00:00:00,1,0,2024-07-20 23:14:20,0,2024-07-20 23:14:20,,,
2024-03,云南省,180.84,,521.07,,94,2024-03-31 00:00:00,1,0,2024-07-20 23:14:20,0,2024-07-20 23:14:20,,,
2024-03,贵州省,34.67,,105.08,,95,2024-03-31 00:00:00,1,0,2024-07-20 23:14:20,0,2024-07-20 23:14:20,,,
2024-03,四川省,237.35,,649.57,,96,2024-03-31 00:00:00,1,0,2024-07-20 23:14:20,0,2024-07-20 23:14:20,,,
2024-03,重庆市,70.28,,240.22,,97,2024-03-31 00:00:00,1,0,2024-07-20 23:14:20,0,2024-07-20 23:14:20,,,
2024-03,广西区,412.91,,1160.50,,98,2024-03-31 00:00:00,1,0,2024-07-20 23:14:20,0,2024-07-20 23:14:20,,,
2024-03,广东省,309.20,,931.93,,99,2024-03-31 00:00:00,1,0,2024-07-20 23:14:20,0,2024-07-20 23:14:20,,,
2024-03,湖南省,204.28,,605.34,,100,2024-03-31 00:00:00,1,0,2024-07-20 23:14:20,0,2024-07-20 23:14:20,,,
2024-03,湖北省,318.69,,909.73,,101,2024-03-31 00:00:00,1,0,2024-07-20 23:14:20,0,2024-07-20 23:14:20,,,
2024-03,河南省,279.00,,769.37,,102,2024-03-31 00:00:00,1,0,2024-07-20 23:14:20,0,2024-07-20 23:14:20,,,
2024-03,山东省,620.04,,1834.83,,103,2024-03-31 00:00:00,1,0,2024-07-20 23:14:20,0,2024-07-20 23:14:20,,,
2024-03,江西省,226.91,,665.54,,104,2024-03-31 00:00:00,1,0,2024-07-20 23:14:20,0,2024-07-20 23:14:20,,,
2024-03,福建省,285.94,,854.48,,105,2024-03-31 00:00:00,1,0,2024-07-20 23:14:20,0,2024-07-20 23:14:20,,,
2024-03,安徽省,319.36,,933.72,,106,2024-03-31 00:00:00,1,0,2024-07-20 23:14:20,0,2024-07-20 23:14:20,,,
2024-03,浙江省,128.84,,349.25,,107,2024-03-31 00:00:00,1,0,2024-07-20 23:14:20,0,2024-07-20 23:14:20,,,
2024-03,江苏省,1077.73,,3139.23,,108,2024-03-31 00:00:00,1,0,2024-07-20 23:14:20,0,2024-07-20 23:14:20,,,
2024-03,上海市,135.17,,376.57,,109,2024-03-31 00:00:00,1,0,2024-07-20 23:14:20,0,2024-07-20 23:14:20,,,
2024-03,黑龙江省,87.45,,249.78,,110,2024-03-31 00:00:00,1,0,2024-07-20 23:14:20,0,2024-07-20 23:14:20,,,
2024-03,吉林省,117.13,,343.52,,111,2024-03-31 00:00:00,1,0,2024-07-20 23:14:20,0,2024-07-20 23:14:20,,,
2024-03,辽宁省,609.59,,1776.21,,112,2024-03-31 00:00:00,1,0,2024-07-20 23:14:20,0,2024-07-20 23:14:20,,,
2024-03,内蒙古区,266.42,,802.53,,113,2024-03-31 00:00:00,1,0,2024-07-20 23:14:20,0,2024-07-20 23:14:20,,,
2024-03,山西省,494.55,,1458.41,,114,2024-03-31 00:00:00,1,0,2024-07-20 23:14:20,0,2024-07-20 23:14:20,,,
2024-03,河北省,1909.41,,5544.23,,115,2024-03-31 00:00:00,1,0,2024-07-20 23:14:20,0,2024-07-20 23:14:20,,,
2024-03,天津市,151.12,,461.90,,116,2024-03-31 00:00:00,1,0,2024-07-20 23:14:20,0,2024-07-20 23:14:20,,,
2024-02,全国,,,16796.20,1.60,117,2024-02-29 00:00:00,1,0,2024-07-20 23:14:20,0,2024-07-20 23:14:20,,,
2024-02,新疆区,,,159.37,,118,2024-02-29 00:00:00,1,0,2024-07-20 23:14:20,0,2024-07-20 23:14:20,,,
2024-02,宁夏区,,,79.15,,119,2024-02-29 00:00:00,1,0,2024-07-20 23:14:20,0,2024-07-20 23:14:20,,,
2024-02,青海省,,,16.48,,120,2024-02-29 00:00:00,1,0,2024-07-20 23:14:20,0,2024-07-20 23:14:20,,,
2024-02,甘肃省,,,207.81,,121,2024-02-29 00:00:00,1,0,2024-07-20 23:14:23,0,2024-07-20 23:14:23,,,
2024-02,陕西省,,,159.25,,122,2024-02-29 00:00:00,1,0,2024-07-20 23:14:23,0,2024-07-20 23:14:23,,,
2024-02,云南省,,,340.23,,123,2024-02-29 00:00:00,1,0,2024-07-20 23:14:23,0,2024-07-20 23:14:23,,,
2024-02,贵州省,,,70.41,,124,2024-02-29 00:00:00,1,0,2024-07-20 23:14:23,0,2024-07-20 23:14:23,,,
2024-02,四川省,,,412.21,,125,2024-02-29 00:00:00,1,0,2024-07-20 23:14:23,0,2024-07-20 23:14:23,,,
2024-02,重庆市,,,169.95,,126,2024-02-29 00:00:00,1,0,2024-07-20 23:14:23,0,2024-07-20 23:14:23,,,
2024-02,广西区,,,712.81,,127,2024-02-29 00:00:00,1,0,2024-07-20 23:14:23,0,2024-07-20 23:14:23,,,
2024-02,广东省,,,622.72,,128,2024-02-29 00:00:00,1,0,2024-07-20 23:14:23,0,2024-07-20 23:14:23,,,
2024-02,湖南省,,,401.05,,129,2024-02-29 00:00:00,1,0,2024-07-20 23:14:23,0,2024-07-20 23:14:23,,,
2024-02,湖北省,,,591.04,,130,2024-02-29 00:00:00,1,0,2024-07-20 23:14:23,0,2024-07-20 23:14:23,,,
2024-02,河南省,,,490.37,,131,2024-02-29 00:00:00,1,0,2024-07-20 23:14:23,0,2024-07-20 23:14:23,,,
2024-02,山东省,,,1214.79,,132,2024-02-29 00:00:00,1,0,2024-07-20 23:14:23,0,2024-07-20 23:14:23,,,
2024-02,江西省,,,438.63,,133,2024-02-29 00:00:00,1,0,2024-07-20 23:14:23,0,2024-07-20 23:14:23,,,
2024-02,福建省,,,568.53,,134,2024-02-29 00:00:00,1,0,2024-07-20 23:14:23,0,2024-07-20 23:14:23,,,
2024-02,安徽省,,,614.36,,135,2024-02-29 00:00:00,1,0,2024-07-20 23:14:23,0,2024-07-20 23:14:23,,,
2024-02,浙江省,,,220.41,,136,2024-02-29 00:00:00,1,0,2024-07-20 23:14:23,0,2024-07-20 23:14:23,,,
2024-02,江苏省,,,2061.50,,137,2024-02-29 00:00:00,1,0,2024-07-20 23:14:23,0,2024-07-20 23:14:23,,,
2024-02,上海市,,,241.39,,138,2024-02-29 00:00:00,1,0,2024-07-20 23:14:23,0,2024-07-20 23:14:23,,,
2024-02,黑龙江省,,,162.33,,139,2024-02-29 00:00:00,1,0,2024-07-20 23:14:23,0,2024-07-20 23:14:23,,,
2024-02,吉林省,,,226.39,,140,2024-02-29 00:00:00,1,0,2024-07-20 23:14:23,0,2024-07-20 23:14:23,,,
2024-02,辽宁省,,,1166.62,,141,2024-02-29 00:00:00,1,0,2024-07-20 23:14:23,0,2024-07-20 23:14:23,,,
2024-02,内蒙古区,,,536.11,,142,2024-02-29 00:00:00,1,0,2024-07-20 23:14:23,0,2024-07-20 23:14:23,,,
2024-02,山西省,,,966.66,,143,2024-02-29 00:00:00,1,0,2024-07-20 23:14:23,0,2024-07-20 23:14:23,,,
2024-02,河北省,,,3634.82,,144,2024-02-29 00:00:00,1,0,2024-07-20 23:14:23,0,2024-07-20 23:14:23,,,
2024-02,天津市,,,310.78,,145,2024-02-29 00:00:00,1,0,2024-07-20 23:14:23,0,2024-07-20 23:14:23,,,
2023-12,新疆区,58.17,,1246.85,,146,2023-12-31 00:00:00,1,0,2024-07-20 23:14:23,0,2024-07-20 23:14:23,,,
2023-12,宁夏区,39.43,,596.22,,147,2023-12-31 00:00:00,1,0,2024-07-20 23:14:23,0,2024-07-20 23:14:23,,,
2023-12,青海省,8.96,,73.84,,148,2023-12-31 00:00:00,1,0,2024-07-20 23:14:23,0,2024-07-20 23:14:23,,,
2023-12,甘肃省,75.96,,1108.86,,149,2023-12-31 00:00:00,1,0,2024-07-20 23:14:23,0,2024-07-20 23:14:23,,,
2023-12,陕西省,82.38,,1426.55,,150,2023-12-31 00:00:00,1,0,2024-07-20 23:14:23,0,2024-07-20 23:14:23,,,
2023-12,云南省,192.61,,2309.61,,151,2023-12-31 00:00:00,1,0,2024-07-20 23:14:25,0,2024-07-20 23:14:25,,,
2023-12,贵州省,46.19,,443.55,,152,2023-12-31 00:00:00,1,0,2024-07-20 23:14:25,0,2024-07-20 23:14:25,,,
2023-12,四川省,201.40,,2688.79,,153,2023-12-31 00:00:00,1,0,2024-07-20 23:14:25,0,2024-07-20 23:14:25,,,
2023-12,重庆市,63.01,,889.68,,154,2023-12-31 00:00:00,1,0,2024-07-20 23:14:25,0,2024-07-20 23:14:25,,,
2023-12,广西区,197.30,,3816.57,,155,2023-12-31 00:00:00,1,0,2024-07-20 23:14:25,0,2024-07-20 23:14:25,,,
2023-12,广东省,308.52,,3692.14,,156,2023-12-31 00:00:00,1,0,2024-07-20 23:14:25,0,2024-07-20 23:14:25,,,
2023-12,湖南省,180.61,,2415.55,,157,2023-12-31 00:00:00,1,0,2024-07-20 23:14:25,0,2024-07-20 23:14:25,,,
2023-12,湖北省,297.16,,3640.91,,158,2023-12-31 00:00:00,1,0,2024-07-20 23:14:25,0,2024-07-20 23:14:25,,,
2023-12,河南省,172.72,,3262.36,,159,2023-12-31 00:00:00,1,0,2024-07-20 23:14:25,0,2024-07-20 23:14:25,,,
2023-12,山东省,546.77,,7455.90,,160,2023-12-31 00:00:00,1,0,2024-07-20 23:14:25,0,2024-07-20 23:14:25,,,
2023-12,江西省,179.63,,2658.50,,161,2023-12-31 00:00:00,1,0,2024-07-20 23:14:25,0,2024-07-20 23:14:25,,,
2023-12,福建省,321.66,,3405.54,,162,2023-12-31 00:00:00,1,0,2024-07-20 23:14:25,0,2024-07-20 23:14:25,,,
2023-12,安徽省,303.84,,3891.46,,163,2023-12-31 00:00:00,1,0,2024-07-20 23:14:25,0,2024-07-20 23:14:25,,,
2023-12,浙江省,128.29,,1445.75,,164,2023-12-31 00:00:00,1,0,2024-07-20 23:14:25,0,2024-07-20 23:14:25,,,
2023-12,江苏省,617.25,,11859.15,,165,2023-12-31 00:00:00,1,0,2024-07-20 23:14:25,0,2024-07-20 23:14:25,,,
2023-12,上海市,107.74,,1573.33,,166,2023-12-31 00:00:00,1,0,2024-07-20 23:14:25,0,2024-07-20 23:14:25,,,
2023-12,黑龙江省,82.91,,956.35,,167,2023-12-31 00:00:00,1,0,2024-07-20 23:14:25,0,2024-07-20 23:14:25,,,
2023-12,吉林省,142.01,,1452.50,,168,2023-12-31 00:00:00,1,0,2024-07-20 23:14:25,0,2024-07-20 23:14:25,,,
2023-12,辽宁省,581.49,,7344.09,,169,2023-12-31 00:00:00,1,0,2024-07-20 23:14:25,0,2024-07-20 23:14:25,,,
2023-12,内蒙古区,291.06,,3266.93,,170,2023-12-31 00:00:00,1,0,2024-07-20 23:14:25,0,2024-07-20 23:14:25,,,
2023-12,山西省,373.53,,6292.02,,171,2023-12-31 00:00:00,1,0,2024-07-20 23:14:25,0,2024-07-20 23:14:25,,,
2023-12,河北省,1071.39,,21050.63,,172,2023-12-31 00:00:00,1,0,2024-07-20 23:14:25,0,2024-07-20 23:14:25,,,
2023-12,天津市,72.41,,1644.48,,173,2023-12-31 00:00:00,1,0,2024-07-20 23:14:25,0,2024-07-20 23:14:25,,,
2023-12,全国,6744.40,-14.90,101908.10,0.00,174,2023-12-31 00:00:00,1,0,2024-07-20 23:14:25,0,2024-07-20 23:14:25,,,
2023-11,新疆区,75.23,,1188.68,,175,2023-11-30 00:00:00,1,0,2024-07-20 23:14:25,0,2024-07-20 23:14:25,,,
2023-11,宁夏区,46.59,,556.80,,176,2023-11-30 00:00:00,1,0,2024-07-20 23:14:25,0,2024-07-20 23:14:25,,,
2023-11,青海省,8.44,,64.88,,177,2023-11-30 00:00:00,1,0,2024-07-20 23:14:25,0,2024-07-20 23:14:25,,,
2023-11,甘肃省,84.25,,1032.90,,178,2023-11-30 00:00:00,1,0,2024-07-20 23:14:25,0,2024-07-20 23:14:25,,,
2023-11,陕西省,126.16,,1344.17,,179,2023-11-30 00:00:00,1,0,2024-07-20 23:14:25,0,2024-07-20 23:14:25,,,
2023-11,云南省,215.35,,2117.00,,180,2023-11-30 00:00:00,1,0,2024-07-20 23:14:25,0,2024-07-20 23:14:25,,,
2023-11,贵州省,44.59,,397.36,,181,2023-11-30 00:00:00,1,0,2024-07-20 23:14:28,0,2024-07-20 23:14:28,,,
2023-11,四川省,206.02,,2487.39,,182,2023-11-30 00:00:00,1,0,2024-07-20 23:14:28,0,2024-07-20 23:14:28,,,
2023-11,重庆市,21.23,,826.66,,183,2023-11-30 00:00:00,1,0,2024-07-20 23:14:28,0,2024-07-20 23:14:28,,,
2023-11,广西区,349.64,,3790.95,,184,2023-11-30 00:00:00,1,0,2024-07-20 23:14:28,0,2024-07-20 23:14:28,,,
2023-11,广东省,325.75,,3383.62,,185,2023-11-30 00:00:00,1,0,2024-07-20 23:14:28,0,2024-07-20 23:14:28,,,
2023-11,湖南省,171.00,,2234.94,,186,2023-11-30 00:00:00,1,0,2024-07-20 23:14:28,0,2024-07-20 23:14:28,,,
2023-11,湖北省,302.71,,3343.74,,187,2023-11-30 00:00:00,1,0,2024-07-20 23:14:28,0,2024-07-20 23:14:28,,,
2023-11,河南省,191.04,,2994.88,,188,2023-11-30 00:00:00,1,0,2024-07-20 23:14:28,0,2024-07-20 23:14:28,,,
2023-11,山东省,572.42,,6909.13,,189,2023-11-30 00:00:00,1,0,2024-07-20 23:14:28,0,2024-07-20 23:14:28,,,
2023-11,江西省,219.62,,2478.87,,190,2023-11-30 00:00:00,1,0,2024-07-20 23:14:28,0,2024-07-20 23:14:28,,,
2023-11,福建省,289.45,,3057.20,,191,2023-11-30 00:00:00,1,0,2024-07-20 23:14:28,0,2024-07-20 23:14:28,,,
2023-11,安徽省,316.15,,3587.63,,192,2023-11-30 00:00:00,1,0,2024-07-20 23:14:28,0,2024-07-20 23:14:28,,,
2023-11,浙江省,129.51,,1317.46,,193,2023-11-30 00:00:00,1,0,2024-07-20 23:14:28,0,2024-07-20 23:14:28,,,
2023-11,江苏省,837.22,,11241.91,,194,2023-11-30 00:00:00,1,0,2024-07-20 23:14:28,0,2024-07-20 23:14:28,,,
2023-11,上海市,133.64,,1465.59,,195,2023-11-30 00:00:00,1,0,2024-07-20 23:14:28,0,2024-07-20 23:14:28,,,
2023-11,黑龙江省,80.07,,873.44,,196,2023-11-30 00:00:00,1,0,2024-07-20 23:14:28,0,2024-07-20 23:14:28,,,
2023-11,吉林省,127.41,,1310.49,,197,2023-11-30 00:00:00,1,0,2024-07-20 23:14:28,0,2024-07-20 23:14:28,,,
2023-11,辽宁省,580.77,,6762.60,,198,2023-11-30 00:00:00,1,0,2024-07-20 23:14:28,0,2024-07-20 23:14:28,,,
2023-11,内蒙古区,257.01,,2975.87,,199,2023-11-30 00:00:00,1,0,2024-07-20 23:14:28,0,2024-07-20 23:14:28,,,
2023-11,山西省,414.41,,5918.49,,200,2023-11-30 00:00:00,1,0,2024-07-20 23:14:28,0,2024-07-20 23:14:28,,,
2023-11,河北省,1405.28,,19979.24,,201,2023-11-30 00:00:00,1,0,2024-07-20 23:14:28,0,2024-07-20 23:14:28,,,
2023-11,天津市,78.91,,1572.08,,202,2023-11-30 00:00:00,1,0,2024-07-20 23:14:28,0,2024-07-20 23:14:28,,,
2023-11,全国,7609.90,0.40,95214.00,1.50,203,2023-11-30 00:00:00,1,0,2024-07-20 23:14:28,0,2024-07-20 23:14:28,,,
2023-10,全国,7909.20,-1.80,87469.50,1.40,204,2023-10-31 00:00:00,1,0,2024-07-20 23:14:28,0,2024-07-20 23:14:28,,,
2023-10,新疆区,103.66,,1113.44,,205,2023-10-31 00:00:00,1,0,2024-07-20 23:14:28,0,2024-07-20 23:14:28,,,
2023-10,宁夏区,60.68,,510.20,,206,2023-10-31 00:00:00,1,0,2024-07-20 23:14:28,0,2024-07-20 23:14:28,,,
2023-10,青海省,5.35,,56.45,,207,2023-10-31 00:00:00,1,0,2024-07-20 23:14:28,0,2024-07-20 23:14:28,,,
2023-10,甘肃省,85.75,,948.65,,208,2023-10-31 00:00:00,1,0,2024-07-20 23:14:28,0,2024-07-20 23:14:28,,,
2023-10,陕西省,127.23,,1218.01,,209,2023-10-31 00:00:00,1,0,2024-07-20 23:14:28,0,2024-07-20 23:14:28,,,
2023-10,云南省,214.39,,1901.65,,210,2023-10-31 00:00:00,1,0,2024-07-20 23:14:28,0,2024-07-20 23:14:28,,,
2023-10,贵州省,44.75,,352.77,,211,2023-10-31 00:00:00,1,0,2024-07-20 23:14:32,0,2024-07-20 23:14:32,,,
2023-10,四川省,220.03,,2281.38,,212,2023-10-31 00:00:00,1,0,2024-07-20 23:14:32,0,2024-07-20 23:14:32,,,
2023-10,重庆市,21.71,,805.44,,213,2023-10-31 00:00:00,1,0,2024-07-20 23:14:32,0,2024-07-20 23:14:32,,,
2023-10,广西区,365.23,,3441.31,,214,2023-10-31 00:00:00,1,0,2024-07-20 23:14:32,0,2024-07-20 23:14:32,,,
2023-10,广东省,318.20,,3057.87,,215,2023-10-31 00:00:00,1,0,2024-07-20 23:14:32,0,2024-07-20 23:14:32,,,
2023-10,湖南省,173.09,,2063.94,,216,2023-10-31 00:00:00,1,0,2024-07-20 23:14:32,0,2024-07-20 23:14:32,,,
2023-10,湖北省,315.57,,3041.03,,217,2023-10-31 00:00:00,1,0,2024-07-20 23:14:32,0,2024-07-20 23:14:32,,,
2023-10,河南省,153.34,,2803.85,,218,2023-10-31 00:00:00,1,0,2024-07-20 23:14:32,0,2024-07-20 23:14:32,,,
2023-10,山东省,619.57,,6336.71,,219,2023-10-31 00:00:00,1,0,2024-07-20 23:14:32,0,2024-07-20 23:14:32,,,
2023-10,江西省,215.39,,2259.25,,220,2023-10-31 00:00:00,1,0,2024-07-20 23:14:32,0,2024-07-20 23:14:32,,,
2023-10,福建省,267.92,,2717.82,,221,2023-10-31 00:00:00,1,0,2024-07-20 23:14:32,0,2024-07-20 23:14:32,,,
2023-10,安徽省,337.36,,3271.48,,222,2023-10-31 00:00:00,1,0,2024-07-20 23:14:32,0,2024-07-20 23:14:32,,,
2023-10,浙江省,107.40,,1187.96,,223,2023-10-31 00:00:00,1,0,2024-07-20 23:14:32,0,2024-07-20 23:14:32,,,
2023-10,江苏省,890.84,,10339.58,,224,2023-10-31 00:00:00,1,0,2024-07-20 23:14:32,0,2024-07-20 23:14:32,,,
2023-10,上海市,134.16,,1331.94,,225,2023-10-31 00:00:00,1,0,2024-07-20 23:14:32,0,2024-07-20 23:14:32,,,
2023-10,黑龙江省,75.75,,793.37,,226,2023-10-31 00:00:00,1,0,2024-07-20 23:14:32,0,2024-07-20 23:14:32,,,
2023-10,吉林省,113.37,,1183.09,,227,2023-10-31 00:00:00,1,0,2024-07-20 23:14:32,0,2024-07-20 23:14:32,,,
2023-10,辽宁省,610.34,,6181.83,,228,2023-10-31 00:00:00,1,0,2024-07-20 23:14:32,0,2024-07-20 23:14:32,,,
2023-10,内蒙古区,290.35,,2718.86,,229,2023-10-31 00:00:00,1,0,2024-07-20 23:14:32,0,2024-07-20 23:14:32,,,
2023-10,山西省,422.52,,5484.55,,230,2023-10-31 00:00:00,1,0,2024-07-20 23:14:32,0,2024-07-20 23:14:32,,,
2023-10,河北省,1504.25,,18573.95,,231,2023-10-31 00:00:00,1,0,2024-07-20 23:14:32,0,2024-07-20 23:14:32,,,
2023-10,天津市,110.99,,1493.17,,232,2023-10-31 00:00:00,1,0,2024-07-20 23:14:32,0,2024-07-20 23:14:32,,,
2023-09,全国,8210.80,-5.60,79507.30,1.70,233,2023-09-30 00:00:00,1,0,2024-07-20 23:14:32,0,2024-07-20 23:14:32,,,
2023-09,新疆区,99.79,,1009.78,,234,2023-09-30 00:00:00,1,0,2024-07-20 23:14:32,0,2024-07-20 23:14:32,,,
2023-09,宁夏区,59.56,,449.52,,235,2023-09-30 00:00:00,1,0,2024-07-20 23:14:32,0,2024-07-20 23:14:32,,,
2023-09,青海省,4.18,,51.10,,236,2023-09-30 00:00:00,1,0,2024-07-20 23:14:32,0,2024-07-20 23:14:32,,,
2023-09,甘肃省,89.00,,862.90,,237,2023-09-30 00:00:00,1,0,2024-07-20 23:14:32,0,2024-07-20 23:14:32,,,
2023-09,陕西省,125.42,,1090.79,,238,2023-09-30 00:00:00,1,0,2024-07-20 23:14:32,0,2024-07-20 23:14:32,,,
2023-09,云南省,209.11,,1687.26,,239,2023-09-30 00:00:00,1,0,2024-07-20 23:14:32,0,2024-07-20 23:14:32,,,
2023-09,贵州省,42.43,,308.02,,240,2023-09-30 00:00:00,1,0,2024-07-20 23:14:32,0,2024-07-20 23:14:32,,,
2023-09,四川省,206.83,,2061.34,,241,2023-09-30 00:00:00,1,0,2024-07-20 23:14:36,0,2024-07-20 23:14:36,,,
2023-09,重庆市,24.67,,783.72,,242,2023-09-30 00:00:00,1,0,2024-07-20 23:14:36,0,2024-07-20 23:14:36,,,
2023-09,广西区,373.66,,3076.08,,243,2023-09-30 00:00:00,1,0,2024-07-20 23:14:36,0,2024-07-20 23:14:36,,,
2023-09,广东省,292.55,,2739.67,,244,2023-09-30 00:00:00,1,0,2024-07-20 23:14:36,0,2024-07-20 23:14:36,,,
2023-09,湖南省,171.43,,1890.85,,245,2023-09-30 00:00:00,1,0,2024-07-20 23:14:36,0,2024-07-20 23:14:36,,,
2023-09,湖北省,310.55,,2725.46,,246,2023-09-30 00:00:00,1,0,2024-07-20 23:14:36,0,2024-07-20 23:14:36,,,
2023-09,河南省,214.86,,2650.51,,247,2023-09-30 00:00:00,1,0,2024-07-20 23:14:36,0,2024-07-20 23:14:36,,,
2023-09,山东省,619.54,,5717.15,,248,2023-09-30 00:00:00,1,0,2024-07-20 23:14:36,0,2024-07-20 23:14:36,,,
2023-09,江西省,222.40,,2043.86,,249,2023-09-30 00:00:00,1,0,2024-07-20 23:14:36,0,2024-07-20 23:14:36,,,
2023-09,福建省,244.31,,2396.80,,250,2023-09-30 00:00:00,1,0,2024-07-20 23:14:36,0,2024-07-20 23:14:36,,,
2023-09,安徽省,329.93,,2934.11,,251,2023-09-30 00:00:00,1,0,2024-07-20 23:14:36,0,2024-07-20 23:14:36,,,
2023-09,浙江省,112.01,,1080.56,,252,2023-09-30 00:00:00,1,0,2024-07-20 23:14:36,0,2024-07-20 23:14:36,,,
2023-09,江苏省,936.07,,9448.74,,253,2023-09-30 00:00:00,1,0,2024-07-20 23:14:36,0,2024-07-20 23:14:36,,,
2023-09,上海市,132.41,,1197.79,,254,2023-09-30 00:00:00,1,0,2024-07-20 23:14:36,0,2024-07-20 23:14:36,,,
2023-09,黑龙江省,76.54,,717.62,,255,2023-09-30 00:00:00,1,0,2024-07-20 23:14:36,0,2024-07-20 23:14:36,,,
2023-09,吉林省,145.48,,1069.72,,256,2023-09-30 00:00:00,1,0,2024-07-20 23:14:36,0,2024-07-20 23:14:36,,,
2023-09,辽宁省,583.58,,5571.49,,257,2023-09-30 00:00:00,1,0,2024-07-20 23:14:36,0,2024-07-20 23:14:36,,,
2023-09,内蒙古区,288.47,,2428.51,,258,2023-09-30 00:00:00,1,0,2024-07-20 23:14:36,0,2024-07-20 23:14:36,,,
2023-09,山西省,469.26,,5062.03,,259,2023-09-30 00:00:00,1,0,2024-07-20 23:14:36,0,2024-07-20 23:14:36,,,
2023-09,河北省,1679.22,,17069.71,,260,2023-09-30 00:00:00,1,0,2024-07-20 23:14:36,0,2024-07-20 23:14:36,,,
2023-09,天津市,147.49,,1382.18,,261,2023-09-30 00:00:00,1,0,2024-07-20 23:14:36,0,2024-07-20 23:14:36,,,
2023-08,全国,8641.30,3.20,71292.70,2.60,262,2023-08-31 00:00:00,1,0,2024-07-20 23:14:36,0,2024-07-20 23:14:36,,,
2023-08,新疆区,113.75,,909.99,,263,2023-08-31 00:00:00,1,0,2024-07-20 23:14:36,0,2024-07-20 23:14:36,,,
2023-08,宁夏区,56.65,,389.97,,264,2023-08-31 00:00:00,1,0,2024-07-20 23:14:36,0,2024-07-20 23:14:36,,,
2023-08,青海省,2.48,,46.92,,265,2023-08-31 00:00:00,1,0,2024-07-20 23:14:36,0,2024-07-20 23:14:36,,,
2023-08,甘肃省,91.32,,773.90,,266,2023-08-31 00:00:00,1,0,2024-07-20 23:14:36,0,2024-07-20 23:14:36,,,
2023-08,陕西省,124.87,,965.37,,267,2023-08-31 00:00:00,1,0,2024-07-20 23:14:36,0,2024-07-20 23:14:36,,,
2023-08,云南省,219.63,,1478.14,,268,2023-08-31 00:00:00,1,0,2024-07-20 23:14:36,0,2024-07-20 23:14:36,,,
2023-08,贵州省,43.25,,265.59,,269,2023-08-31 00:00:00,1,0,2024-07-20 23:14:36,0,2024-07-20 23:14:36,,,
2023-08,四川省,190.30,,1854.52,,270,2023-08-31 00:00:00,1,0,2024-07-20 23:14:36,0,2024-07-20 23:14:36,,,
2023-08,重庆市,23.84,,759.06,,271,2023-08-31 00:00:00,1,0,2024-07-20 23:14:38,0,2024-07-20 23:14:38,,,
2023-08,广西区,356.14,,2702.42,,272,2023-08-31 00:00:00,1,0,2024-07-20 23:14:38,0,2024-07-20 23:14:38,,,
2023-08,广东省,313.54,,2447.12,,273,2023-08-31 00:00:00,1,0,2024-07-20 23:14:38,0,2024-07-20 23:14:38,,,
2023-08,湖南省,183.77,,1719.42,,274,2023-08-31 00:00:00,1,0,2024-07-20 23:14:38,0,2024-07-20 23:14:38,,,
2023-08,湖北省,288.84,,2411.14,,275,2023-08-31 00:00:00,1,0,2024-07-20 23:14:38,0,2024-07-20 23:14:38,,,
2023-08,河南省,249.55,,2435.64,,276,2023-08-31 00:00:00,1,0,2024-07-20 23:14:38,0,2024-07-20 23:14:38,,,
2023-08,山东省,649.64,,5097.61,,277,2023-08-31 00:00:00,1,0,2024-07-20 23:14:38,0,2024-07-20 23:14:38,,,
2023-08,江西省,234.32,,1821.46,,278,2023-08-31 00:00:00,1,0,2024-07-20 23:14:38,0,2024-07-20 23:14:38,,,
2023-08,福建省,264.38,,2152.48,,279,2023-08-31 00:00:00,1,0,2024-07-20 23:14:38,0,2024-07-20 23:14:38,,,
2023-08,安徽省,325.99,,2604.18,,280,2023-08-31 00:00:00,1,0,2024-07-20 23:14:38,0,2024-07-20 23:14:38,,,
2023-08,浙江省,119.31,,968.55,,281,2023-08-31 00:00:00,1,0,2024-07-20 23:14:38,0,2024-07-20 23:14:38,,,
2023-08,江苏省,1062.25,,8512.67,,282,2023-08-31 00:00:00,1,0,2024-07-20 23:14:38,0,2024-07-20 23:14:38,,,
2023-08,上海市,136.91,,1065.38,,283,2023-08-31 00:00:00,1,0,2024-07-20 23:14:38,0,2024-07-20 23:14:38,,,
2023-08,黑龙江省,82.47,,641.09,,284,2023-08-31 00:00:00,1,0,2024-07-20 23:14:38,0,2024-07-20 23:14:38,,,
2023-08,吉林省,144.41,,924.24,,285,2023-08-31 00:00:00,1,0,2024-07-20 23:14:38,0,2024-07-20 23:14:38,,,
2023-08,辽宁省,568.75,,4987.91,,286,2023-08-31 00:00:00,1,0,2024-07-20 23:14:38,0,2024-07-20 23:14:38,,,
2023-08,内蒙古区,286.13,,2140.05,,287,2023-08-31 00:00:00,1,0,2024-07-20 23:14:38,0,2024-07-20 23:14:38,,,
2023-08,山西省,538.87,,4592.77,,288,2023-08-31 00:00:00,1,0,2024-07-20 23:14:38,0,2024-07-20 23:14:38,,,
2023-08,河北省,1814.40,,15390.48,,289,2023-08-31 00:00:00,1,0,2024-07-20 23:14:38,0,2024-07-20 23:14:38,,,
2023-08,天津市,155.56,,1234.69,,290,2023-08-31 00:00:00,1,0,2024-07-20 23:14:38,0,2024-07-20 23:14:38,,,
2023-07,全国,9079.70,11.50,62651.40,2.50,291,2023-07-31 00:00:00,1,0,2024-07-20 23:14:38,0,2024-07-20 23:14:38,,,
2023-07,新疆区,130.09,,796.23,,292,2023-07-31 00:00:00,1,0,2024-07-20 23:14:38,0,2024-07-20 23:14:38,,,
2023-07,宁夏区,63.12,,333.32,,293,2023-07-31 00:00:00,1,0,2024-07-20 23:14:38,0,2024-07-20 23:14:38,,,
2023-07,青海省,3.56,,44.44,,294,2023-07-31 00:00:00,1,0,2024-07-20 23:14:38,0,2024-07-20 23:14:38,,,
2023-07,甘肃省,93.07,,682.58,,295,2023-07-31 00:00:00,1,0,2024-07-20 23:14:38,0,2024-07-20 23:14:38,,,
2023-07,陕西省,125.89,,840.50,,296,2023-07-31 00:00:00,1,0,2024-07-20 23:14:38,0,2024-07-20 23:14:38,,,
2023-07,云南省,187.81,,1258.51,,297,2023-07-31 00:00:00,1,0,2024-07-20 23:14:38,0,2024-07-20 23:14:38,,,
2023-07,贵州省,43.13,,222.34,,298,2023-07-31 00:00:00,1,0,2024-07-20 23:14:38,0,2024-07-20 23:14:38,,,
2023-07,四川省,214.24,,1664.22,,299,2023-07-31 00:00:00,1,0,2024-07-20 23:14:38,0,2024-07-20 23:14:38,,,
2023-07,重庆市,96.67,,735.22,,300,2023-07-31 00:00:00,1,0,2024-07-20 23:14:38,0,2024-07-20 23:14:38,,,
2023-07,广西区,359.00,,2346.28,,301,2023-07-31 00:00:00,1,0,2024-07-20 23:14:42,0,2024-07-20 23:14:42,,,
2023-07,广东省,306.85,,2133.58,,302,2023-07-31 00:00:00,1,0,2024-07-20 23:14:42,0,2024-07-20 23:14:42,,,
2023-07,湖南省,214.76,,1535.65,,303,2023-07-31 00:00:00,1,0,2024-07-20 23:14:42,0,2024-07-20 23:14:42,,,
2023-07,湖北省,282.64,,2122.31,,304,2023-07-31 00:00:00,1,0,2024-07-20 23:14:42,0,2024-07-20 23:14:42,,,
2023-07,河南省,314.58,,2186.09,,305,2023-07-31 00:00:00,1,0,2024-07-20 23:14:42,0,2024-07-20 23:14:42,,,
2023-07,山东省,666.06,,4447.97,,306,2023-07-31 00:00:00,1,0,2024-07-20 23:14:42,0,2024-07-20 23:14:42,,,
2023-07,江西省,227.29,,1587.15,,307,2023-07-31 00:00:00,1,0,2024-07-20 23:14:42,0,2024-07-20 23:14:42,,,
2023-07,福建省,239.86,,1888.10,,308,2023-07-31 00:00:00,1,0,2024-07-20 23:14:42,0,2024-07-20 23:14:42,,,
2023-07,安徽省,348.52,,2278.19,,309,2023-07-31 00:00:00,1,0,2024-07-20 23:14:42,0,2024-07-20 23:14:42,,,
2023-07,浙江省,119.79,,849.23,,310,2023-07-31 00:00:00,1,0,2024-07-20 23:14:42,0,2024-07-20 23:14:42,,,
2023-07,江苏省,1125.07,,7450.42,,311,2023-07-31 00:00:00,1,0,2024-07-20 23:14:42,0,2024-07-20 23:14:42,,,
2023-07,上海市,141.56,,928.47,,312,2023-07-31 00:00:00,1,0,2024-07-20 23:14:42,0,2024-07-20 23:14:42,,,
2023-07,黑龙江省,85.99,,558.62,,313,2023-07-31 00:00:00,1,0,2024-07-20 23:14:42,0,2024-07-20 23:14:42,,,
2023-07,吉林省,126.16,,779.83,,314,2023-07-31 00:00:00,1,0,2024-07-20 23:14:42,0,2024-07-20 23:14:42,,,
2023-07,辽宁省,566.35,,4419.16,,315,2023-07-31 00:00:00,1,0,2024-07-20 23:14:42,0,2024-07-20 23:14:42,,,
2023-07,内蒙古区,283.17,,1853.92,,316,2023-07-31 00:00:00,1,0,2024-07-20 23:14:42,0,2024-07-20 23:14:42,,,
2023-07,山西省,603.04,,4053.90,,317,2023-07-31 00:00:00,1,0,2024-07-20 23:14:42,0,2024-07-20 23:14:42,,,
2023-07,河北省,1951.76,,13576.09,,318,2023-07-31 00:00:00,1,0,2024-07-20 23:14:42,0,2024-07-20 23:14:42,,,
2023-07,天津市,159.71,,1079.14,,319,2023-07-31 00:00:00,1,0,2024-07-20 23:14:42,0,2024-07-20 23:14:42,,,
2023-06,全国,9111.00,0.40,53564.10,1.30,320,2023-06-30 00:00:00,1,0,2024-07-20 23:14:42,0,2024-07-20 23:14:42,,,
2023-06,新疆区,134.18,,666.15,,321,2023-06-30 00:00:00,1,0,2024-07-20 23:14:42,0,2024-07-20 23:14:42,,,
2023-06,宁夏区,59.27,,270.19,,322,2023-06-30 00:00:00,1,0,2024-07-20 23:14:42,0,2024-07-20 23:14:42,,,
2023-06,青海省,4.57,,40.88,,323,2023-06-30 00:00:00,1,0,2024-07-20 23:14:42,0,2024-07-20 23:14:42,,,
2023-06,甘肃省,91.57,,589.51,,324,2023-06-30 00:00:00,1,0,2024-07-20 23:14:42,0,2024-07-20 23:14:42,,,
2023-06,陕西省,134.24,,714.61,,325,2023-06-30 00:00:00,1,0,2024-07-20 23:14:42,0,2024-07-20 23:14:42,,,
2023-06,云南省,187.51,,1070.70,,326,2023-06-30 00:00:00,1,0,2024-07-20 23:14:42,0,2024-07-20 23:14:42,,,
2023-06,贵州省,33.11,,179.22,,327,2023-06-30 00:00:00,1,0,2024-07-20 23:14:42,0,2024-07-20 23:14:42,,,
2023-06,四川省,234.40,,1449.98,,328,2023-06-30 00:00:00,1,0,2024-07-20 23:14:42,0,2024-07-20 23:14:42,,,
2023-06,重庆市,103.39,,638.54,,329,2023-06-30 00:00:00,1,0,2024-07-20 23:14:42,0,2024-07-20 23:14:42,,,
2023-06,广西区,337.78,,1987.27,,330,2023-06-30 00:00:00,1,0,2024-07-20 23:14:42,0,2024-07-20 23:14:42,,,
2023-06,广东省,300.01,,1826.74,,331,2023-06-30 00:00:00,1,0,2024-07-20 23:14:45,0,2024-07-20 23:14:45,,,
2023-06,湖南省,222.29,,1320.89,,332,2023-06-30 00:00:00,1,0,2024-07-20 23:14:45,0,2024-07-20 23:14:45,,,
2023-06,湖北省,338.16,,1839.67,,333,2023-06-30 00:00:00,1,0,2024-07-20 23:14:45,0,2024-07-20 23:14:45,,,
2023-06,河南省,339.02,,1873.17,,334,2023-06-30 00:00:00,1,0,2024-07-20 23:14:45,0,2024-07-20 23:14:45,,,
2023-06,山东省,615.34,,3781.91,,335,2023-06-30 00:00:00,1,0,2024-07-20 23:14:45,0,2024-07-20 23:14:45,,,
2023-06,江西省,237.86,,1359.86,,336,2023-06-30 00:00:00,1,0,2024-07-20 23:14:45,0,2024-07-20 23:14:45,,,
2023-06,福建省,244.12,,1648.24,,337,2023-06-30 00:00:00,1,0,2024-07-20 23:14:45,0,2024-07-20 23:14:45,,,
2023-06,安徽省,326.85,,1929.67,,338,2023-06-30 00:00:00,1,0,2024-07-20 23:14:45,0,2024-07-20 23:14:45,,,
2023-06,浙江省,124.16,,729.44,,339,2023-06-30 00:00:00,1,0,2024-07-20 23:14:45,0,2024-07-20 23:14:45,,,
2023-06,江苏省,1049.46,,6325.34,,340,2023-06-30 00:00:00,1,0,2024-07-20 23:14:45,0,2024-07-20 23:14:45,,,
2023-06,上海市,131.80,,786.92,,341,2023-06-30 00:00:00,1,0,2024-07-20 23:14:45,0,2024-07-20 23:14:45,,,
2023-06,黑龙江省,86.63,,472.63,,342,2023-06-30 00:00:00,1,0,2024-07-20 23:14:45,0,2024-07-20 23:14:45,,,
2023-06,吉林省,119.57,,653.66,,343,2023-06-30 00:00:00,1,0,2024-07-20 23:14:45,0,2024-07-20 23:14:45,,,
2023-06,辽宁省,647.43,,3852.81,,344,2023-06-30 00:00:00,1,0,2024-07-20 23:14:45,0,2024-07-20 23:14:45,,,
2023-06,内蒙古区,256.63,,1561.50,,345,2023-06-30 00:00:00,1,0,2024-07-20 23:14:45,0,2024-07-20 23:14:45,,,
2023-06,山西省,600.57,,3450.86,,346,2023-06-30 00:00:00,1,0,2024-07-20 23:14:45,0,2024-07-20 23:14:45,,,
2023-06,河北省,1994.73,,11624.32,,347,2023-06-30 00:00:00,1,0,2024-07-20 23:14:45,0,2024-07-20 23:14:45,,,
2023-06,天津市,156.39,,919.42,,348,2023-06-30 00:00:00,1,0,2024-07-20 23:14:45,0,2024-07-20 23:14:45,,,
2023-05,新疆区,145.28,,531.97,,349,2023-05-31 00:00:00,1,0,2024-07-20 23:14:45,0,2024-07-20 23:14:45,,,
2023-05,宁夏区,48.61,,210.93,,350,2023-05-31 00:00:00,1,0,2024-07-20 23:14:45,0,2024-07-20 23:14:45,,,
2023-05,青海省,3.43,,36.31,,351,2023-05-31 00:00:00,1,0,2024-07-20 23:14:45,0,2024-07-20 23:14:45,,,
2023-05,甘肃省,98.66,,497.94,,352,2023-05-31 00:00:00,1,0,2024-07-20 23:14:45,0,2024-07-20 23:14:45,,,
2023-05,陕西省,117.03,,580.37,,353,2023-05-31 00:00:00,1,0,2024-07-20 23:14:45,0,2024-07-20 23:14:45,,,
2023-05,云南省,192.67,,883.18,,354,2023-05-31 00:00:00,1,0,2024-07-20 23:14:45,0,2024-07-20 23:14:45,,,
2023-05,贵州省,30.57,,146.11,,355,2023-05-31 00:00:00,1,0,2024-07-20 23:14:45,0,2024-07-20 23:14:45,,,
2023-05,四川省,228.25,,1215.58,,356,2023-05-31 00:00:00,1,0,2024-07-20 23:14:45,0,2024-07-20 23:14:45,,,
2023-05,重庆市,112.62,,535.15,,357,2023-05-31 00:00:00,1,0,2024-07-20 23:14:45,0,2024-07-20 23:14:45,,,
2023-05,广西区,348.92,,1649.49,,358,2023-05-31 00:00:00,1,0,2024-07-20 23:14:45,0,2024-07-20 23:14:45,,,
2023-05,广东省,308.13,,1526.73,,359,2023-05-31 00:00:00,1,0,2024-07-20 23:14:45,0,2024-07-20 23:14:45,,,
2023-05,湖南省,221.29,,1098.60,,360,2023-05-31 00:00:00,1,0,2024-07-20 23:14:45,0,2024-07-20 23:14:45,,,
2023-05,湖北省,296.29,,1501.51,,361,2023-05-31 00:00:00,1,0,2024-07-20 23:14:49,0,2024-07-20 23:14:49,,,
2023-05,河南省,327.51,,1534.15,,362,2023-05-31 00:00:00,1,0,2024-07-20 23:14:49,0,2024-07-20 23:14:49,,,
2023-05,山东省,625.05,,3166.57,,363,2023-05-31 00:00:00,1,0,2024-07-20 23:14:49,0,2024-07-20 23:14:49,,,
2023-05,江西省,246.33,,1122.00,,364,2023-05-31 00:00:00,1,0,2024-07-20 23:14:49,0,2024-07-20 23:14:49,,,
2023-05,福建省,252.11,,1404.12,,365,2023-05-31 00:00:00,1,0,2024-07-20 23:14:49,0,2024-07-20 23:14:49,,,
2023-05,安徽省,331.10,,1602.82,,366,2023-05-31 00:00:00,1,0,2024-07-20 23:14:49,0,2024-07-20 23:14:49,,,
2023-05,浙江省,125.69,,605.28,,367,2023-05-31 00:00:00,1,0,2024-07-20 23:14:49,0,2024-07-20 23:14:49,,,
2023-05,江苏省,1077.17,,5275.88,,368,2023-05-31 00:00:00,1,0,2024-07-20 23:14:49,0,2024-07-20 23:14:49,,,
2023-05,上海市,128.08,,655.11,,369,2023-05-31 00:00:00,1,0,2024-07-20 23:14:49,0,2024-07-20 23:14:49,,,
2023-05,黑龙江省,80.75,,386.00,,370,2023-05-31 00:00:00,1,0,2024-07-20 23:14:49,0,2024-07-20 23:14:49,,,
2023-05,吉林省,109.83,,543.97,,371,2023-05-31 00:00:00,1,0,2024-07-20 23:14:49,0,2024-07-20 23:14:49,,,
2023-05,辽宁省,596.58,,3205.38,,372,2023-05-31 00:00:00,1,0,2024-07-20 23:14:49,0,2024-07-20 23:14:49,,,
2023-05,内蒙古区,277.50,,1304.87,,373,2023-05-31 00:00:00,1,0,2024-07-20 23:14:49,0,2024-07-20 23:14:49,,,
2023-05,山西省,576.65,,2850.30,,374,2023-05-31 00:00:00,1,0,2024-07-20 23:14:49,0,2024-07-20 23:14:49,,,
2023-05,河北省,1949.83,,9629.60,,375,2023-05-31 00:00:00,1,0,2024-07-20 23:14:49,0,2024-07-20 23:14:49,,,
2023-05,天津市,156.40,,763.03,,376,2023-05-31 00:00:00,1,0,2024-07-20 23:14:49,0,2024-07-20 23:14:49,,,
2023-05,全国,9012.30,-7.30,44462.90,1.60,377,2023-05-31 00:00:00,1,0,2024-07-20 23:14:49,0,2024-07-20 23:14:49,,,
2023-04,新疆区,136.44,,386.69,,378,2023-04-30 00:00:00,1,0,2024-07-20 23:14:49,0,2024-07-20 23:14:49,,,
2023-04,宁夏区,55.47,,162.32,,379,2023-04-30 00:00:00,1,0,2024-07-20 23:14:49,0,2024-07-20 23:14:49,,,
2023-04,青海省,10.50,,32.88,,380,2023-04-30 00:00:00,1,0,2024-07-20 23:14:49,0,2024-07-20 23:14:49,,,
2023-04,甘肃省,106.40,,399.28,,381,2023-04-30 00:00:00,1,0,2024-07-20 23:14:49,0,2024-07-20 23:14:49,,,
2023-04,陕西省,129.18,,463.34,,382,2023-04-30 00:00:00,1,0,2024-07-20 23:14:49,0,2024-07-20 23:14:49,,,
2023-04,云南省,178.54,,690.51,,383,2023-04-30 00:00:00,1,0,2024-07-20 23:14:49,0,2024-07-20 23:14:49,,,
2023-04,贵州省,21.57,,115.54,,384,2023-04-30 00:00:00,1,0,2024-07-20 23:14:49,0,2024-07-20 23:14:49,,,
2023-04,四川省,263.51,,987.33,,385,2023-04-30 00:00:00,1,0,2024-07-20 23:14:49,0,2024-07-20 23:14:49,,,
2023-04,重庆市,102.50,,422.53,,386,2023-04-30 00:00:00,1,0,2024-07-20 23:14:49,0,2024-07-20 23:14:49,,,
2023-04,广西区,352.76,,1300.57,,387,2023-04-30 00:00:00,1,0,2024-07-20 23:14:49,0,2024-07-20 23:14:49,,,
2023-04,广东省,310.72,,1218.59,,388,2023-04-30 00:00:00,1,0,2024-07-20 23:14:49,0,2024-07-20 23:14:49,,,
2023-04,湖南省,215.11,,877.30,,389,2023-04-30 00:00:00,1,0,2024-07-20 23:14:49,0,2024-07-20 23:14:49,,,
2023-04,湖北省,314.63,,1202.55,,390,2023-04-30 00:00:00,1,0,2024-07-20 23:14:49,0,2024-07-20 23:14:49,,,
2023-04,河南省,335.99,,1206.64,,391,2023-04-30 00:00:00,1,0,2024-07-20 23:14:51,0,2024-07-20 23:14:51,,,
2023-04,山东省,636.83,,2541.52,,392,2023-04-30 00:00:00,1,0,2024-07-20 23:14:51,0,2024-07-20 23:14:51,,,
2023-04,江西省,236.56,,875.68,,393,2023-04-30 00:00:00,1,0,2024-07-20 23:14:51,0,2024-07-20 23:14:51,,,
2023-04,福建省,244.35,,1152.01,,394,2023-04-30 00:00:00,1,0,2024-07-20 23:14:51,0,2024-07-20 23:14:51,,,
2023-04,安徽省,341.61,,1271.72,,395,2023-04-30 00:00:00,1,0,2024-07-20 23:14:51,0,2024-07-20 23:14:51,,,
2023-04,浙江省,130.38,,479.59,,396,2023-04-30 00:00:00,1,0,2024-07-20 23:14:51,0,2024-07-20 23:14:51,,,
2023-04,江苏省,1132.69,,4198.72,,397,2023-04-30 00:00:00,1,0,2024-07-20 23:14:51,0,2024-07-20 23:14:51,,,
2023-04,上海市,129.94,,527.03,,398,2023-04-30 00:00:00,1,0,2024-07-20 23:14:51,0,2024-07-20 23:14:51,,,
2023-04,黑龙江省,75.22,,305.25,,399,2023-04-30 00:00:00,1,0,2024-07-20 23:14:51,0,2024-07-20 23:14:51,,,
2023-04,吉林省,106.43,,434.13,,400,2023-04-30 00:00:00,1,0,2024-07-20 23:14:51,0,2024-07-20 23:14:51,,,
2023-04,辽宁省,629.58,,2608.80,,401,2023-04-30 00:00:00,1,0,2024-07-20 23:14:51,0,2024-07-20 23:14:51,,,
2023-04,内蒙古区,279.19,,1027.36,,402,2023-04-30 00:00:00,1,0,2024-07-20 23:14:51,0,2024-07-20 23:14:51,,,
2023-04,山西省,620.16,,2273.64,,403,2023-04-30 00:00:00,1,0,2024-07-20 23:14:51,0,2024-07-20 23:14:51,,,
2023-04,河北省,1999.83,,7670.47,,404,2023-04-30 00:00:00,1,0,2024-07-20 23:14:51,0,2024-07-20 23:14:51,,,
2023-04,天津市,167.37,,606.63,,405,2023-04-30 00:00:00,1,0,2024-07-20 23:14:51,0,2024-07-20 23:14:51,,,
2023-04,全国,9263.50,-1.50,35438.60,4.10,406,2023-04-30 00:00:00,1,0,2024-07-20 23:14:51,0,2024-07-20 23:14:51,,,
2023-03,新疆区,117.68,,250.24,,407,2023-03-31 00:00:00,1,0,2024-07-20 23:14:51,0,2024-07-20 23:14:51,,,
2023-03,宁夏区,34.57,,106.85,,408,2023-03-31 00:00:00,1,0,2024-07-20 23:14:51,0,2024-07-20 23:14:51,,,
2023-03,青海省,12.15,,22.38,,409,2023-03-31 00:00:00,1,0,2024-07-20 23:14:51,0,2024-07-20 23:14:51,,,
2023-03,甘肃省,111.44,,292.88,,410,2023-03-31 00:00:00,1,0,2024-07-20 23:14:51,0,2024-07-20 23:14:51,,,
2023-03,陕西省,137.60,,334.16,,411,2023-03-31 00:00:00,1,0,2024-07-20 23:14:51,0,2024-07-20 23:14:51,,,
2023-03,云南省,204.36,,511.97,,412,2023-03-31 00:00:00,1,0,2024-07-20 23:14:51,0,2024-07-20 23:14:51,,,
2023-03,贵州省,37.42,,93.97,,413,2023-03-31 00:00:00,1,0,2024-07-20 23:14:51,0,2024-07-20 23:14:51,,,
2023-03,四川省,275.61,,723.83,,414,2023-03-31 00:00:00,1,0,2024-07-20 23:14:51,0,2024-07-20 23:14:51,,,
2023-03,重庆市,120.48,,320.03,,415,2023-03-31 00:00:00,1,0,2024-07-20 23:14:51,0,2024-07-20 23:14:51,,,
2023-03,广西区,340.63,,947.81,,416,2023-03-31 00:00:00,1,0,2024-07-20 23:14:51,0,2024-07-20 23:14:51,,,
2023-03,广东省,342.20,,907.87,,417,2023-03-31 00:00:00,1,0,2024-07-20 23:14:51,0,2024-07-20 23:14:51,,,
2023-03,湖南省,231.93,,662.19,,418,2023-03-31 00:00:00,1,0,2024-07-20 23:14:51,0,2024-07-20 23:14:51,,,
2023-03,湖北省,348.57,,888.37,,419,2023-03-31 00:00:00,1,0,2024-07-20 23:14:51,0,2024-07-20 23:14:51,,,
2023-03,河南省,351.89,,870.65,,420,2023-03-31 00:00:00,1,0,2024-07-20 23:14:51,0,2024-07-20 23:14:51,,,
2023-03,山东省,655.45,,1904.68,,421,2023-03-31 00:00:00,1,0,2024-07-20 23:14:55,0,2024-07-20 23:14:55,,,
2023-03,江西省,217.82,,639.12,,422,2023-03-31 00:00:00,1,0,2024-07-20 23:14:55,0,2024-07-20 23:14:55,,,
2023-03,福建省,331.78,,907.66,,423,2023-03-31 00:00:00,1,0,2024-07-20 23:14:55,0,2024-07-20 23:14:55,,,
2023-03,安徽省,337.79,,930.10,,424,2023-03-31 00:00:00,1,0,2024-07-20 23:14:55,0,2024-07-20 23:14:55,,,
2023-03,浙江省,145.85,,349.21,,425,2023-03-31 00:00:00,1,0,2024-07-20 23:14:55,0,2024-07-20 23:14:55,,,
2023-03,江苏省,1124.78,,3045.99,,426,2023-03-31 00:00:00,1,0,2024-07-20 23:14:55,0,2024-07-20 23:14:55,,,
2023-03,上海市,132.29,,397.09,,427,2023-03-31 00:00:00,1,0,2024-07-20 23:14:55,0,2024-07-20 23:14:55,,,
2023-03,黑龙江省,81.13,,230.03,,428,2023-03-31 00:00:00,1,0,2024-07-20 23:14:55,0,2024-07-20 23:14:55,,,
2023-03,吉林省,114.18,,327.70,,429,2023-03-31 00:00:00,1,0,2024-07-20 23:14:55,0,2024-07-20 23:14:55,,,
2023-03,辽宁省,717.53,,1979.22,,430,2023-03-31 00:00:00,1,0,2024-07-20 23:14:55,0,2024-07-20 23:14:55,,,
2023-03,内蒙古区,276.77,,748.18,,431,2023-03-31 00:00:00,1,0,2024-07-20 23:14:55,0,2024-07-20 23:14:55,,,
2023-03,山西省,623.57,,1653.48,,432,2023-03-31 00:00:00,1,0,2024-07-20 23:14:55,0,2024-07-20 23:14:55,,,
2023-03,河北省,1986.36,,5670.65,,433,2023-03-31 00:00:00,1,0,2024-07-20 23:14:55,0,2024-07-20 23:14:55,,,
2023-03,天津市,160.74,,439.26,,434,2023-03-31 00:00:00,1,0,2024-07-20 23:14:55,0,2024-07-20 23:14:55,,,
2023-03,全国,9572.60,6.90,26155.60,6.10,435,2023-03-31 00:00:00,1,0,2024-07-20 23:14:55,0,2024-07-20 23:14:55,,,
2023-02,新疆区,,,132.56,,436,2023-02-28 00:00:00,1,0,2024-07-20 23:14:55,0,2024-07-20 23:14:55,,,
2023-02,宁夏区,,,72.28,,437,2023-02-28 00:00:00,1,0,2024-07-20 23:14:55,0,2024-07-20 23:14:55,,,
2023-02,青海省,,,10.23,,438,2023-02-28 00:00:00,1,0,2024-07-20 23:14:55,0,2024-07-20 23:14:55,,,
2023-02,甘肃省,,,181.43,,439,2023-02-28 00:00:00,1,0,2024-07-20 23:14:55,0,2024-07-20 23:14:55,,,
2023-02,陕西省,,,196.57,,440,2023-02-28 00:00:00,1,0,2024-07-20 23:14:55,0,2024-07-20 23:14:55,,,
2023-02,云南省,,,306.77,,441,2023-02-28 00:00:00,1,0,2024-07-20 23:14:55,0,2024-07-20 23:14:55,,,
2023-02,贵州省,,,56.55,,442,2023-02-28 00:00:00,1,0,2024-07-20 23:14:55,0,2024-07-20 23:14:55,,,
2023-02,四川省,,,448.22,,443,2023-02-28 00:00:00,1,0,2024-07-20 23:14:55,0,2024-07-20 23:14:55,,,
2023-02,重庆市,,,199.55,,444,2023-02-28 00:00:00,1,0,2024-07-20 23:14:55,0,2024-07-20 23:14:55,,,
2023-02,广西区,,,607.18,,445,2023-02-28 00:00:00,1,0,2024-07-20 23:14:55,0,2024-07-20 23:14:55,,,
2023-02,广东省,,,565.67,,446,2023-02-28 00:00:00,1,0,2024-07-20 23:14:55,0,2024-07-20 23:14:55,,,
2023-02,湖南省,,,430.26,,447,2023-02-28 00:00:00,1,0,2024-07-20 23:14:55,0,2024-07-20 23:14:55,,,
2023-02,湖北省,,,539.80,,448,2023-02-28 00:00:00,1,0,2024-07-20 23:14:55,0,2024-07-20 23:14:55,,,
2023-02,河南省,,,841.02,,449,2023-02-28 00:00:00,1,0,2024-07-20 23:14:55,0,2024-07-20 23:14:55,,,
2023-02,山东省,,,1249.23,,450,2023-02-28 00:00:00,1,0,2024-07-20 23:14:55,0,2024-07-20 23:14:55,,,
2023-02,江西省,,,421.30,,451,2023-02-28 00:00:00,1,0,2024-07-20 23:14:58,0,2024-07-20 23:14:58,,,
2023-02,福建省,,,575.88,,452,2023-02-28 00:00:00,1,0,2024-07-20 23:14:58,0,2024-07-20 23:14:58,,,
2023-02,安徽省,,,592.32,,453,2023-02-28 00:00:00,1,0,2024-07-20 23:14:58,0,2024-07-20 23:14:58,,,
2023-02,浙江省,,,203.37,,454,2023-02-28 00:00:00,1,0,2024-07-20 23:14:58,0,2024-07-20 23:14:58,,,
2023-02,江苏省,,,1921.21,,455,2023-02-28 00:00:00,1,0,2024-07-20 23:14:58,0,2024-07-20 23:14:58,,,
2023-02,上海市,,,264.80,,456,2023-02-28 00:00:00,1,0,2024-07-20 23:14:58,0,2024-07-20 23:14:58,,,
2023-02,黑龙江省,,,148.90,,457,2023-02-28 00:00:00,1,0,2024-07-20 23:14:58,0,2024-07-20 23:14:58,,,
2023-02,吉林省,,,213.52,,458,2023-02-28 00:00:00,1,0,2024-07-20 23:14:58,0,2024-07-20 23:14:58,,,
2023-02,辽宁省,,,1261.69,,459,2023-02-28 00:00:00,1,0,2024-07-20 23:14:58,0,2024-07-20 23:14:58,,,
2023-02,内蒙古区,,,471.41,,460,2023-02-28 00:00:00,1,0,2024-07-20 23:14:58,0,2024-07-20 23:14:58,,,
2023-02,山西省,,,1029.91,,461,2023-02-28 00:00:00,1,0,2024-07-20 23:14:58,0,2024-07-20 23:14:58,,,
2023-02,河北省,,,3649.40,,462,2023-02-28 00:00:00,1,0,2024-07-20 23:14:58,0,2024-07-20 23:14:58,,,
2023-02,天津市,,,278.52,,463,2023-02-28 00:00:00,1,0,2024-07-20 23:14:58,0,2024-07-20 23:14:58,,,
2023-02,全国,,,16869.60,5.60,464,2023-02-28 00:00:00,1,0,2024-07-20 23:14:58,0,2024-07-20 23:14:58,,,
2022-12,新疆区,51.18,,1162.78,,465,2022-12-31 00:00:00,1,0,2024-07-20 23:14:58,0,2024-07-20 23:14:58,,,
2022-12,宁夏区,34.19,,596.22,,466,2022-12-31 00:00:00,1,0,2024-07-20 23:14:58,0,2024-07-20 23:14:58,,,
2022-12,青海省,0.35,,121.28,,467,2022-12-31 00:00:00,1,0,2024-07-20 23:14:58,0,2024-07-20 23:14:58,,,
2022-12,甘肃省,56.19,,1084.89,,468,2022-12-31 00:00:00,1,0,2024-07-20 23:14:58,0,2024-07-20 23:14:58,,,
2022-12,陕西省,112.48,,1475.87,,469,2022-12-31 00:00:00,1,0,2024-07-20 23:14:58,0,2024-07-20 23:14:58,,,
2022-12,云南省,188.98,,2247.68,,470,2022-12-31 00:00:00,1,0,2024-07-20 23:14:58,0,2024-07-20 23:14:58,,,
2022-12,贵州省,48.81,,461.92,,471,2022-12-31 00:00:00,1,0,2024-07-20 23:14:58,0,2024-07-20 23:14:58,,,
2022-12,四川省,267.11,,2787.34,,472,2022-12-31 00:00:00,1,0,2024-07-20 23:14:58,0,2024-07-20 23:14:58,,,
2022-12,重庆市,92.62,,975.10,,473,2022-12-31 00:00:00,1,0,2024-07-20 23:14:58,0,2024-07-20 23:14:58,,,
2022-12,广西区,372.91,,3793.23,,474,2022-12-31 00:00:00,1,0,2024-07-20 23:14:58,0,2024-07-20 23:14:58,,,
2022-12,广东省,279.35,,3571.77,,475,2022-12-31 00:00:00,1,0,2024-07-20 23:14:58,0,2024-07-20 23:14:58,,,
2022-12,湖南省,216.83,,2612.68,,476,2022-12-31 00:00:00,1,0,2024-07-20 23:14:58,0,2024-07-20 23:14:58,,,
2022-12,湖北省,300.97,,3655.55,,477,2022-12-31 00:00:00,1,0,2024-07-20 23:14:58,0,2024-07-20 23:14:58,,,
2022-12,河南省,189.20,,3187.24,,478,2022-12-31 00:00:00,1,0,2024-07-20 23:14:58,0,2024-07-20 23:14:58,,,
2022-12,山东省,743.07,,7600.30,,479,2022-12-31 00:00:00,1,0,2024-07-20 23:14:58,0,2024-07-20 23:14:58,,,
2022-12,江西省,259.25,,2689.93,,480,2022-12-31 00:00:00,1,0,2024-07-20 23:14:58,0,2024-07-20 23:14:58,,,
2022-12,福建省,80.03,,2995.70,,481,2022-12-31 00:00:00,1,0,2024-07-20 23:15:02,0,2024-07-20 23:15:02,,,
2022-12,安徽省,267.22,,3709.17,,482,2022-12-31 00:00:00,1,0,2024-07-20 23:15:02,0,2024-07-20 23:15:02,,,
2022-12,浙江省,122.56,,1378.08,,483,2022-12-31 00:00:00,1,0,2024-07-20 23:15:02,0,2024-07-20 23:15:02,,,
2022-12,江苏省,809.17,,11611.02,,484,2022-12-31 00:00:00,1,0,2024-07-20 23:15:02,0,2024-07-20 23:15:02,,,
2022-12,上海市,145.22,,1500.82,,485,2022-12-31 00:00:00,1,0,2024-07-20 23:15:02,0,2024-07-20 23:15:02,,,
2022-12,黑龙江省,75.79,,960.51,,486,2022-12-31 00:00:00,1,0,2024-07-20 23:15:02,0,2024-07-20 23:15:02,,,
2022-12,吉林省,88.82,,1357.03,,487,2022-12-31 00:00:00,1,0,2024-07-20 23:15:02,0,2024-07-20 23:15:02,,,
2022-12,辽宁省,594.49,,7451.63,,488,2022-12-31 00:00:00,1,0,2024-07-20 23:15:02,0,2024-07-20 23:15:02,,,
2022-12,内蒙古区,223.56,,2956.51,,489,2022-12-31 00:00:00,1,0,2024-07-20 23:15:02,0,2024-07-20 23:15:02,,,
2022-12,山西省,422.44,,6423.20,,490,2022-12-31 00:00:00,1,0,2024-07-20 23:15:02,0,2024-07-20 23:15:02,,,
2022-12,河北省,1578.91,,21194.55,,491,2022-12-31 00:00:00,1,0,2024-07-20 23:15:02,0,2024-07-20 23:15:02,,,
2022-12,天津市,167.26,,1738.30,,492,2022-12-31 00:00:00,1,0,2024-07-20 23:15:02,0,2024-07-20 23:15:02,,,
2022-12,全国,7788.90,-9.80,101300.30,-2.10,493,2022-12-31 00:00:00,1,0,2024-07-20 23:15:02,0,2024-07-20 23:15:02,,,
2022-11,新疆区,48.93,,1111.60,,494,2022-11-30 00:00:00,1,0,2024-07-20 23:15:02,0,2024-07-20 23:15:02,,,
2022-11,宁夏区,37.52,,562.03,,495,2022-11-30 00:00:00,1,0,2024-07-20 23:15:02,0,2024-07-20 23:15:02,,,
2022-11,青海省,0.86,,120.93,,496,2022-11-30 00:00:00,1,0,2024-07-20 23:15:02,0,2024-07-20 23:15:02,,,
2022-11,甘肃省,71.27,,1028.70,,497,2022-11-30 00:00:00,1,0,2024-07-20 23:15:02,0,2024-07-20 23:15:02,,,
2022-11,陕西省,101.72,,1363.39,,498,2022-11-30 00:00:00,1,0,2024-07-20 23:15:02,0,2024-07-20 23:15:02,,,
2022-11,云南省,205.18,,2058.71,,499,2022-11-30 00:00:00,1,0,2024-07-20 23:15:02,0,2024-07-20 23:15:02,,,
2022-11,贵州省,59.27,,413.12,,500,2022-11-30 00:00:00,1,0,2024-07-20 23:15:02,0,2024-07-20 23:15:02,,,
2022-11,四川省,276.62,,2520.23,,501,2022-11-30 00:00:00,1,0,2024-07-20 23:15:02,0,2024-07-20 23:15:02,,,
2022-11,重庆市,64.02,,882.48,,502,2022-11-30 00:00:00,1,0,2024-07-20 23:15:02,0,2024-07-20 23:15:02,,,
2022-11,广西区,314.18,,3420.32,,503,2022-11-30 00:00:00,1,0,2024-07-20 23:15:02,0,2024-07-20 23:15:02,,,
2022-11,广东省,303.94,,3292.42,,504,2022-11-30 00:00:00,1,0,2024-07-20 23:15:02,0,2024-07-20 23:15:02,,,
2022-11,湖南省,217.92,,2395.85,,505,2022-11-30 00:00:00,1,0,2024-07-20 23:15:02,0,2024-07-20 23:15:02,,,
2022-11,湖北省,291.43,,3354.58,,506,2022-11-30 00:00:00,1,0,2024-07-20 23:15:02,0,2024-07-20 23:15:02,,,
2022-11,河南省,177.70,,2998.04,,507,2022-11-30 00:00:00,1,0,2024-07-20 23:15:02,0,2024-07-20 23:15:02,,,
2022-11,山东省,731.31,,6857.23,,508,2022-11-30 00:00:00,1,0,2024-07-20 23:15:02,0,2024-07-20 23:15:02,,,
2022-11,江西省,229.07,,2430.68,,509,2022-11-30 00:00:00,1,0,2024-07-20 23:15:02,0,2024-07-20 23:15:02,,,
2022-11,福建省,78.62,,2915.67,,510,2022-11-30 00:00:00,1,0,2024-07-20 23:15:02,0,2024-07-20 23:15:02,,,
2022-11,安徽省,278.74,,3441.94,,511,2022-11-30 00:00:00,1,0,2024-07-20 23:15:05,0,2024-07-20 23:15:05,,,
2022-11,浙江省,105.03,,1255.52,,512,2022-11-30 00:00:00,1,0,2024-07-20 23:15:05,0,2024-07-20 23:15:05,,,
2022-11,江苏省,711.64,,10801.86,,513,2022-11-30 00:00:00,1,0,2024-07-20 23:15:05,0,2024-07-20 23:15:05,,,
2022-11,上海市,136.48,,1355.60,,514,2022-11-30 00:00:00,1,0,2024-07-20 23:15:05,0,2024-07-20 23:15:05,,,
2022-11,黑龙江省,82.09,,884.72,,515,2022-11-30 00:00:00,1,0,2024-07-20 23:15:05,0,2024-07-20 23:15:05,,,
2022-11,吉林省,91.68,,1268.21,,516,2022-11-30 00:00:00,1,0,2024-07-20 23:15:05,0,2024-07-20 23:15:05,,,
2022-11,辽宁省,659.40,,6857.14,,517,2022-11-30 00:00:00,1,0,2024-07-20 23:15:05,0,2024-07-20 23:15:05,,,
2022-11,内蒙古区,210.56,,2732.96,,518,2022-11-30 00:00:00,1,0,2024-07-20 23:15:05,0,2024-07-20 23:15:05,,,
2022-11,山西省,404.45,,6000.75,,519,2022-11-30 00:00:00,1,0,2024-07-20 23:15:05,0,2024-07-20 23:15:05,,,
2022-11,河北省,1401.21,,19615.63,,520,2022-11-30 00:00:00,1,0,2024-07-20 23:15:05,0,2024-07-20 23:15:05,,,
2022-11,天津市,163.57,,1571.04,,521,2022-11-30 00:00:00,1,0,2024-07-20 23:15:05,0,2024-07-20 23:15:05,,,
2022-11,全国,7454.40,7.30,93511.30,-1.40,522,2022-11-30 00:00:00,1,0,2024-07-20 23:15:05,0,2024-07-20 23:15:05,,,
2022-10,新疆区,65.86,,1062.68,,523,2022-10-31 00:00:00,1,0,2024-07-20 23:15:05,0,2024-07-20 23:15:05,,,
2022-10,宁夏区,49.98,,524.51,,524,2022-10-31 00:00:00,1,0,2024-07-20 23:15:05,0,2024-07-20 23:15:05,,,
2022-10,青海省,4.41,,120.07,,525,2022-10-31 00:00:00,1,0,2024-07-20 23:15:05,0,2024-07-20 23:15:05,,,
2022-10,甘肃省,75.46,,957.43,,526,2022-10-31 00:00:00,1,0,2024-07-20 23:15:05,0,2024-07-20 23:15:05,,,
2022-10,陕西省,139.08,,1261.67,,527,2022-10-31 00:00:00,1,0,2024-07-20 23:15:05,0,2024-07-20 23:15:05,,,
2022-10,云南省,177.77,,1853.53,,528,2022-10-31 00:00:00,1,0,2024-07-20 23:15:05,0,2024-07-20 23:15:05,,,
2022-10,贵州省,34.70,,353.85,,529,2022-10-31 00:00:00,1,0,2024-07-20 23:15:05,0,2024-07-20 23:15:05,,,
2022-10,四川省,273.42,,2243.62,,530,2022-10-31 00:00:00,1,0,2024-07-20 23:15:05,0,2024-07-20 23:15:05,,,
2022-10,重庆市,104.19,,818.46,,531,2022-10-31 00:00:00,1,0,2024-07-20 23:15:05,0,2024-07-20 23:15:05,,,
2022-10,广西区,319.55,,3106.14,,532,2022-10-31 00:00:00,1,0,2024-07-20 23:15:05,0,2024-07-20 23:15:05,,,
2022-10,广东省,284.21,,2988.47,,533,2022-10-31 00:00:00,1,0,2024-07-20 23:15:05,0,2024-07-20 23:15:05,,,
2022-10,湖南省,224.72,,2177.94,,534,2022-10-31 00:00:00,1,0,2024-07-20 23:15:05,0,2024-07-20 23:15:05,,,
2022-10,湖北省,272.81,,3063.15,,535,2022-10-31 00:00:00,1,0,2024-07-20 23:15:05,0,2024-07-20 23:15:05,,,
2022-10,河南省,251.95,,2820.35,,536,2022-10-31 00:00:00,1,0,2024-07-20 23:15:05,0,2024-07-20 23:15:05,,,
2022-10,山东省,694.19,,6125.92,,537,2022-10-31 00:00:00,1,0,2024-07-20 23:15:05,0,2024-07-20 23:15:05,,,
2022-10,江西省,223.48,,2201.61,,538,2022-10-31 00:00:00,1,0,2024-07-20 23:15:05,0,2024-07-20 23:15:05,,,
2022-10,福建省,81.88,,2837.05,,539,2022-10-31 00:00:00,1,0,2024-07-20 23:15:05,0,2024-07-20 23:15:05,,,
2022-10,安徽省,290.13,,3163.20,,540,2022-10-31 00:00:00,1,0,2024-07-20 23:15:05,0,2024-07-20 23:15:05,,,
2022-10,浙江省,114.73,,1150.49,,541,2022-10-31 00:00:00,1,0,2024-07-20 23:15:08,0,2024-07-20 23:15:08,,,
2022-10,江苏省,921.47,,10090.22,,542,2022-10-31 00:00:00,1,0,2024-07-20 23:15:08,0,2024-07-20 23:15:08,,,
2022-10,上海市,139.14,,1219.13,,543,2022-10-31 00:00:00,1,0,2024-07-20 23:15:08,0,2024-07-20 23:15:08,,,
2022-10,黑龙江省,73.01,,802.63,,544,2022-10-31 00:00:00,1,0,2024-07-20 23:15:08,0,2024-07-20 23:15:08,,,
2022-10,吉林省,90.60,,1176.52,,545,2022-10-31 00:00:00,1,0,2024-07-20 23:15:08,0,2024-07-20 23:15:08,,,
2022-10,辽宁省,677.52,,6197.74,,546,2022-10-31 00:00:00,1,0,2024-07-20 23:15:08,0,2024-07-20 23:15:08,,,
2022-10,内蒙古区,243.76,,2522.40,,547,2022-10-31 00:00:00,1,0,2024-07-20 23:15:08,0,2024-07-20 23:15:08,,,
2022-10,山西省,476.18,,5596.30,,548,2022-10-31 00:00:00,1,0,2024-07-20 23:15:08,0,2024-07-20 23:15:08,,,
2022-10,河北省,1512.28,,18214.42,,549,2022-10-31 00:00:00,1,0,2024-07-20 23:15:08,0,2024-07-20 23:15:08,,,
2022-10,天津市,159.43,,1407.47,,550,2022-10-31 00:00:00,1,0,2024-07-20 23:15:08,0,2024-07-20 23:15:08,,,
2022-10,全国,7975.90,11.00,86056.90,-2.20,551,2022-10-31 00:00:00,1,0,2024-07-20 23:15:08,0,2024-07-20 23:15:08,,,
2022-09,新疆区,108.61,,996.82,,552,2022-09-30 00:00:00,1,0,2024-07-20 23:15:08,0,2024-07-20 23:15:08,,,
2022-09,宁夏区,52.43,,474.53,,553,2022-09-30 00:00:00,1,0,2024-07-20 23:15:08,0,2024-07-20 23:15:08,,,
2022-09,青海省,6.63,,115.66,,554,2022-09-30 00:00:00,1,0,2024-07-20 23:15:08,0,2024-07-20 23:15:08,,,
2022-09,甘肃省,72.56,,881.97,,555,2022-09-30 00:00:00,1,0,2024-07-20 23:15:08,0,2024-07-20 23:15:08,,,
2022-09,陕西省,134.35,,1122.59,,556,2022-09-30 00:00:00,1,0,2024-07-20 23:15:08,0,2024-07-20 23:15:08,,,
2022-09,云南省,181.01,,1675.76,,557,2022-09-30 00:00:00,1,0,2024-07-20 23:15:08,0,2024-07-20 23:15:08,,,
2022-09,贵州省,35.13,,319.14,,558,2022-09-30 00:00:00,1,0,2024-07-20 23:15:08,0,2024-07-20 23:15:08,,,
2022-09,四川省,243.40,,1970.20,,559,2022-09-30 00:00:00,1,0,2024-07-20 23:15:08,0,2024-07-20 23:15:08,,,
2022-09,重庆市,98.02,,714.27,,560,2022-09-30 00:00:00,1,0,2024-07-20 23:15:08,0,2024-07-20 23:15:08,,,
2022-09,广西区,308.99,,2786.59,,561,2022-09-30 00:00:00,1,0,2024-07-20 23:15:08,0,2024-07-20 23:15:08,,,
2022-09,广东省,280.63,,2704.27,,562,2022-09-30 00:00:00,1,0,2024-07-20 23:15:08,0,2024-07-20 23:15:08,,,
2022-09,湖南省,200.46,,1953.22,,563,2022-09-30 00:00:00,1,0,2024-07-20 23:15:08,0,2024-07-20 23:15:08,,,
2022-09,湖北省,279.30,,2790.34,,564,2022-09-30 00:00:00,1,0,2024-07-20 23:15:08,0,2024-07-20 23:15:08,,,
2022-09,河南省,285.64,,2568.40,,565,2022-09-30 00:00:00,1,0,2024-07-20 23:15:08,0,2024-07-20 23:15:08,,,
2022-09,山东省,635.93,,5431.73,,566,2022-09-30 00:00:00,1,0,2024-07-20 23:15:08,0,2024-07-20 23:15:08,,,
2022-09,江西省,226.77,,1978.12,,567,2022-09-30 00:00:00,1,0,2024-07-20 23:15:08,0,2024-07-20 23:15:08,,,
2022-09,福建省,335.33,,2755.17,,568,2022-09-30 00:00:00,1,0,2024-07-20 23:15:08,0,2024-07-20 23:15:08,,,
2022-09,安徽省,271.47,,2873.07,,569,2022-09-30 00:00:00,1,0,2024-07-20 23:15:08,0,2024-07-20 23:15:08,,,
2022-09,浙江省,115.18,,1035.76,,570,2022-09-30 00:00:00,1,0,2024-07-20 23:15:08,0,2024-07-20 23:15:08,,,
2022-09,江苏省,982.28,,9168.75,,571,2022-09-30 00:00:00,1,0,2024-07-20 23:15:12,0,2024-07-20 23:15:12,,,
2022-09,上海市,123.67,,1079.98,,572,2022-09-30 00:00:00,1,0,2024-07-20 23:15:12,0,2024-07-20 23:15:12,,,
2022-09,黑龙江省,83.42,,729.62,,573,2022-09-30 00:00:00,1,0,2024-07-20 23:15:12,0,2024-07-20 23:15:12,,,
2022-09,吉林省,140.62,,1085.92,,574,2022-09-30 00:00:00,1,0,2024-07-20 23:15:12,0,2024-07-20 23:15:12,,,
2022-09,辽宁省,628.47,,5520.22,,575,2022-09-30 00:00:00,1,0,2024-07-20 23:15:12,0,2024-07-20 23:15:12,,,
2022-09,内蒙古区,248.03,,2278.64,,576,2022-09-30 00:00:00,1,0,2024-07-20 23:15:12,0,2024-07-20 23:15:12,,,
2022-09,山西省,557.07,,5122.37,,577,2022-09-30 00:00:00,1,0,2024-07-20 23:15:12,0,2024-07-20 23:15:12,,,
2022-09,河北省,1888.58,,16702.14,,578,2022-09-30 00:00:00,1,0,2024-07-20 23:15:12,0,2024-07-20 23:15:12,,,
2022-09,天津市,170.97,,1248.04,,579,2022-09-30 00:00:00,1,0,2024-07-20 23:15:12,0,2024-07-20 23:15:12,,,
2022-09,全国,8694.90,17.60,78083.30,-3.40,580,2022-09-30 00:00:00,1,0,2024-07-20 23:15:12,0,2024-07-20 23:15:12,,,
2022-08,新疆区,126.28,,888.22,,581,2022-08-31 00:00:00,1,0,2024-07-20 23:15:12,0,2024-07-20 23:15:12,,,
2022-08,宁夏区,50.97,,422.11,,582,2022-08-31 00:00:00,1,0,2024-07-20 23:15:12,0,2024-07-20 23:15:12,,,
2022-08,青海省,9.95,,109.03,,583,2022-08-31 00:00:00,1,0,2024-07-20 23:15:12,0,2024-07-20 23:15:12,,,
2022-08,甘肃省,79.96,,809.41,,584,2022-08-31 00:00:00,1,0,2024-07-20 23:15:12,0,2024-07-20 23:15:12,,,
2022-08,陕西省,124.44,,988.24,,585,2022-08-31 00:00:00,1,0,2024-07-20 23:15:12,0,2024-07-20 23:15:12,,,
2022-08,云南省,169.39,,1494.74,,586,2022-08-31 00:00:00,1,0,2024-07-20 23:15:12,0,2024-07-20 23:15:12,,,
2022-08,贵州省,31.27,,284.01,,587,2022-08-31 00:00:00,1,0,2024-07-20 23:15:12,0,2024-07-20 23:15:12,,,
2022-08,四川省,232.11,,1726.81,,588,2022-08-31 00:00:00,1,0,2024-07-20 23:15:12,0,2024-07-20 23:15:12,,,
2022-08,重庆市,61.45,,616.25,,589,2022-08-31 00:00:00,1,0,2024-07-20 23:15:12,0,2024-07-20 23:15:12,,,
2022-08,广西区,298.53,,2477.60,,590,2022-08-31 00:00:00,1,0,2024-07-20 23:15:12,0,2024-07-20 23:15:12,,,
2022-08,广东省,287.44,,2423.63,,591,2022-08-31 00:00:00,1,0,2024-07-20 23:15:12,0,2024-07-20 23:15:12,,,
2022-08,湖南省,197.42,,1752.76,,592,2022-08-31 00:00:00,1,0,2024-07-20 23:15:12,0,2024-07-20 23:15:12,,,
2022-08,湖北省,262.36,,2511.04,,593,2022-08-31 00:00:00,1,0,2024-07-20 23:15:12,0,2024-07-20 23:15:12,,,
2022-08,河南省,278.99,,2282.76,,594,2022-08-31 00:00:00,1,0,2024-07-20 23:15:12,0,2024-07-20 23:15:12,,,
2022-08,山东省,597.10,,4795.81,,595,2022-08-31 00:00:00,1,0,2024-07-20 23:15:12,0,2024-07-20 23:15:12,,,
2022-08,江西省,201.65,,1751.36,,596,2022-08-31 00:00:00,1,0,2024-07-20 23:15:12,0,2024-07-20 23:15:12,,,
2022-08,福建省,337.89,,2419.84,,597,2022-08-31 00:00:00,1,0,2024-07-20 23:15:12,0,2024-07-20 23:15:12,,,
2022-08,安徽省,294.67,,2601.60,,598,2022-08-31 00:00:00,1,0,2024-07-20 23:15:12,0,2024-07-20 23:15:12,,,
2022-08,浙江省,111.54,,920.58,,599,2022-08-31 00:00:00,1,0,2024-07-20 23:15:12,0,2024-07-20 23:15:12,,,
2022-08,江苏省,954.52,,8113.51,,600,2022-08-31 00:00:00,1,0,2024-07-20 23:15:12,0,2024-07-20 23:15:12,,,
2022-08,上海市,126.46,,956.31,,601,2022-08-31 00:00:00,1,0,2024-07-20 23:15:15,0,2024-07-20 23:15:15,,,
2022-08,黑龙江省,83.82,,646.21,,602,2022-08-31 00:00:00,1,0,2024-07-20 23:15:15,0,2024-07-20 23:15:15,,,
2022-08,吉林省,128.47,,945.30,,603,2022-08-31 00:00:00,1,0,2024-07-20 23:15:15,0,2024-07-20 23:15:15,,,
2022-08,辽宁省,570.95,,4891.22,,604,2022-08-31 00:00:00,1,0,2024-07-20 23:15:15,0,2024-07-20 23:15:15,,,
2022-08,内蒙古区,299.87,,2030.61,,605,2022-08-31 00:00:00,1,0,2024-07-20 23:15:15,0,2024-07-20 23:15:15,,,
2022-08,山西省,502.18,,4565.31,,606,2022-08-31 00:00:00,1,0,2024-07-20 23:15:15,0,2024-07-20 23:15:15,,,
2022-08,河北省,1826.07,,14813.56,,607,2022-08-31 00:00:00,1,0,2024-07-20 23:15:15,0,2024-07-20 23:15:15,,,
2022-08,天津市,141.11,,1077.07,,608,2022-08-31 00:00:00,1,0,2024-07-20 23:15:15,0,2024-07-20 23:15:15,,,
2022-08,全国,8386.80,0.50,69314.90,-5.70,609,2022-08-31 00:00:00,1,0,2024-07-20 23:15:15,0,2024-07-20 23:15:15,,,
2022-07,新疆区,120.96,,761.94,,610,2022-07-31 00:00:00,1,0,2024-07-20 23:15:15,0,2024-07-20 23:15:15,,,
2022-07,宁夏区,38.50,,371.13,,611,2022-07-31 00:00:00,1,0,2024-07-20 23:15:15,0,2024-07-20 23:15:15,,,
2022-07,青海省,9.66,,99.08,,612,2022-07-31 00:00:00,1,0,2024-07-20 23:15:15,0,2024-07-20 23:15:15,,,
2022-07,甘肃省,99.87,,729.45,,613,2022-07-31 00:00:00,1,0,2024-07-20 23:15:15,0,2024-07-20 23:15:15,,,
2022-07,陕西省,103.82,,863.80,,614,2022-07-31 00:00:00,1,0,2024-07-20 23:15:15,0,2024-07-20 23:15:15,,,
2022-07,云南省,170.92,,1325.36,,615,2022-07-31 00:00:00,1,0,2024-07-20 23:15:15,0,2024-07-20 23:15:15,,,
2022-07,贵州省,24.88,,252.74,,616,2022-07-31 00:00:00,1,0,2024-07-20 23:15:15,0,2024-07-20 23:15:15,,,
2022-07,四川省,208.48,,1494.69,,617,2022-07-31 00:00:00,1,0,2024-07-20 23:15:15,0,2024-07-20 23:15:15,,,
2022-07,重庆市,79.76,,554.80,,618,2022-07-31 00:00:00,1,0,2024-07-20 23:15:15,0,2024-07-20 23:15:15,,,
2022-07,广西区,286.28,,2179.07,,619,2022-07-31 00:00:00,1,0,2024-07-20 23:15:15,0,2024-07-20 23:15:15,,,
2022-07,广东省,288.33,,2136.20,,620,2022-07-31 00:00:00,1,0,2024-07-20 23:15:15,0,2024-07-20 23:15:15,,,
2022-07,湖南省,193.58,,1555.34,,621,2022-07-31 00:00:00,1,0,2024-07-20 23:15:15,0,2024-07-20 23:15:15,,,
2022-07,湖北省,265.93,,2248.68,,622,2022-07-31 00:00:00,1,0,2024-07-20 23:15:15,0,2024-07-20 23:15:15,,,
2022-07,河南省,268.52,,2003.77,,623,2022-07-31 00:00:00,1,0,2024-07-20 23:15:15,0,2024-07-20 23:15:15,,,
2022-07,山东省,548.16,,4198.70,,624,2022-07-31 00:00:00,1,0,2024-07-20 23:15:15,0,2024-07-20 23:15:15,,,
2022-07,江西省,203.26,,1549.71,,625,2022-07-31 00:00:00,1,0,2024-07-20 23:15:15,0,2024-07-20 23:15:15,,,
2022-07,福建省,303.47,,2081.95,,626,2022-07-31 00:00:00,1,0,2024-07-20 23:15:15,0,2024-07-20 23:15:15,,,
2022-07,安徽省,274.98,,2306.93,,627,2022-07-31 00:00:00,1,0,2024-07-20 23:15:15,0,2024-07-20 23:15:15,,,
2022-07,浙江省,110.00,,809.04,,628,2022-07-31 00:00:00,1,0,2024-07-20 23:15:15,0,2024-07-20 23:15:15,,,
2022-07,江苏省,955.96,,7158.99,,629,2022-07-31 00:00:00,1,0,2024-07-20 23:15:15,0,2024-07-20 23:15:15,,,
2022-07,上海市,121.21,,829.85,,630,2022-07-31 00:00:00,1,0,2024-07-20 23:15:15,0,2024-07-20 23:15:15,,,
2022-07,黑龙江省,83.82,,562.39,,631,2022-07-31 00:00:00,1,0,2024-07-20 23:15:19,0,2024-07-20 23:15:19,,,
2022-07,吉林省,104.37,,816.83,,632,2022-07-31 00:00:00,1,0,2024-07-20 23:15:19,0,2024-07-20 23:15:19,,,
2022-07,辽宁省,581.28,,4320.27,,633,2022-07-31 00:00:00,1,0,2024-07-20 23:15:19,0,2024-07-20 23:15:19,,,
2022-07,内蒙古区,212.54,,1730.74,,634,2022-07-31 00:00:00,1,0,2024-07-20 23:15:19,0,2024-07-20 23:15:19,,,
2022-07,山西省,489.01,,4063.13,,635,2022-07-31 00:00:00,1,0,2024-07-20 23:15:19,0,2024-07-20 23:15:19,,,
2022-07,河北省,1862.16,,12987.49,,636,2022-07-31 00:00:00,1,0,2024-07-20 23:15:19,0,2024-07-20 23:15:19,,,
2022-07,天津市,133.15,,935.96,,637,2022-07-31 00:00:00,1,0,2024-07-20 23:15:19,0,2024-07-20 23:15:19,,,
2022-07,全国,8142.90,-6.40,60928.00,-6.40,638,2022-07-31 00:00:00,1,0,2024-07-20 23:15:19,0,2024-07-20 23:15:19,,,
2022-06,新疆区,136.49,,640.98,,639,2022-06-30 00:00:00,1,0,2024-07-20 23:15:19,0,2024-07-20 23:15:19,,,
2022-06,宁夏区,56.56,,332.63,,640,2022-06-30 00:00:00,1,0,2024-07-20 23:15:19,0,2024-07-20 23:15:19,,,
2022-06,青海省,9.46,,89.43,,641,2022-06-30 00:00:00,1,0,2024-07-20 23:15:19,0,2024-07-20 23:15:19,,,
2022-06,甘肃省,105.53,,629.57,,642,2022-06-30 00:00:00,1,0,2024-07-20 23:15:19,0,2024-07-20 23:15:19,,,
2022-06,陕西省,115.61,,759.99,,643,2022-06-30 00:00:00,1,0,2024-07-20 23:15:19,0,2024-07-20 23:15:19,,,
2022-06,云南省,202.04,,1154.43,,644,2022-06-30 00:00:00,1,0,2024-07-20 23:15:19,0,2024-07-20 23:15:19,,,
2022-06,贵州省,33.39,,227.87,,645,2022-06-30 00:00:00,1,0,2024-07-20 23:15:19,0,2024-07-20 23:15:19,,,
2022-06,四川省,228.31,,1286.21,,646,2022-06-30 00:00:00,1,0,2024-07-20 23:15:19,0,2024-07-20 23:15:19,,,
2022-06,重庆市,71.74,,475.04,,647,2022-06-30 00:00:00,1,0,2024-07-20 23:15:19,0,2024-07-20 23:15:19,,,
2022-06,广西区,319.75,,1892.79,,648,2022-06-30 00:00:00,1,0,2024-07-20 23:15:19,0,2024-07-20 23:15:19,,,
2022-06,广东省,289.58,,1847.86,,649,2022-06-30 00:00:00,1,0,2024-07-20 23:15:19,0,2024-07-20 23:15:19,,,
2022-06,湖南省,196.60,,1361.77,,650,2022-06-30 00:00:00,1,0,2024-07-20 23:15:19,0,2024-07-20 23:15:19,,,
2022-06,湖北省,308.23,,1933.25,,651,2022-06-30 00:00:00,1,0,2024-07-20 23:15:19,0,2024-07-20 23:15:19,,,
2022-06,河南省,292.51,,1735.25,,652,2022-06-30 00:00:00,1,0,2024-07-20 23:15:19,0,2024-07-20 23:15:19,,,
2022-06,山东省,693.50,,3650.54,,653,2022-06-30 00:00:00,1,0,2024-07-20 23:15:19,0,2024-07-20 23:15:19,,,
2022-06,江西省,221.25,,1346.45,,654,2022-06-30 00:00:00,1,0,2024-07-20 23:15:19,0,2024-07-20 23:15:19,,,
2022-06,福建省,314.75,,1778.48,,655,2022-06-30 00:00:00,1,0,2024-07-20 23:15:19,0,2024-07-20 23:15:19,,,
2022-06,安徽省,327.14,,2031.95,,656,2022-06-30 00:00:00,1,0,2024-07-20 23:15:19,0,2024-07-20 23:15:19,,,
2022-06,浙江省,110.12,,699.04,,657,2022-06-30 00:00:00,1,0,2024-07-20 23:15:19,0,2024-07-20 23:15:19,,,
2022-06,江苏省,1001.64,,6181.24,,658,2022-06-30 00:00:00,1,0,2024-07-20 23:15:19,0,2024-07-20 23:15:19,,,
2022-06,上海市,122.69,,708.64,,659,2022-06-30 00:00:00,1,0,2024-07-20 23:15:19,0,2024-07-20 23:15:19,,,
2022-06,黑龙江省,79.46,,478.57,,660,2022-06-30 00:00:00,1,0,2024-07-20 23:15:19,0,2024-07-20 23:15:19,,,
2022-06,吉林省,138.42,,712.46,,661,2022-06-30 00:00:00,1,0,2024-07-20 23:15:22,0,2024-07-20 23:15:22,,,
2022-06,辽宁省,633.26,,3738.99,,662,2022-06-30 00:00:00,1,0,2024-07-20 23:15:22,0,2024-07-20 23:15:22,,,
2022-06,内蒙古区,242.99,,1518.19,,663,2022-06-30 00:00:00,1,0,2024-07-20 23:15:22,0,2024-07-20 23:15:22,,,
2022-06,山西省,600.06,,3547.99,,664,2022-06-30 00:00:00,1,0,2024-07-20 23:15:22,0,2024-07-20 23:15:22,,,
2022-06,河北省,2066.43,,11125.33,,665,2022-06-30 00:00:00,1,0,2024-07-20 23:15:22,0,2024-07-20 23:15:22,,,
2022-06,天津市,155.47,,802.80,,666,2022-06-30 00:00:00,1,0,2024-07-20 23:15:22,0,2024-07-20 23:15:22,,,
2022-06,全国,9073.00,-3.30,52687.70,-6.50,667,2022-06-30 00:00:00,1,0,2024-07-20 23:15:22,0,2024-07-20 23:15:22,,,
2022-05,新疆区,140.73,,504.49,,668,2022-05-31 00:00:00,1,0,2024-07-20 23:15:22,0,2024-07-20 23:15:22,,,
2022-05,宁夏区,62.43,,276.07,,669,2022-05-31 00:00:00,1,0,2024-07-20 23:15:22,0,2024-07-20 23:15:22,,,
2022-05,青海省,13.03,,79.97,,670,2022-05-31 00:00:00,1,0,2024-07-20 23:15:22,0,2024-07-20 23:15:22,,,
2022-05,甘肃省,105.34,,524.05,,671,2022-05-31 00:00:00,1,0,2024-07-20 23:15:22,0,2024-07-20 23:15:22,,,
2022-05,陕西省,142.96,,644.38,,672,2022-05-31 00:00:00,1,0,2024-07-20 23:15:22,0,2024-07-20 23:15:22,,,
2022-05,云南省,202.16,,952.39,,673,2022-05-31 00:00:00,1,0,2024-07-20 23:15:22,0,2024-07-20 23:15:22,,,
2022-05,贵州省,34.58,,194.48,,674,2022-05-31 00:00:00,1,0,2024-07-20 23:15:22,0,2024-07-20 23:15:22,,,
2022-05,四川省,222.74,,1057.90,,675,2022-05-31 00:00:00,1,0,2024-07-20 23:15:22,0,2024-07-20 23:15:22,,,
2022-05,重庆市,86.40,,403.30,,676,2022-05-31 00:00:00,1,0,2024-07-20 23:15:22,0,2024-07-20 23:15:22,,,
2022-05,广西区,340.03,,1573.05,,677,2022-05-31 00:00:00,1,0,2024-07-20 23:15:22,0,2024-07-20 23:15:22,,,
2022-05,广东省,330.52,,1558.28,,678,2022-05-31 00:00:00,1,0,2024-07-20 23:15:22,0,2024-07-20 23:15:22,,,
2022-05,湖南省,253.99,,1165.17,,679,2022-05-31 00:00:00,1,0,2024-07-20 23:15:22,0,2024-07-20 23:15:22,,,
2022-05,湖北省,333.66,,1625.02,,680,2022-05-31 00:00:00,1,0,2024-07-20 23:15:22,0,2024-07-20 23:15:22,,,
2022-05,河南省,348.57,,1442.74,,681,2022-05-31 00:00:00,1,0,2024-07-20 23:15:22,0,2024-07-20 23:15:22,,,
2022-05,山东省,661.95,,2957.04,,682,2022-05-31 00:00:00,1,0,2024-07-20 23:15:22,0,2024-07-20 23:15:22,,,
2022-05,江西省,238.59,,1125.20,,683,2022-05-31 00:00:00,1,0,2024-07-20 23:15:22,0,2024-07-20 23:15:22,,,
2022-05,福建省,337.54,,1463.72,,684,2022-05-31 00:00:00,1,0,2024-07-20 23:15:22,0,2024-07-20 23:15:22,,,
2022-05,安徽省,345.38,,1693.02,,685,2022-05-31 00:00:00,1,0,2024-07-20 23:15:22,0,2024-07-20 23:15:22,,,
2022-05,浙江省,122.32,,588.92,,686,2022-05-31 00:00:00,1,0,2024-07-20 23:15:22,0,2024-07-20 23:15:22,,,
2022-05,江苏省,1020.72,,5078.26,,687,2022-05-31 00:00:00,1,0,2024-07-20 23:15:22,0,2024-07-20 23:15:22,,,
2022-05,上海市,138.96,,585.95,,688,2022-05-31 00:00:00,1,0,2024-07-20 23:15:22,0,2024-07-20 23:15:22,,,
2022-05,黑龙江省,83.68,,399.11,,689,2022-05-31 00:00:00,1,0,2024-07-20 23:15:22,0,2024-07-20 23:15:22,,,
2022-05,吉林省,127.57,,574.04,,690,2022-05-31 00:00:00,1,0,2024-07-20 23:15:22,0,2024-07-20 23:15:22,,,
2022-05,辽宁省,631.54,,3105.73,,691,2022-05-31 00:00:00,1,0,2024-07-20 23:15:25,0,2024-07-20 23:15:25,,,
2022-05,内蒙古区,267.44,,1275.20,,692,2022-05-31 00:00:00,1,0,2024-07-20 23:15:25,0,2024-07-20 23:15:25,,,
2022-05,山西省,684.94,,2947.93,,693,2022-05-31 00:00:00,1,0,2024-07-20 23:15:25,0,2024-07-20 23:15:25,,,
2022-05,河北省,2223.43,,9058.90,,694,2022-05-31 00:00:00,1,0,2024-07-20 23:15:25,0,2024-07-20 23:15:25,,,
2022-05,天津市,160.06,,647.33,,695,2022-05-31 00:00:00,1,0,2024-07-20 23:15:25,0,2024-07-20 23:15:25,,,
2022-05,全国,9661.30,-3.50,43501.60,-8.70,696,2022-05-31 00:00:00,1,0,2024-07-20 23:15:25,0,2024-07-20 23:15:25,,,
2022-04,新疆区,130.16,,363.76,,697,2022-04-30 00:00:00,1,0,2024-07-20 23:15:25,0,2024-07-20 23:15:25,,,
2022-04,宁夏区,54.88,,213.64,,698,2022-04-30 00:00:00,1,0,2024-07-20 23:15:25,0,2024-07-20 23:15:25,,,
2022-04,青海省,15.24,,66.93,,699,2022-04-30 00:00:00,1,0,2024-07-20 23:15:25,0,2024-07-20 23:15:25,,,
2022-04,甘肃省,109.15,,418.71,,700,2022-04-30 00:00:00,1,0,2024-07-20 23:15:25,0,2024-07-20 23:15:25,,,
2022-04,陕西省,131.86,,501.42,,701,2022-04-30 00:00:00,1,0,2024-07-20 23:15:25,0,2024-07-20 23:15:25,,,
2022-04,云南省,201.50,,750.23,,702,2022-04-30 00:00:00,1,0,2024-07-20 23:15:25,0,2024-07-20 23:15:25,,,
2022-04,贵州省,38.60,,159.90,,703,2022-04-30 00:00:00,1,0,2024-07-20 23:15:25,0,2024-07-20 23:15:25,,,
2022-04,四川省,215.97,,835.16,,704,2022-04-30 00:00:00,1,0,2024-07-20 23:15:25,0,2024-07-20 23:15:25,,,
2022-04,重庆市,84.24,,316.90,,705,2022-04-30 00:00:00,1,0,2024-07-20 23:15:25,0,2024-07-20 23:15:25,,,
2022-04,广西区,305.98,,1233.01,,706,2022-04-30 00:00:00,1,0,2024-07-20 23:15:25,0,2024-07-20 23:15:25,,,
2022-04,广东省,363.58,,1227.76,,707,2022-04-30 00:00:00,1,0,2024-07-20 23:15:25,0,2024-07-20 23:15:25,,,
2022-04,湖南省,225.69,,911.18,,708,2022-04-30 00:00:00,1,0,2024-07-20 23:15:25,0,2024-07-20 23:15:25,,,
2022-04,湖北省,328.50,,1320.29,,709,2022-04-30 00:00:00,1,0,2024-07-20 23:15:25,0,2024-07-20 23:15:25,,,
2022-04,河南省,359.88,,1094.18,,710,2022-04-30 00:00:00,1,0,2024-07-20 23:15:25,0,2024-07-20 23:15:25,,,
2022-04,山东省,621.29,,2295.09,,711,2022-04-30 00:00:00,1,0,2024-07-20 23:15:25,0,2024-07-20 23:15:25,,,
2022-04,江西省,236.56,,886.60,,712,2022-04-30 00:00:00,1,0,2024-07-20 23:15:25,0,2024-07-20 23:15:25,,,
2022-04,福建省,249.83,,889.30,,713,2022-04-30 00:00:00,1,0,2024-07-20 23:15:25,0,2024-07-20 23:15:25,,,
2022-04,安徽省,347.88,,1334.36,,714,2022-04-30 00:00:00,1,0,2024-07-20 23:15:25,0,2024-07-20 23:15:25,,,
2022-04,浙江省,118.74,,466.60,,715,2022-04-30 00:00:00,1,0,2024-07-20 23:15:25,0,2024-07-20 23:15:25,,,
2022-04,江苏省,975.93,,4057.54,,716,2022-04-30 00:00:00,1,0,2024-07-20 23:15:25,0,2024-07-20 23:15:25,,,
2022-04,上海市,135.18,,446.99,,717,2022-04-30 00:00:00,1,0,2024-07-20 23:15:25,0,2024-07-20 23:15:25,,,
2022-04,黑龙江省,78.41,,315.43,,718,2022-04-30 00:00:00,1,0,2024-07-20 23:15:25,0,2024-07-20 23:15:25,,,
2022-04,吉林省,114.85,,446.47,,719,2022-04-30 00:00:00,1,0,2024-07-20 23:15:25,0,2024-07-20 23:15:25,,,
2022-04,辽宁省,585.68,,2469.65,,720,2022-04-30 00:00:00,1,0,2024-07-20 23:15:25,0,2024-07-20 23:15:25,,,
2022-04,内蒙古区,274.85,,1007.76,,721,2022-04-30 00:00:00,1,0,2024-07-20 23:15:27,0,2024-07-20 23:15:27,,,
2022-04,山西省,651.37,,2262.99,,722,2022-04-30 00:00:00,1,0,2024-07-20 23:15:27,0,2024-07-20 23:15:27,,,
2022-04,河北省,2166.98,,6835.47,,723,2022-04-30 00:00:00,1,0,2024-07-20 23:15:27,0,2024-07-20 23:15:27,,,
2022-04,天津市,154.73,,487.27,,724,2022-04-30 00:00:00,1,0,2024-07-20 23:15:27,0,2024-07-20 23:15:27,,,
2022-04,全国,9277.50,-5.20,33614.60,-10.30,725,2022-04-30 00:00:00,1,0,2024-07-20 23:15:27,0,2024-07-20 23:15:27,,,
2022-03,新疆区,116.13,,233.60,,726,2022-03-31 00:00:00,1,0,2024-07-20 23:15:27,0,2024-07-20 23:15:27,,,
2022-03,宁夏区,62.14,,158.76,,727,2022-03-31 00:00:00,1,0,2024-07-20 23:15:27,0,2024-07-20 23:15:27,,,
2022-03,青海省,19.21,,51.70,,728,2022-03-31 00:00:00,1,0,2024-07-20 23:15:27,0,2024-07-20 23:15:27,,,
2022-03,甘肃省,112.15,,309.56,,729,2022-03-31 00:00:00,1,0,2024-07-20 23:15:27,0,2024-07-20 23:15:27,,,
2022-03,陕西省,135.04,,369.56,,730,2022-03-31 00:00:00,1,0,2024-07-20 23:15:27,0,2024-07-20 23:15:27,,,
2022-03,云南省,213.23,,548.73,,731,2022-03-31 00:00:00,1,0,2024-07-20 23:15:27,0,2024-07-20 23:15:27,,,
2022-03,贵州省,42.93,,121.30,,732,2022-03-31 00:00:00,1,0,2024-07-20 23:15:27,0,2024-07-20 23:15:27,,,
2022-03,四川省,214.00,,619.19,,733,2022-03-31 00:00:00,1,0,2024-07-20 23:15:27,0,2024-07-20 23:15:27,,,
2022-03,重庆市,79.84,,232.66,,734,2022-03-31 00:00:00,1,0,2024-07-20 23:15:27,0,2024-07-20 23:15:27,,,
2022-03,广西区,329.79,,927.03,,735,2022-03-31 00:00:00,1,0,2024-07-20 23:15:27,0,2024-07-20 23:15:27,,,
2022-03,广东省,329.14,,864.18,,736,2022-03-31 00:00:00,1,0,2024-07-20 23:15:27,0,2024-07-20 23:15:27,,,
2022-03,湖南省,237.82,,685.49,,737,2022-03-31 00:00:00,1,0,2024-07-20 23:15:27,0,2024-07-20 23:15:27,,,
2022-03,湖北省,353.78,,991.79,,738,2022-03-31 00:00:00,1,0,2024-07-20 23:15:27,0,2024-07-20 23:15:27,,,
2022-03,河南省,324.62,,734.29,,739,2022-03-31 00:00:00,1,0,2024-07-20 23:15:27,0,2024-07-20 23:15:27,,,
2022-03,山东省,589.71,,1674.34,,740,2022-03-31 00:00:00,1,0,2024-07-20 23:15:27,0,2024-07-20 23:15:27,,,
2022-03,江西省,216.40,,650.05,,741,2022-03-31 00:00:00,1,0,2024-07-20 23:15:27,0,2024-07-20 23:15:27,,,
2022-03,福建省,239.26,,639.48,,742,2022-03-31 00:00:00,1,0,2024-07-20 23:15:27,0,2024-07-20 23:15:27,,,
2022-03,安徽省,352.92,,986.48,,743,2022-03-31 00:00:00,1,0,2024-07-20 23:15:27,0,2024-07-20 23:15:27,,,
2022-03,浙江省,120.24,,347.85,,744,2022-03-31 00:00:00,1,0,2024-07-20 23:15:27,0,2024-07-20 23:15:27,,,
2022-03,江苏省,1050.55,,3081.60,,745,2022-03-31 00:00:00,1,0,2024-07-20 23:15:27,0,2024-07-20 23:15:27,,,
2022-03,上海市,94.33,,311.81,,746,2022-03-31 00:00:00,1,0,2024-07-20 23:15:27,0,2024-07-20 23:15:27,,,
2022-03,黑龙江省,81.82,,237.02,,747,2022-03-31 00:00:00,1,0,2024-07-20 23:15:27,0,2024-07-20 23:15:27,,,
2022-03,吉林省,110.11,,331.62,,748,2022-03-31 00:00:00,1,0,2024-07-20 23:15:27,0,2024-07-20 23:15:27,,,
2022-03,辽宁省,648.05,,1883.96,,749,2022-03-31 00:00:00,1,0,2024-07-20 23:15:27,0,2024-07-20 23:15:27,,,
2022-03,内蒙古区,264.97,,732.91,,750,2022-03-31 00:00:00,1,0,2024-07-20 23:15:27,0,2024-07-20 23:15:27,,,
2022-03,山西省,543.07,,1611.62,,751,2022-03-31 00:00:00,1,0,2024-07-20 23:15:30,0,2024-07-20 23:15:30,,,
2022-03,河北省,1821.53,,4668.48,,752,2022-03-31 00:00:00,1,0,2024-07-20 23:15:30,0,2024-07-20 23:15:30,,,
2022-03,天津市,126.70,,332.54,,753,2022-03-31 00:00:00,1,0,2024-07-20 23:15:30,0,2024-07-20 23:15:30,,,
2022-03,全国,8829.50,-6.40,24337.60,-10.50,754,2022-03-31 00:00:00,1,0,2024-07-20 23:15:30,0,2024-07-20 23:15:30,,,
2022-02,新疆区,,,117.47,,755,2022-02-28 00:00:00,1,0,2024-07-20 23:15:30,0,2024-07-20 23:15:30,,,
2022-02,宁夏区,,,96.62,,756,2022-02-28 00:00:00,1,0,2024-07-20 23:15:30,0,2024-07-20 23:15:30,,,
2022-02,青海省,,,32.48,,757,2022-02-28 00:00:00,1,0,2024-07-20 23:15:30,0,2024-07-20 23:15:30,,,
2022-02,甘肃省,,,197.41,,758,2022-02-28 00:00:00,1,0,2024-07-20 23:15:30,0,2024-07-20 23:15:30,,,
2022-02,陕西省,,,234.52,,759,2022-02-28 00:00:00,1,0,2024-07-20 23:15:30,0,2024-07-20 23:15:30,,,
2022-02,云南省,,,335.51,,760,2022-02-28 00:00:00,1,0,2024-07-20 23:15:30,0,2024-07-20 23:15:30,,,
2022-02,贵州省,,,78.37,,761,2022-02-28 00:00:00,1,0,2024-07-20 23:15:30,0,2024-07-20 23:15:30,,,
2022-02,四川省,,,405.19,,762,2022-02-28 00:00:00,1,0,2024-07-20 23:15:30,0,2024-07-20 23:15:30,,,
2022-02,重庆市,,,152.82,,763,2022-02-28 00:00:00,1,0,2024-07-20 23:15:30,0,2024-07-20 23:15:30,,,
2022-02,广西区,,,597.24,,764,2022-02-28 00:00:00,1,0,2024-07-20 23:15:30,0,2024-07-20 23:15:30,,,
2022-02,广东省,,,535.04,,765,2022-02-28 00:00:00,1,0,2024-07-20 23:15:30,0,2024-07-20 23:15:30,,,
2022-02,湖南省,,,447.67,,766,2022-02-28 00:00:00,1,0,2024-07-20 23:15:30,0,2024-07-20 23:15:30,,,
2022-02,湖北省,,,637.42,,767,2022-02-28 00:00:00,1,0,2024-07-20 23:15:30,0,2024-07-20 23:15:30,,,
2022-02,河南省,,,722.53,,768,2022-02-28 00:00:00,1,0,2024-07-20 23:15:30,0,2024-07-20 23:15:30,,,
2022-02,山东省,,,1084.62,,769,2022-02-28 00:00:00,1,0,2024-07-20 23:15:30,0,2024-07-20 23:15:30,,,
2022-02,江西省,,,434.30,,770,2022-02-28 00:00:00,1,0,2024-07-20 23:15:30,0,2024-07-20 23:15:30,,,
2022-02,福建省,,,400.22,,771,2022-02-28 00:00:00,1,0,2024-07-20 23:15:30,0,2024-07-20 23:15:30,,,
2022-02,安徽省,,,633.56,,772,2022-02-28 00:00:00,1,0,2024-07-20 23:15:30,0,2024-07-20 23:15:30,,,
2022-02,浙江省,,,225.94,,773,2022-02-28 00:00:00,1,0,2024-07-20 23:15:30,0,2024-07-20 23:15:30,,,
2022-02,江苏省,,,2031.05,,774,2022-02-28 00:00:00,1,0,2024-07-20 23:15:30,0,2024-07-20 23:15:30,,,
2022-02,上海市,,,217.48,,775,2022-02-28 00:00:00,1,0,2024-07-20 23:15:30,0,2024-07-20 23:15:30,,,
2022-02,黑龙江省,,,155.20,,776,2022-02-28 00:00:00,1,0,2024-07-20 23:15:30,0,2024-07-20 23:15:30,,,
2022-02,吉林省,,,221.52,,777,2022-02-28 00:00:00,1,0,2024-07-20 23:15:30,0,2024-07-20 23:15:30,,,
2022-02,辽宁省,,,1235.91,,778,2022-02-28 00:00:00,1,0,2024-07-20 23:15:30,0,2024-07-20 23:15:30,,,
2022-02,内蒙古区,,,437.67,,779,2022-02-28 00:00:00,1,0,2024-07-20 23:15:30,0,2024-07-20 23:15:30,,,
2022-02,山西省,,,1066.57,,780,2022-02-28 00:00:00,1,0,2024-07-20 23:15:30,0,2024-07-20 23:15:30,,,
2022-02,河北省,,,2855.65,,781,2022-02-28 00:00:00,1,0,2024-07-20 23:15:32,0,2024-07-20 23:15:32,,,
2022-02,天津市,,,205.84,,782,2022-02-28 00:00:00,1,0,2024-07-20 23:15:32,0,2024-07-20 23:15:32,,,
2022-02,全国,,,15795.80,-10.00,783,2022-02-28 00:00:00,1,0,2024-07-20 23:15:32,0,2024-07-20 23:15:32,,,
2021-12,新疆区,89.12,,1299.91,,784,2021-12-31 00:00:00,1,0,2024-07-20 23:15:32,0,2024-07-20 23:15:32,,,
2021-12,宁夏区,45.05,,596.33,,785,2021-12-31 00:00:00,1,0,2024-07-20 23:15:32,0,2024-07-20 23:15:32,,,
2021-12,青海省,9.80,,186.69,,786,2021-12-31 00:00:00,1,0,2024-07-20 23:15:32,0,2024-07-20 23:15:32,,,
2021-12,甘肃省,36.62,,1059.00,,787,2021-12-31 00:00:00,1,0,2024-07-20 23:15:32,0,2024-07-20 23:15:32,,,
2021-12,陕西省,134.32,,1520.81,,788,2021-12-31 00:00:00,1,0,2024-07-20 23:15:32,0,2024-07-20 23:15:32,,,
2021-12,云南省,201.63,,2361.04,,789,2021-12-31 00:00:00,1,0,2024-07-20 23:15:32,0,2024-07-20 23:15:32,,,
2021-12,贵州省,43.10,,461.93,,790,2021-12-31 00:00:00,1,0,2024-07-20 23:15:32,0,2024-07-20 23:15:32,,,
2021-12,四川省,244.85,,2787.93,,791,2021-12-31 00:00:00,1,0,2024-07-20 23:15:32,0,2024-07-20 23:15:32,,,
2021-12,重庆市,88.58,,899.33,,792,2021-12-31 00:00:00,1,0,2024-07-20 23:15:32,0,2024-07-20 23:15:32,,,
2021-12,广西区,283.57,,3660.88,,793,2021-12-31 00:00:00,1,0,2024-07-20 23:15:32,0,2024-07-20 23:15:32,,,
2021-12,广东省,243.99,,3178.33,,794,2021-12-31 00:00:00,1,0,2024-07-20 23:15:32,0,2024-07-20 23:15:32,,,
2021-12,湖南省,181.42,,2612.68,,795,2021-12-31 00:00:00,1,0,2024-07-20 23:15:32,0,2024-07-20 23:15:32,,,
2021-12,湖北省,289.28,,3656.09,,796,2021-12-31 00:00:00,1,0,2024-07-20 23:15:32,0,2024-07-20 23:15:32,,,
2021-12,河南省,191.22,,3316.10,,797,2021-12-31 00:00:00,1,0,2024-07-20 23:15:32,0,2024-07-20 23:15:32,,,
2021-12,山东省,645.52,,7649.31,,798,2021-12-31 00:00:00,1,0,2024-07-20 23:15:32,0,2024-07-20 23:15:32,,,
2021-12,江西省,261.65,,2710.96,,799,2021-12-31 00:00:00,1,0,2024-07-20 23:15:32,0,2024-07-20 23:15:32,,,
2021-12,福建省,227.59,,2535.52,,800,2021-12-31 00:00:00,1,0,2024-07-20 23:15:32,0,2024-07-20 23:15:32,,,
2021-12,安徽省,302.83,,3646.14,,801,2021-12-31 00:00:00,1,0,2024-07-20 23:15:32,0,2024-07-20 23:15:32,,,
2021-12,浙江省,126.63,,1455.56,,802,2021-12-31 00:00:00,1,0,2024-07-20 23:15:32,0,2024-07-20 23:15:32,,,
2021-12,江苏省,1001.99,,11924.95,,803,2021-12-31 00:00:00,1,0,2024-07-20 23:15:32,0,2024-07-20 23:15:32,,,
2021-12,上海市,134.88,,1577.06,,804,2021-12-31 00:00:00,1,0,2024-07-20 23:15:32,0,2024-07-20 23:15:32,,,
2021-12,黑龙江省,92.65,,960.59,,805,2021-12-31 00:00:00,1,0,2024-07-20 23:15:32,0,2024-07-20 23:15:32,,,
2021-12,吉林省,96.65,,1538.92,,806,2021-12-31 00:00:00,1,0,2024-07-20 23:15:32,0,2024-07-20 23:15:32,,,
2021-12,辽宁省,621.44,,7502.41,,807,2021-12-31 00:00:00,1,0,2024-07-20 23:15:32,0,2024-07-20 23:15:32,,,
2021-12,内蒙古区,315.81,,3117.89,,808,2021-12-31 00:00:00,1,0,2024-07-20 23:15:32,0,2024-07-20 23:15:32,,,
2021-12,山西省,528.66,,6740.69,,809,2021-12-31 00:00:00,1,0,2024-07-20 23:15:32,0,2024-07-20 23:15:32,,,
2021-12,河北省,2066.65,,22496.45,,810,2021-12-31 00:00:00,1,0,2024-07-20 23:15:32,0,2024-07-20 23:15:32,,,
2021-12,天津市,113.80,,1825.25,,811,2021-12-31 00:00:00,1,0,2024-07-20 23:15:36,0,2024-07-20 23:15:36,,,
2021-12,全国,8619.30,-6.80,103278.80,-3.00,812,2021-12-31 00:00:00,1,0,2024-07-20 23:15:36,0,2024-07-20 23:15:36,,,
2021-11,新疆区,57.16,,1210.79,,813,2021-11-30 00:00:00,1,0,2024-07-20 23:15:36,0,2024-07-20 23:15:36,,,
2021-11,宁夏区,40.37,,551.28,,814,2021-11-30 00:00:00,1,0,2024-07-20 23:15:36,0,2024-07-20 23:15:36,,,
2021-11,青海省,12.15,,176.89,,815,2021-11-30 00:00:00,1,0,2024-07-20 23:15:36,0,2024-07-20 23:15:36,,,
2021-11,甘肃省,39.79,,1022.39,,816,2021-11-30 00:00:00,1,0,2024-07-20 23:15:36,0,2024-07-20 23:15:36,,,
2021-11,陕西省,64.75,,1386.49,,817,2021-11-30 00:00:00,1,0,2024-07-20 23:15:36,0,2024-07-20 23:15:36,,,
2021-11,云南省,168.46,,2159.41,,818,2021-11-30 00:00:00,1,0,2024-07-20 23:15:36,0,2024-07-20 23:15:36,,,
2021-11,贵州省,41.14,,418.83,,819,2021-11-30 00:00:00,1,0,2024-07-20 23:15:36,0,2024-07-20 23:15:36,,,
2021-11,四川省,240.55,,2543.08,,820,2021-11-30 00:00:00,1,0,2024-07-20 23:15:36,0,2024-07-20 23:15:36,,,
2021-11,重庆市,32.03,,810.75,,821,2021-11-30 00:00:00,1,0,2024-07-20 23:15:36,0,2024-07-20 23:15:36,,,
2021-11,广西区,276.05,,3377.31,,822,2021-11-30 00:00:00,1,0,2024-07-20 23:15:36,0,2024-07-20 23:15:36,,,
2021-11,广东省,186.75,,2934.34,,823,2021-11-30 00:00:00,1,0,2024-07-20 23:15:36,0,2024-07-20 23:15:36,,,
2021-11,湖南省,155.03,,2431.27,,824,2021-11-30 00:00:00,1,0,2024-07-20 23:15:36,0,2024-07-20 23:15:36,,,
2021-11,湖北省,246.44,,3366.82,,825,2021-11-30 00:00:00,1,0,2024-07-20 23:15:36,0,2024-07-20 23:15:36,,,
2021-11,河南省,200.43,,3124.88,,826,2021-11-30 00:00:00,1,0,2024-07-20 23:15:36,0,2024-07-20 23:15:36,,,
2021-11,山东省,453.45,,7003.79,,827,2021-11-30 00:00:00,1,0,2024-07-20 23:15:36,0,2024-07-20 23:15:36,,,
2021-11,江西省,236.97,,2449.31,,828,2021-11-30 00:00:00,1,0,2024-07-20 23:15:36,0,2024-07-20 23:15:36,,,
2021-11,福建省,171.89,,2286.58,,829,2021-11-30 00:00:00,1,0,2024-07-20 23:15:36,0,2024-07-20 23:15:36,,,
2021-11,安徽省,259.97,,3341.14,,830,2021-11-30 00:00:00,1,0,2024-07-20 23:15:36,0,2024-07-20 23:15:36,,,
2021-11,浙江省,95.59,,1328.92,,831,2021-11-30 00:00:00,1,0,2024-07-20 23:15:36,0,2024-07-20 23:15:36,,,
2021-11,江苏省,892.95,,10922.96,,832,2021-11-30 00:00:00,1,0,2024-07-20 23:15:36,0,2024-07-20 23:15:36,,,
2021-11,上海市,83.83,,1442.18,,833,2021-11-30 00:00:00,1,0,2024-07-20 23:15:36,0,2024-07-20 23:15:36,,,
2021-11,黑龙江省,83.29,,867.94,,834,2021-11-30 00:00:00,1,0,2024-07-20 23:15:36,0,2024-07-20 23:15:36,,,
2021-11,吉林省,85.52,,1442.27,,835,2021-11-30 00:00:00,1,0,2024-07-20 23:15:36,0,2024-07-20 23:15:36,,,
2021-11,辽宁省,493.91,,6880.97,,836,2021-11-30 00:00:00,1,0,2024-07-20 23:15:36,0,2024-07-20 23:15:36,,,
2021-11,内蒙古区,243.02,,2802.08,,837,2021-11-30 00:00:00,1,0,2024-07-20 23:15:36,0,2024-07-20 23:15:36,,,
2021-11,山西省,484.71,,6212.02,,838,2021-11-30 00:00:00,1,0,2024-07-20 23:15:36,0,2024-07-20 23:15:36,,,
2021-11,河北省,1458.12,,20429.81,,839,2021-11-30 00:00:00,1,0,2024-07-20 23:15:36,0,2024-07-20 23:15:36,,,
2021-11,天津市,127.02,,1711.45,,840,2021-11-30 00:00:00,1,0,2024-07-20 23:15:36,0,2024-07-20 23:15:36,,,
2021-11,全国,6931.30,-22.00,94635.90,-2.60,841,2021-11-30 00:00:00,1,0,2024-07-20 23:15:39,0,2024-07-20 23:15:39,,,
2021-10,新疆区,72.75,,1153.63,,842,2021-10-31 00:00:00,1,0,2024-07-20 23:15:39,0,2024-07-20 23:15:39,,,
2021-10,宁夏区,42.24,,510.91,,843,2021-10-31 00:00:00,1,0,2024-07-20 23:15:39,0,2024-07-20 23:15:39,,,
2021-10,青海省,16.30,,164.75,,844,2021-10-31 00:00:00,1,0,2024-07-20 23:15:39,0,2024-07-20 23:15:39,,,
2021-10,甘肃省,70.64,,982.59,,845,2021-10-31 00:00:00,1,0,2024-07-20 23:15:39,0,2024-07-20 23:15:39,,,
2021-10,陕西省,107.37,,1321.74,,846,2021-10-31 00:00:00,1,0,2024-07-20 23:15:39,0,2024-07-20 23:15:39,,,
2021-10,云南省,154.93,,1990.96,,847,2021-10-31 00:00:00,1,0,2024-07-20 23:15:39,0,2024-07-20 23:15:39,,,
2021-10,贵州省,11.94,,377.69,,848,2021-10-31 00:00:00,1,0,2024-07-20 23:15:39,0,2024-07-20 23:15:39,,,
2021-10,四川省,199.78,,2302.53,,849,2021-10-31 00:00:00,1,0,2024-07-20 23:15:39,0,2024-07-20 23:15:39,,,
2021-10,重庆市,26.01,,778.72,,850,2021-10-31 00:00:00,1,0,2024-07-20 23:15:39,0,2024-07-20 23:15:39,,,
2021-10,广西区,282.00,,3101.26,,851,2021-10-31 00:00:00,1,0,2024-07-20 23:15:39,0,2024-07-20 23:15:39,,,
2021-10,广东省,180.80,,2747.59,,852,2021-10-31 00:00:00,1,0,2024-07-20 23:15:39,0,2024-07-20 23:15:39,,,
2021-10,湖南省,204.01,,2276.24,,853,2021-10-31 00:00:00,1,0,2024-07-20 23:15:39,0,2024-07-20 23:15:39,,,
2021-10,湖北省,284.89,,3120.37,,854,2021-10-31 00:00:00,1,0,2024-07-20 23:15:39,0,2024-07-20 23:15:39,,,
2021-10,河南省,236.25,,2924.45,,855,2021-10-31 00:00:00,1,0,2024-07-20 23:15:39,0,2024-07-20 23:15:39,,,
2021-10,山东省,403.04,,6550.34,,856,2021-10-31 00:00:00,1,0,2024-07-20 23:15:39,0,2024-07-20 23:15:39,,,
2021-10,江西省,228.51,,2212.34,,857,2021-10-31 00:00:00,1,0,2024-07-20 23:15:39,0,2024-07-20 23:15:39,,,
2021-10,福建省,175.13,,2114.69,,858,2021-10-31 00:00:00,1,0,2024-07-20 23:15:39,0,2024-07-20 23:15:39,,,
2021-10,安徽省,248.47,,3081.16,,859,2021-10-31 00:00:00,1,0,2024-07-20 23:15:39,0,2024-07-20 23:15:39,,,
2021-10,浙江省,86.55,,1233.34,,860,2021-10-31 00:00:00,1,0,2024-07-20 23:15:39,0,2024-07-20 23:15:39,,,
2021-10,江苏省,903.01,,10030.01,,861,2021-10-31 00:00:00,1,0,2024-07-20 23:15:39,0,2024-07-20 23:15:39,,,
2021-10,上海市,100.33,,1358.35,,862,2021-10-31 00:00:00,1,0,2024-07-20 23:15:39,0,2024-07-20 23:15:39,,,
2021-10,黑龙江省,73.21,,784.65,,863,2021-10-31 00:00:00,1,0,2024-07-20 23:15:39,0,2024-07-20 23:15:39,,,
2021-10,吉林省,77.31,,1356.75,,864,2021-10-31 00:00:00,1,0,2024-07-20 23:15:39,0,2024-07-20 23:15:39,,,
2021-10,辽宁省,521.46,,6387.06,,865,2021-10-31 00:00:00,1,0,2024-07-20 23:15:39,0,2024-07-20 23:15:39,,,
2021-10,内蒙古区,216.86,,2559.06,,866,2021-10-31 00:00:00,1,0,2024-07-20 23:15:39,0,2024-07-20 23:15:39,,,
2021-10,山西省,556.24,,5727.31,,867,2021-10-31 00:00:00,1,0,2024-07-20 23:15:39,0,2024-07-20 23:15:39,,,
2021-10,河北省,1515.66,,18971.68,,868,2021-10-31 00:00:00,1,0,2024-07-20 23:15:39,0,2024-07-20 23:15:39,,,
2021-10,天津市,162.66,,1584.42,,869,2021-10-31 00:00:00,1,0,2024-07-20 23:15:39,0,2024-07-20 23:15:39,,,
2021-10,全国,7158.40,-23.30,87704.60,-0.70,870,2021-10-31 00:00:00,1,0,2024-07-20 23:15:39,0,2024-07-20 23:15:39,,,
2021-09,新疆区,98.88,,1080.87,,871,2021-09-30 00:00:00,1,0,2024-07-20 23:15:42,0,2024-07-20 23:15:42,,,
2021-09,宁夏区,42.32,,468.67,,872,2021-09-30 00:00:00,1,0,2024-07-20 23:15:42,0,2024-07-20 23:15:42,,,
2021-09,青海省,15.83,,148.45,,873,2021-09-30 00:00:00,1,0,2024-07-20 23:15:42,0,2024-07-20 23:15:42,,,
2021-09,甘肃省,92.65,,911.96,,874,2021-09-30 00:00:00,1,0,2024-07-20 23:15:42,0,2024-07-20 23:15:42,,,
2021-09,陕西省,123.04,,1214.37,,875,2021-09-30 00:00:00,1,0,2024-07-20 23:15:42,0,2024-07-20 23:15:42,,,
2021-09,云南省,150.43,,1836.03,,876,2021-09-30 00:00:00,1,0,2024-07-20 23:15:42,0,2024-07-20 23:15:42,,,
2021-09,贵州省,33.40,,365.75,,877,2021-09-30 00:00:00,1,0,2024-07-20 23:15:42,0,2024-07-20 23:15:42,,,
2021-09,四川省,213.92,,2102.75,,878,2021-09-30 00:00:00,1,0,2024-07-20 23:15:42,0,2024-07-20 23:15:42,,,
2021-09,重庆市,17.42,,752.71,,879,2021-09-30 00:00:00,1,0,2024-07-20 23:15:42,0,2024-07-20 23:15:42,,,
2021-09,广西区,246.24,,2819.26,,880,2021-09-30 00:00:00,1,0,2024-07-20 23:15:42,0,2024-07-20 23:15:42,,,
2021-09,广东省,186.45,,2566.78,,881,2021-09-30 00:00:00,1,0,2024-07-20 23:15:42,0,2024-07-20 23:15:42,,,
2021-09,湖南省,190.13,,2072.23,,882,2021-09-30 00:00:00,1,0,2024-07-20 23:15:42,0,2024-07-20 23:15:42,,,
2021-09,湖北省,264.86,,2835.48,,883,2021-09-30 00:00:00,1,0,2024-07-20 23:15:42,0,2024-07-20 23:15:42,,,
2021-09,河南省,236.87,,2688.20,,884,2021-09-30 00:00:00,1,0,2024-07-20 23:15:42,0,2024-07-20 23:15:42,,,
2021-09,山东省,480.87,,6147.30,,885,2021-09-30 00:00:00,1,0,2024-07-20 23:15:42,0,2024-07-20 23:15:42,,,
2021-09,江西省,225.35,,1983.83,,886,2021-09-30 00:00:00,1,0,2024-07-20 23:15:42,0,2024-07-20 23:15:42,,,
2021-09,福建省,167.98,,1939.56,,887,2021-09-30 00:00:00,1,0,2024-07-20 23:15:42,0,2024-07-20 23:15:42,,,
2021-09,安徽省,277.43,,2874.91,,888,2021-09-30 00:00:00,1,0,2024-07-20 23:15:42,0,2024-07-20 23:15:42,,,
2021-09,浙江省,108.25,,1146.79,,889,2021-09-30 00:00:00,1,0,2024-07-20 23:15:42,0,2024-07-20 23:15:42,,,
2021-09,江苏省,782.32,,9127.00,,890,2021-09-30 00:00:00,1,0,2024-07-20 23:15:42,0,2024-07-20 23:15:42,,,
2021-09,上海市,117.31,,1258.03,,891,2021-09-30 00:00:00,1,0,2024-07-20 23:15:42,0,2024-07-20 23:15:42,,,
2021-09,黑龙江省,87.18,,711.43,,892,2021-09-30 00:00:00,1,0,2024-07-20 23:15:42,0,2024-07-20 23:15:42,,,
2021-09,吉林省,115.46,,1279.44,,893,2021-09-30 00:00:00,1,0,2024-07-20 23:15:42,0,2024-07-20 23:15:42,,,
2021-09,辽宁省,540.33,,5865.60,,894,2021-09-30 00:00:00,1,0,2024-07-20 23:15:42,0,2024-07-20 23:15:42,,,
2021-09,内蒙古区,214.39,,2342.21,,895,2021-09-30 00:00:00,1,0,2024-07-20 23:15:42,0,2024-07-20 23:15:42,,,
2021-09,山西省,521.94,,5171.07,,896,2021-09-30 00:00:00,1,0,2024-07-20 23:15:42,0,2024-07-20 23:15:42,,,
2021-09,河北省,1674.87,,17456.03,,897,2021-09-30 00:00:00,1,0,2024-07-20 23:15:42,0,2024-07-20 23:15:42,,,
2021-09,天津市,148.92,,1421.76,,898,2021-09-30 00:00:00,1,0,2024-07-20 23:15:42,0,2024-07-20 23:15:42,,,
2021-09,全国,7375.00,-21.20,80588.50,2.00,899,2021-09-30 00:00:00,1,0,2024-07-20 23:15:42,0,2024-07-20 23:15:42,,,
2021-08,新疆区,137.38,,981.99,,900,2021-08-31 00:00:00,1,0,2024-07-20 23:15:42,0,2024-07-20 23:15:42,,,
2021-08,宁夏区,47.71,,426.35,,901,2021-08-31 00:00:00,1,0,2024-07-20 23:15:44,0,2024-07-20 23:15:44,,,
2021-08,青海省,16.76,,132.62,,902,2021-08-31 00:00:00,1,0,2024-07-20 23:15:44,0,2024-07-20 23:15:44,,,
2021-08,甘肃省,103.04,,819.30,,903,2021-08-31 00:00:00,1,0,2024-07-20 23:15:44,0,2024-07-20 23:15:44,,,
2021-08,陕西省,128.23,,1087.37,,904,2021-08-31 00:00:00,1,0,2024-07-20 23:15:44,0,2024-07-20 23:15:44,,,
2021-08,云南省,182.75,,1685.60,,905,2021-08-31 00:00:00,1,0,2024-07-20 23:15:44,0,2024-07-20 23:15:44,,,
2021-08,贵州省,41.29,,332.35,,906,2021-08-31 00:00:00,1,0,2024-07-20 23:15:44,0,2024-07-20 23:15:44,,,
2021-08,四川省,216.41,,1876.65,,907,2021-08-31 00:00:00,1,0,2024-07-20 23:15:44,0,2024-07-20 23:15:44,,,
2021-08,重庆市,55.34,,737.21,,908,2021-08-31 00:00:00,1,0,2024-07-20 23:15:44,0,2024-07-20 23:15:44,,,
2021-08,广西区,277.32,,2573.02,,909,2021-08-31 00:00:00,1,0,2024-07-20 23:15:44,0,2024-07-20 23:15:44,,,
2021-08,广东省,279.55,,2552.63,,910,2021-08-31 00:00:00,1,0,2024-07-20 23:15:44,0,2024-07-20 23:15:44,,,
2021-08,湖南省,217.00,,1882.10,,911,2021-08-31 00:00:00,1,0,2024-07-20 23:15:44,0,2024-07-20 23:15:44,,,
2021-08,湖北省,256.76,,2571.62,,912,2021-08-31 00:00:00,1,0,2024-07-20 23:15:44,0,2024-07-20 23:15:44,,,
2021-08,河南省,234.17,,2443.46,,913,2021-08-31 00:00:00,1,0,2024-07-20 23:15:44,0,2024-07-20 23:15:44,,,
2021-08,山东省,538.55,,5645.55,,914,2021-08-31 00:00:00,1,0,2024-07-20 23:15:44,0,2024-07-20 23:15:44,,,
2021-08,江西省,226.44,,1758.48,,915,2021-08-31 00:00:00,1,0,2024-07-20 23:15:44,0,2024-07-20 23:15:44,,,
2021-08,福建省,199.15,,1771.58,,916,2021-08-31 00:00:00,1,0,2024-07-20 23:15:44,0,2024-07-20 23:15:44,,,
2021-08,安徽省,280.73,,2556.69,,917,2021-08-31 00:00:00,1,0,2024-07-20 23:15:44,0,2024-07-20 23:15:44,,,
2021-08,浙江省,113.68,,1034.29,,918,2021-08-31 00:00:00,1,0,2024-07-20 23:15:44,0,2024-07-20 23:15:44,,,
2021-08,江苏省,971.67,,8344.68,,919,2021-08-31 00:00:00,1,0,2024-07-20 23:15:44,0,2024-07-20 23:15:44,,,
2021-08,上海市,131.13,,1140.72,,920,2021-08-31 00:00:00,1,0,2024-07-20 23:15:44,0,2024-07-20 23:15:44,,,
2021-08,黑龙江省,76.55,,635.05,,921,2021-08-31 00:00:00,1,0,2024-07-20 23:15:44,0,2024-07-20 23:15:44,,,
2021-08,吉林省,135.16,,1163.99,,922,2021-08-31 00:00:00,1,0,2024-07-20 23:15:44,0,2024-07-20 23:15:44,,,
2021-08,辽宁省,630.40,,5325.07,,923,2021-08-31 00:00:00,1,0,2024-07-20 23:15:44,0,2024-07-20 23:15:44,,,
2021-08,内蒙古区,297.14,,2120.00,,924,2021-08-31 00:00:00,1,0,2024-07-20 23:15:44,0,2024-07-20 23:15:44,,,
2021-08,山西省,542.80,,4649.12,,925,2021-08-31 00:00:00,1,0,2024-07-20 23:15:44,0,2024-07-20 23:15:44,,,
2021-08,河北省,1809.42,,15781.15,,926,2021-08-31 00:00:00,1,0,2024-07-20 23:15:44,0,2024-07-20 23:15:44,,,
2021-08,天津市,177.30,,1272.84,,927,2021-08-31 00:00:00,1,0,2024-07-20 23:15:44,0,2024-07-20 23:15:44,,,
2021-08,全国,8323.90,-13.20,73301.50,5.30,928,2021-08-31 00:00:00,1,0,2024-07-20 23:15:44,0,2024-07-20 23:15:44,,,
2021-07,新疆区,139.88,,844.61,,929,2021-07-31 00:00:00,1,0,2024-07-20 23:15:44,0,2024-07-20 23:15:44,,,
2021-07,宁夏区,56.10,,378.63,,930,2021-07-31 00:00:00,1,0,2024-07-20 23:15:44,0,2024-07-20 23:15:44,,,
2021-07,青海省,16.94,,115.85,,931,2021-07-31 00:00:00,1,0,2024-07-20 23:15:48,0,2024-07-20 23:15:48,,,
2021-07,甘肃省,103.41,,716.26,,932,2021-07-31 00:00:00,1,0,2024-07-20 23:15:48,0,2024-07-20 23:15:48,,,
2021-07,陕西省,137.15,,959.14,,933,2021-07-31 00:00:00,1,0,2024-07-20 23:15:48,0,2024-07-20 23:15:48,,,
2021-07,云南省,196.56,,1502.85,,934,2021-07-31 00:00:00,1,0,2024-07-20 23:15:48,0,2024-07-20 23:15:48,,,
2021-07,贵州省,41.05,,291.06,,935,2021-07-31 00:00:00,1,0,2024-07-20 23:15:48,0,2024-07-20 23:15:48,,,
2021-07,四川省,223.39,,1759.79,,936,2021-07-31 00:00:00,1,0,2024-07-20 23:15:48,0,2024-07-20 23:15:48,,,
2021-07,重庆市,79.70,,680.27,,937,2021-07-31 00:00:00,1,0,2024-07-20 23:15:48,0,2024-07-20 23:15:48,,,
2021-07,广西区,321.41,,2295.70,,938,2021-07-31 00:00:00,1,0,2024-07-20 23:15:48,0,2024-07-20 23:15:48,,,
2021-07,广东省,276.49,,2118.26,,939,2021-07-31 00:00:00,1,0,2024-07-20 23:15:48,0,2024-07-20 23:15:48,,,
2021-07,湖南省,230.10,,1665.09,,940,2021-07-31 00:00:00,1,0,2024-07-20 23:15:48,0,2024-07-20 23:15:48,,,
2021-07,湖北省,267.57,,2315.46,,941,2021-07-31 00:00:00,1,0,2024-07-20 23:15:48,0,2024-07-20 23:15:48,,,
2021-07,河南省,262.50,,2209.29,,942,2021-07-31 00:00:00,1,0,2024-07-20 23:15:48,0,2024-07-20 23:15:48,,,
2021-07,山东省,618.14,,5158.30,,943,2021-07-31 00:00:00,1,0,2024-07-20 23:15:48,0,2024-07-20 23:15:48,,,
2021-07,江西省,235.18,,1532.04,,944,2021-07-31 00:00:00,1,0,2024-07-20 23:15:48,0,2024-07-20 23:15:48,,,
2021-07,福建省,212.56,,1572.43,,945,2021-07-31 00:00:00,1,0,2024-07-20 23:15:48,0,2024-07-20 23:15:48,,,
2021-07,安徽省,305.03,,2271.78,,946,2021-07-31 00:00:00,1,0,2024-07-20 23:15:48,0,2024-07-20 23:15:48,,,
2021-07,浙江省,118.68,,920.61,,947,2021-07-31 00:00:00,1,0,2024-07-20 23:15:48,0,2024-07-20 23:15:48,,,
2021-07,江苏省,1014.48,,7376.69,,948,2021-07-31 00:00:00,1,0,2024-07-20 23:15:48,0,2024-07-20 23:15:48,,,
2021-07,上海市,130.27,,1009.59,,949,2021-07-31 00:00:00,1,0,2024-07-20 23:15:48,0,2024-07-20 23:15:48,,,
2021-07,黑龙江省,74.24,,558.49,,950,2021-07-31 00:00:00,1,0,2024-07-20 23:15:48,0,2024-07-20 23:15:48,,,
2021-07,吉林省,163.37,,1028.83,,951,2021-07-31 00:00:00,1,0,2024-07-20 23:15:48,0,2024-07-20 23:15:48,,,
2021-07,辽宁省,660.88,,4694.67,,952,2021-07-31 00:00:00,1,0,2024-07-20 23:15:48,0,2024-07-20 23:15:48,,,
2021-07,内蒙古区,288.22,,1811.31,,953,2021-07-31 00:00:00,1,0,2024-07-20 23:15:48,0,2024-07-20 23:15:48,,,
2021-07,山西省,525.18,,4106.32,,954,2021-07-31 00:00:00,1,0,2024-07-20 23:15:48,0,2024-07-20 23:15:48,,,
2021-07,河北省,1813.14,,13944.44,,955,2021-07-31 00:00:00,1,0,2024-07-20 23:15:48,0,2024-07-20 23:15:48,,,
2021-07,天津市,167.38,,1095.54,,956,2021-07-31 00:00:00,1,0,2024-07-20 23:15:48,0,2024-07-20 23:15:48,,,
2021-07,全国,8679.00,-8.40,64933.30,8.00,957,2021-07-31 00:00:00,1,0,2024-07-20 23:15:48,0,2024-07-20 23:15:48,,,
2021-06,新疆区,155.42,,704.73,,958,2021-06-30 00:00:00,1,0,2024-07-20 23:15:48,0,2024-07-20 23:15:48,,,
2021-06,宁夏区,54.14,,296.97,,959,2021-06-30 00:00:00,1,0,2024-07-20 23:15:48,0,2024-07-20 23:15:48,,,
2021-06,青海省,17.52,,98.91,,960,2021-06-30 00:00:00,1,0,2024-07-20 23:15:48,0,2024-07-20 23:15:48,,,
2021-06,甘肃省,104.57,,612.85,,961,2021-06-30 00:00:00,1,0,2024-07-20 23:15:52,0,2024-07-20 23:15:52,,,
2021-06,陕西省,154.23,,822.00,,962,2021-06-30 00:00:00,1,0,2024-07-20 23:15:52,0,2024-07-20 23:15:52,,,
2021-06,云南省,218.06,,1306.28,,963,2021-06-30 00:00:00,1,0,2024-07-20 23:15:52,0,2024-07-20 23:15:52,,,
2021-06,贵州省,51.32,,285.99,,964,2021-06-30 00:00:00,1,0,2024-07-20 23:15:52,0,2024-07-20 23:15:52,,,
2021-06,四川省,260.99,,1536.40,,965,2021-06-30 00:00:00,1,0,2024-07-20 23:15:52,0,2024-07-20 23:15:52,,,
2021-06,重庆市,103.05,,600.57,,966,2021-06-30 00:00:00,1,0,2024-07-20 23:15:52,0,2024-07-20 23:15:52,,,
2021-06,广西区,340.56,,1974.30,,967,2021-06-30 00:00:00,1,0,2024-07-20 23:15:52,0,2024-07-20 23:15:52,,,
2021-06,广东省,308.12,,1817.69,,968,2021-06-30 00:00:00,1,0,2024-07-20 23:15:52,0,2024-07-20 23:15:52,,,
2021-06,湖南省,235.51,,1434.99,,969,2021-06-30 00:00:00,1,0,2024-07-20 23:15:52,0,2024-07-20 23:15:52,,,
2021-06,湖北省,363.14,,2047.61,,970,2021-06-30 00:00:00,1,0,2024-07-20 23:15:52,0,2024-07-20 23:15:52,,,
2021-06,河南省,336.41,,1946.79,,971,2021-06-30 00:00:00,1,0,2024-07-20 23:15:52,0,2024-07-20 23:15:52,,,
2021-06,山东省,761.55,,4526.05,,972,2021-06-30 00:00:00,1,0,2024-07-20 23:15:52,0,2024-07-20 23:15:52,,,
2021-06,江西省,236.63,,1296.86,,973,2021-06-30 00:00:00,1,0,2024-07-20 23:15:52,0,2024-07-20 23:15:52,,,
2021-06,福建省,241.59,,1380.81,,974,2021-06-30 00:00:00,1,0,2024-07-20 23:15:52,0,2024-07-20 23:15:52,,,
2021-06,安徽省,347.05,,2103.73,,975,2021-06-30 00:00:00,1,0,2024-07-20 23:15:52,0,2024-07-20 23:15:52,,,
2021-06,浙江省,118.67,,801.93,,976,2021-06-30 00:00:00,1,0,2024-07-20 23:15:52,0,2024-07-20 23:15:52,,,
2021-06,江苏省,1041.03,,6358.06,,977,2021-06-30 00:00:00,1,0,2024-07-20 23:15:52,0,2024-07-20 23:15:52,,,
2021-06,上海市,144.17,,879.31,,978,2021-06-30 00:00:00,1,0,2024-07-20 23:15:52,0,2024-07-20 23:15:52,,,
2021-06,黑龙江省,85.39,,473.46,,979,2021-06-30 00:00:00,1,0,2024-07-20 23:15:52,0,2024-07-20 23:15:52,,,
2021-06,吉林省,148.37,,805.63,,980,2021-06-30 00:00:00,1,0,2024-07-20 23:15:52,0,2024-07-20 23:15:52,,,
2021-06,辽宁省,680.73,,4033.79,,981,2021-06-30 00:00:00,1,0,2024-07-20 23:15:52,0,2024-07-20 23:15:52,,,
2021-06,内蒙古区,266.85,,1523.08,,982,2021-06-30 00:00:00,1,0,2024-07-20 23:15:52,0,2024-07-20 23:15:52,,,
2021-06,山西省,622.17,,3581.14,,983,2021-06-30 00:00:00,1,0,2024-07-20 23:15:52,0,2024-07-20 23:15:52,,,
2021-06,河北省,1825.84,,12154.56,,984,2021-06-30 00:00:00,1,0,2024-07-20 23:15:52,0,2024-07-20 23:15:52,,,
2021-06,天津市,164.44,,928.16,,985,2021-06-30 00:00:00,1,0,2024-07-20 23:15:52,0,2024-07-20 23:15:52,,,
2021-06,全国,9387.50,1.50,56332.60,11.80,986,2021-06-30 00:00:00,1,0,2024-07-20 23:15:52,0,2024-07-20 23:15:52,,,
2021-05,新疆区,137.76,,549.61,,987,2021-05-31 00:00:00,1,0,2024-07-20 23:15:52,0,2024-07-20 23:15:52,,,
2021-05,宁夏区,54.81,,242.83,,988,2021-05-31 00:00:00,1,0,2024-07-20 23:15:52,0,2024-07-20 23:15:52,,,
2021-05,青海省,18.37,,81.39,,989,2021-05-31 00:00:00,1,0,2024-07-20 23:15:52,0,2024-07-20 23:15:52,,,
2021-05,甘肃省,107.39,,508.28,,990,2021-05-31 00:00:00,1,0,2024-07-20 23:15:52,0,2024-07-20 23:15:52,,,
2021-05,陕西省,157.15,,667.76,,991,2021-05-31 00:00:00,1,0,2024-07-20 23:15:55,0,2024-07-20 23:15:55,,,
2021-05,云南省,222.10,,1088.22,,992,2021-05-31 00:00:00,1,0,2024-07-20 23:15:55,0,2024-07-20 23:15:55,,,
2021-05,贵州省,73.10,,311.30,,993,2021-05-31 00:00:00,1,0,2024-07-20 23:15:55,0,2024-07-20 23:15:55,,,
2021-05,四川省,276.69,,1234.87,,994,2021-05-31 00:00:00,1,0,2024-07-20 23:15:55,0,2024-07-20 23:15:55,,,
2021-05,重庆市,106.44,,496.66,,995,2021-05-31 00:00:00,1,0,2024-07-20 23:15:55,0,2024-07-20 23:15:55,,,
2021-05,广西区,352.65,,1633.74,,996,2021-05-31 00:00:00,1,0,2024-07-20 23:15:55,0,2024-07-20 23:15:55,,,
2021-05,广东省,341.06,,1619.36,,997,2021-05-31 00:00:00,1,0,2024-07-20 23:15:55,0,2024-07-20 23:15:55,,,
2021-05,湖南省,251.57,,1199.48,,998,2021-05-31 00:00:00,1,0,2024-07-20 23:15:55,0,2024-07-20 23:15:55,,,
2021-05,湖北省,356.46,,1683.10,,999,2021-05-31 00:00:00,1,0,2024-07-20 23:15:55,0,2024-07-20 23:15:55,,,
2021-05,河南省,363.02,,1610.38,,1000,2021-05-31 00:00:00,1,0,2024-07-20 23:15:55,0,2024-07-20 23:15:55,,,
2021-05,山东省,798.09,,3762.57,,1001,2021-05-31 00:00:00,1,0,2024-07-20 23:15:55,0,2024-07-20 23:15:55,,,
2021-05,江西省,225.22,,1082.57,,1002,2021-05-31 00:00:00,1,0,2024-07-20 23:15:55,0,2024-07-20 23:15:55,,,
2021-05,福建省,246.72,,1190.55,,1003,2021-05-31 00:00:00,1,0,2024-07-20 23:15:55,0,2024-07-20 23:15:55,,,
2021-05,安徽省,369.26,,1757.86,,1004,2021-05-31 00:00:00,1,0,2024-07-20 23:15:55,0,2024-07-20 23:15:55,,,
2021-05,浙江省,147.91,,688.04,,1005,2021-05-31 00:00:00,1,0,2024-07-20 23:15:55,0,2024-07-20 23:15:55,,,
2021-05,江苏省,1087.41,,5471.53,,1006,2021-05-31 00:00:00,1,0,2024-07-20 23:15:55,0,2024-07-20 23:15:55,,,
2021-05,上海市,152.00,,735.14,,1007,2021-05-31 00:00:00,1,0,2024-07-20 23:15:55,0,2024-07-20 23:15:55,,,
2021-05,黑龙江省,89.81,,398.86,,1008,2021-05-31 00:00:00,1,0,2024-07-20 23:15:55,0,2024-07-20 23:15:55,,,
2021-05,吉林省,148.68,,657.26,,1009,2021-05-31 00:00:00,1,0,2024-07-20 23:15:55,0,2024-07-20 23:15:55,,,
2021-05,辽宁省,722.03,,3353.06,,1010,2021-05-31 00:00:00,1,0,2024-07-20 23:15:55,0,2024-07-20 23:15:55,,,
2021-05,内蒙古区,268.79,,1256.23,,1011,2021-05-31 00:00:00,1,0,2024-07-20 23:15:55,0,2024-07-20 23:15:55,,,
2021-05,山西省,624.31,,2958.97,,1012,2021-05-31 00:00:00,1,0,2024-07-20 23:15:55,0,2024-07-20 23:15:55,,,
2021-05,河北省,2067.71,,10306.93,,1013,2021-05-31 00:00:00,1,0,2024-07-20 23:15:55,0,2024-07-20 23:15:55,,,
2021-05,天津市,178.85,,763.72,,1014,2021-05-31 00:00:00,1,0,2024-07-20 23:15:55,0,2024-07-20 23:15:55,,,
2021-05,全国,9945.40,6.60,47310.30,13.90,1015,2021-05-31 00:00:00,1,0,2024-07-20 23:15:55,0,2024-07-20 23:15:55,,,
2021-04,新疆区,136.20,,411.54,,1016,2021-04-30 00:00:00,1,0,2024-07-20 23:15:55,0,2024-07-20 23:15:55,,,
2021-04,宁夏区,47.41,,188.02,,1017,2021-04-30 00:00:00,1,0,2024-07-20 23:15:55,0,2024-07-20 23:15:55,,,
2021-04,青海省,18.11,,63.02,,1018,2021-04-30 00:00:00,1,0,2024-07-20 23:15:55,0,2024-07-20 23:15:55,,,
2021-04,甘肃省,100.17,,400.89,,1019,2021-04-30 00:00:00,1,0,2024-07-20 23:15:55,0,2024-07-20 23:15:55,,,
2021-04,陕西省,136.53,,510.61,,1020,2021-04-30 00:00:00,1,0,2024-07-20 23:15:55,0,2024-07-20 23:15:55,,,
2021-04,云南省,228.03,,866.12,,1021,2021-04-30 00:00:00,1,0,2024-07-20 23:15:58,0,2024-07-20 23:15:58,,,
2021-04,贵州省,66.24,,238.19,,1022,2021-04-30 00:00:00,1,0,2024-07-20 23:15:58,0,2024-07-20 23:15:58,,,
2021-04,四川省,268.33,,958.15,,1023,2021-04-30 00:00:00,1,0,2024-07-20 23:15:58,0,2024-07-20 23:15:58,,,
2021-04,重庆市,105.22,,390.23,,1024,2021-04-30 00:00:00,1,0,2024-07-20 23:15:58,0,2024-07-20 23:15:58,,,
2021-04,广西区,330.78,,1282.72,,1025,2021-04-30 00:00:00,1,0,2024-07-20 23:15:58,0,2024-07-20 23:15:58,,,
2021-04,广东省,352.28,,1279.43,,1026,2021-04-30 00:00:00,1,0,2024-07-20 23:15:58,0,2024-07-20 23:15:58,,,
2021-04,湖南省,244.94,,947.91,,1027,2021-04-30 00:00:00,1,0,2024-07-20 23:15:58,0,2024-07-20 23:15:58,,,
2021-04,湖北省,362.01,,1330.89,,1028,2021-04-30 00:00:00,1,0,2024-07-20 23:15:58,0,2024-07-20 23:15:58,,,
2021-04,河南省,357.17,,1247.36,,1029,2021-04-30 00:00:00,1,0,2024-07-20 23:15:58,0,2024-07-20 23:15:58,,,
2021-04,山东省,786.52,,2937.77,,1030,2021-04-30 00:00:00,1,0,2024-07-20 23:15:58,0,2024-07-20 23:15:58,,,
2021-04,江西省,217.33,,857.35,,1031,2021-04-30 00:00:00,1,0,2024-07-20 23:15:58,0,2024-07-20 23:15:58,,,
2021-04,福建省,286.16,,1119.88,,1032,2021-04-30 00:00:00,1,0,2024-07-20 23:15:58,0,2024-07-20 23:15:58,,,
2021-04,安徽省,367.53,,1388.60,,1033,2021-04-30 00:00:00,1,0,2024-07-20 23:15:58,0,2024-07-20 23:15:58,,,
2021-04,浙江省,151.42,,540.13,,1034,2021-04-30 00:00:00,1,0,2024-07-20 23:15:58,0,2024-07-20 23:15:58,,,
2021-04,江苏省,1124.43,,4319.84,,1035,2021-04-30 00:00:00,1,0,2024-07-20 23:15:58,0,2024-07-20 23:15:58,,,
2021-04,上海市,148.57,,583.14,,1036,2021-04-30 00:00:00,1,0,2024-07-20 23:15:58,0,2024-07-20 23:15:58,,,
2021-04,黑龙江省,83.34,,309.05,,1037,2021-04-30 00:00:00,1,0,2024-07-20 23:15:58,0,2024-07-20 23:15:58,,,
2021-04,吉林省,136.77,,508.58,,1038,2021-04-30 00:00:00,1,0,2024-07-20 23:15:58,0,2024-07-20 23:15:58,,,
2021-04,辽宁省,668.48,,2630.08,,1039,2021-04-30 00:00:00,1,0,2024-07-20 23:15:58,0,2024-07-20 23:15:58,,,
2021-04,内蒙古区,283.31,,987.44,,1040,2021-04-30 00:00:00,1,0,2024-07-20 23:15:58,0,2024-07-20 23:15:58,,,
2021-04,山西省,606.20,,2334.65,,1041,2021-04-30 00:00:00,1,0,2024-07-20 23:15:58,0,2024-07-20 23:15:58,,,
2021-04,河北省,2017.96,,8239.22,,1042,2021-04-30 00:00:00,1,0,2024-07-20 23:15:58,0,2024-07-20 23:15:58,,,
2021-04,天津市,153.18,,584.87,,1043,2021-04-30 00:00:00,1,0,2024-07-20 23:15:58,0,2024-07-20 23:15:58,,,
2021-04,全国,9784.60,13.40,37455.70,15.80,1044,2021-04-30 00:00:00,1,0,2024-07-20 23:15:58,0,2024-07-20 23:15:58,,,
2021-03,新疆区,108.91,,275.34,,1045,2021-03-31 00:00:00,1,0,2024-07-20 23:15:58,0,2024-07-20 23:15:58,,,
2021-03,宁夏区,47.02,,140.61,,1046,2021-03-31 00:00:00,1,0,2024-07-20 23:15:58,0,2024-07-20 23:15:58,,,
2021-03,青海省,18.88,,44.91,,1047,2021-03-31 00:00:00,1,0,2024-07-20 23:15:58,0,2024-07-20 23:15:58,,,
2021-03,甘肃省,109.09,,300.72,,1048,2021-03-31 00:00:00,1,0,2024-07-20 23:15:58,0,2024-07-20 23:15:58,,,
2021-03,陕西省,115.14,,351.31,,1049,2021-03-31 00:00:00,1,0,2024-07-20 23:15:58,0,2024-07-20 23:15:58,,,
2021-03,云南省,244.12,,627.06,,1050,2021-03-31 00:00:00,1,0,2024-07-20 23:15:58,0,2024-07-20 23:15:58,,,
2021-03,贵州省,40.02,,120.70,,1051,2021-03-31 00:00:00,1,0,2024-07-20 23:16:01,0,2024-07-20 23:16:01,,,
2021-03,四川省,250.38,,675.29,,1052,2021-03-31 00:00:00,1,0,2024-07-20 23:16:01,0,2024-07-20 23:16:01,,,
2021-03,重庆市,108.66,,285.01,,1053,2021-03-31 00:00:00,1,0,2024-07-20 23:16:01,0,2024-07-20 23:16:01,,,
2021-03,广西区,339.94,,951.94,,1054,2021-03-31 00:00:00,1,0,2024-07-20 23:16:01,0,2024-07-20 23:16:01,,,
2021-03,广东省,330.92,,908.36,,1055,2021-03-31 00:00:00,1,0,2024-07-20 23:16:01,0,2024-07-20 23:16:01,,,
2021-03,湖南省,244.97,,702.98,,1056,2021-03-31 00:00:00,1,0,2024-07-20 23:16:01,0,2024-07-20 23:16:01,,,
2021-03,湖北省,353.25,,946.64,,1057,2021-03-31 00:00:00,1,0,2024-07-20 23:16:01,0,2024-07-20 23:16:01,,,
2021-03,河南省,342.55,,890.18,,1058,2021-03-31 00:00:00,1,0,2024-07-20 23:16:01,0,2024-07-20 23:16:01,,,
2021-03,山东省,709.61,,2028.62,,1059,2021-03-31 00:00:00,1,0,2024-07-20 23:16:01,0,2024-07-20 23:16:01,,,
2021-03,江西省,205.47,,640.02,,1060,2021-03-31 00:00:00,1,0,2024-07-20 23:16:01,0,2024-07-20 23:16:01,,,
2021-03,福建省,231.85,,670.37,,1061,2021-03-31 00:00:00,1,0,2024-07-20 23:16:01,0,2024-07-20 23:16:01,,,
2021-03,安徽省,340.42,,939.79,,1062,2021-03-31 00:00:00,1,0,2024-07-20 23:16:01,0,2024-07-20 23:16:01,,,
2021-03,浙江省,140.52,,372.66,,1063,2021-03-31 00:00:00,1,0,2024-07-20 23:16:01,0,2024-07-20 23:16:01,,,
2021-03,江苏省,1118.64,,3165.87,,1064,2021-03-31 00:00:00,1,0,2024-07-20 23:16:01,0,2024-07-20 23:16:01,,,
2021-03,上海市,149.28,,434.57,,1065,2021-03-31 00:00:00,1,0,2024-07-20 23:16:01,0,2024-07-20 23:16:01,,,
2021-03,黑龙江省,76.10,,225.71,,1066,2021-03-31 00:00:00,1,0,2024-07-20 23:16:01,0,2024-07-20 23:16:01,,,
2021-03,吉林省,117.19,,371.81,,1067,2021-03-31 00:00:00,1,0,2024-07-20 23:16:01,0,2024-07-20 23:16:01,,,
2021-03,辽宁省,670.09,,1963.65,,1068,2021-03-31 00:00:00,1,0,2024-07-20 23:16:01,0,2024-07-20 23:16:01,,,
2021-03,内蒙古区,226.11,,704.14,,1069,2021-03-31 00:00:00,1,0,2024-07-20 23:16:01,0,2024-07-20 23:16:01,,,
2021-03,山西省,614.77,,1728.44,,1070,2021-03-31 00:00:00,1,0,2024-07-20 23:16:01,0,2024-07-20 23:16:01,,,
2021-03,河北省,2005.77,,6205.84,,1071,2021-03-31 00:00:00,1,0,2024-07-20 23:16:01,0,2024-07-20 23:16:01,,,
2021-03,天津市,142.39,,431.69,,1072,2021-03-31 00:00:00,1,0,2024-07-20 23:16:01,0,2024-07-20 23:16:01,,,
2021-03,全国,9402.10,19.10,27104.20,15.60,1073,2021-03-31 00:00:00,1,0,2024-07-20 23:16:01,0,2024-07-20 23:16:01,,,
2021-02,新疆区,,,166.43,,1074,2021-02-28 00:00:00,1,0,2024-07-20 23:16:01,0,2024-07-20 23:16:01,,,
2021-02,宁夏区,,,93.59,,1075,2021-02-28 00:00:00,1,0,2024-07-20 23:16:01,0,2024-07-20 23:16:01,,,
2021-02,青海省,,,26.03,,1076,2021-02-28 00:00:00,1,0,2024-07-20 23:16:01,0,2024-07-20 23:16:01,,,
2021-02,甘肃省,,,191.62,,1077,2021-02-28 00:00:00,1,0,2024-07-20 23:16:01,0,2024-07-20 23:16:01,,,
2021-02,陕西省,,,236.17,,1078,2021-02-28 00:00:00,1,0,2024-07-20 23:16:01,0,2024-07-20 23:16:01,,,
2021-02,云南省,,,382.94,,1079,2021-02-28 00:00:00,1,0,2024-07-20 23:16:01,0,2024-07-20 23:16:01,,,
2021-02,贵州省,,,80.68,,1080,2021-02-28 00:00:00,1,0,2024-07-20 23:16:01,0,2024-07-20 23:16:01,,,
2021-02,四川省,,,424.57,,1081,2021-02-28 00:00:00,1,0,2024-07-20 23:16:04,0,2024-07-20 23:16:04,,,
2021-02,重庆市,,,176.93,,1082,2021-02-28 00:00:00,1,0,2024-07-20 23:16:04,0,2024-07-20 23:16:04,,,
2021-02,广西区,,,611.99,,1083,2021-02-28 00:00:00,1,0,2024-07-20 23:16:04,0,2024-07-20 23:16:04,,,
2021-02,广东省,,,571.83,,1084,2021-02-28 00:00:00,1,0,2024-07-20 23:16:04,0,2024-07-20 23:16:04,,,
2021-02,湖南省,,,458.01,,1085,2021-02-28 00:00:00,1,0,2024-07-20 23:16:04,0,2024-07-20 23:16:04,,,
2021-02,湖北省,,,590.22,,1086,2021-02-28 00:00:00,1,0,2024-07-20 23:16:04,0,2024-07-20 23:16:04,,,
2021-02,河南省,,,547.95,,1087,2021-02-28 00:00:00,1,0,2024-07-20 23:16:04,0,2024-07-20 23:16:04,,,
2021-02,山东省,,,1319.01,,1088,2021-02-28 00:00:00,1,0,2024-07-20 23:16:04,0,2024-07-20 23:16:04,,,
2021-02,江西省,,,434.55,,1089,2021-02-28 00:00:00,1,0,2024-07-20 23:16:04,0,2024-07-20 23:16:04,,,
2021-02,福建省,,,438.52,,1090,2021-02-28 00:00:00,1,0,2024-07-20 23:16:04,0,2024-07-20 23:16:04,,,
2021-02,安徽省,,,592.03,,1091,2021-02-28 00:00:00,1,0,2024-07-20 23:16:04,0,2024-07-20 23:16:04,,,
2021-02,浙江省,,,232.14,,1092,2021-02-28 00:00:00,1,0,2024-07-20 23:16:04,0,2024-07-20 23:16:04,,,
2021-02,江苏省,,,2029.07,,1093,2021-02-28 00:00:00,1,0,2024-07-20 23:16:04,0,2024-07-20 23:16:04,,,
2021-02,上海市,,,285.30,,1094,2021-02-28 00:00:00,1,0,2024-07-20 23:16:04,0,2024-07-20 23:16:04,,,
2021-02,黑龙江省,,,149.61,,1095,2021-02-28 00:00:00,1,0,2024-07-20 23:16:04,0,2024-07-20 23:16:04,,,
2021-02,吉林省,,,254.62,,1096,2021-02-28 00:00:00,1,0,2024-07-20 23:16:04,0,2024-07-20 23:16:04,,,
2021-02,辽宁省,,,1290.68,,1097,2021-02-28 00:00:00,1,0,2024-07-20 23:16:04,0,2024-07-20 23:16:04,,,
2021-02,内蒙古区,,,478.07,,1098,2021-02-28 00:00:00,1,0,2024-07-20 23:16:04,0,2024-07-20 23:16:04,,,
2021-02,山西省,,,1113.71,,1099,2021-02-28 00:00:00,1,0,2024-07-20 23:16:04,0,2024-07-20 23:16:04,,,
2021-02,河北省,,,4033.35,,1100,2021-02-28 00:00:00,1,0,2024-07-20 23:16:04,0,2024-07-20 23:16:04,,,
2021-02,天津市,,,289.30,,1101,2021-02-28 00:00:00,1,0,2024-07-20 23:16:04,0,2024-07-20 23:16:04,,,
2021-02,全国,,,17498.90,,1102,2021-02-28 00:00:00,1,0,2024-07-20 23:16:04,0,2024-07-20 23:16:04,,,
2020-12,新疆区,98.60,,1306.13,,1103,2020-12-31 00:00:00,1,0,2024-07-20 23:16:04,0,2024-07-20 23:16:04,,,
2020-12,宁夏区,53.70,,466.62,,1104,2020-12-31 00:00:00,1,0,2024-07-20 23:16:04,0,2024-07-20 23:16:04,,,
2020-12,青海省,19.19,,193.24,,1105,2020-12-31 00:00:00,1,0,2024-07-20 23:16:04,0,2024-07-20 23:16:04,,,
2020-12,甘肃省,95.21,,1059.17,,1106,2020-12-31 00:00:00,1,0,2024-07-20 23:16:04,0,2024-07-20 23:16:04,,,
2020-12,陕西省,134.54,,1521.53,,1107,2020-12-31 00:00:00,1,0,2024-07-20 23:16:04,0,2024-07-20 23:16:04,,,
2020-12,云南省,208.11,,2233.02,,1108,2020-12-31 00:00:00,1,0,2024-07-20 23:16:04,0,2024-07-20 23:16:04,,,
2020-12,贵州省,42.76,,461.94,,1109,2020-12-31 00:00:00,1,0,2024-07-20 23:16:04,0,2024-07-20 23:16:04,,,
2020-12,四川省,258.09,,2792.63,,1110,2020-12-31 00:00:00,1,0,2024-07-20 23:16:04,0,2024-07-20 23:16:04,,,
2020-12,重庆市,86.40,,899.95,,1111,2020-12-31 00:00:00,1,0,2024-07-20 23:16:07,0,2024-07-20 23:16:07,,,
2020-12,广西区,214.01,,2275.48,,1112,2020-12-31 00:00:00,1,0,2024-07-20 23:16:07,0,2024-07-20 23:16:07,,,
2020-12,广东省,314.16,,3382.34,,1113,2020-12-31 00:00:00,1,0,2024-07-20 23:16:07,0,2024-07-20 23:16:07,,,
2020-12,湖南省,218.59,,2612.90,,1114,2020-12-31 00:00:00,1,0,2024-07-20 23:16:07,0,2024-07-20 23:16:07,,,
2020-12,湖北省,324.96,,3557.23,,1115,2020-12-31 00:00:00,1,0,2024-07-20 23:16:07,0,2024-07-20 23:16:07,,,
2020-12,河南省,289.77,,3530.16,,1116,2020-12-31 00:00:00,1,0,2024-07-20 23:16:07,0,2024-07-20 23:16:07,,,
2020-12,山东省,675.16,,7993.51,,1117,2020-12-31 00:00:00,1,0,2024-07-20 23:16:07,0,2024-07-20 23:16:07,,,
2020-12,江西省,252.15,,2682.07,,1118,2020-12-31 00:00:00,1,0,2024-07-20 23:16:07,0,2024-07-20 23:16:07,,,
2020-12,福建省,216.03,,2466.50,,1119,2020-12-31 00:00:00,1,0,2024-07-20 23:16:07,0,2024-07-20 23:16:07,,,
2020-12,安徽省,309.03,,3696.69,,1120,2020-12-31 00:00:00,1,0,2024-07-20 23:16:07,0,2024-07-20 23:16:07,,,
2020-12,浙江省,121.07,,1457.03,,1121,2020-12-31 00:00:00,1,0,2024-07-20 23:16:07,0,2024-07-20 23:16:07,,,
2020-12,江苏省,1034.88,,12108.20,,1122,2020-12-31 00:00:00,1,0,2024-07-20 23:16:07,0,2024-07-20 23:16:07,,,
2020-12,上海市,143.52,,1575.60,,1123,2020-12-31 00:00:00,1,0,2024-07-20 23:16:07,0,2024-07-20 23:16:07,,,
2020-12,黑龙江省,99.11,,986.55,,1124,2020-12-31 00:00:00,1,0,2024-07-20 23:16:07,0,2024-07-20 23:16:07,,,
2020-12,吉林省,147.23,,1525.61,,1125,2020-12-31 00:00:00,1,0,2024-07-20 23:16:07,0,2024-07-20 23:16:07,,,
2020-12,辽宁省,658.88,,7609.40,,1126,2020-12-31 00:00:00,1,0,2024-07-20 23:16:07,0,2024-07-20 23:16:07,,,
2020-12,内蒙古区,299.06,,3119.87,,1127,2020-12-31 00:00:00,1,0,2024-07-20 23:16:07,0,2024-07-20 23:16:07,,,
2020-12,山西省,606.91,,6637.78,,1128,2020-12-31 00:00:00,1,0,2024-07-20 23:16:07,0,2024-07-20 23:16:07,,,
2020-12,河北省,2049.47,,24976.95,,1129,2020-12-31 00:00:00,1,0,2024-07-20 23:16:07,0,2024-07-20 23:16:07,,,
2020-12,天津市,154.63,,2171.82,,1130,2020-12-31 00:00:00,1,0,2024-07-20 23:16:07,0,2024-07-20 23:16:07,,,
2020-12,全国,9125.20,7.70,105299.90,5.20,1131,2020-12-31 00:00:00,1,0,2024-07-20 23:16:07,0,2024-07-20 23:16:07,,,
2020-11,新疆区,116.80,,1207.52,,1132,2020-11-30 00:00:00,1,0,2024-07-20 23:16:07,0,2024-07-20 23:16:07,,,
2020-11,宁夏区,44.00,,412.92,,1133,2020-11-30 00:00:00,1,0,2024-07-20 23:16:07,0,2024-07-20 23:16:07,,,
2020-11,青海省,17.84,,174.05,,1134,2020-11-30 00:00:00,1,0,2024-07-20 23:16:07,0,2024-07-20 23:16:07,,,
2020-11,甘肃省,106.69,,963.96,,1135,2020-11-30 00:00:00,1,0,2024-07-20 23:16:07,0,2024-07-20 23:16:07,,,
2020-11,陕西省,131.19,,1387.00,,1136,2020-11-30 00:00:00,1,0,2024-07-20 23:16:07,0,2024-07-20 23:16:07,,,
2020-11,云南省,193.90,,2024.91,,1137,2020-11-30 00:00:00,1,0,2024-07-20 23:16:07,0,2024-07-20 23:16:07,,,
2020-11,贵州省,41.15,,419.17,,1138,2020-11-30 00:00:00,1,0,2024-07-20 23:16:07,0,2024-07-20 23:16:07,,,
2020-11,四川省,242.20,,2535.31,,1139,2020-11-30 00:00:00,1,0,2024-07-20 23:16:07,0,2024-07-20 23:16:07,,,
2020-11,重庆市,76.96,,813.55,,1140,2020-11-30 00:00:00,1,0,2024-07-20 23:16:07,0,2024-07-20 23:16:07,,,
2020-11,广西区,210.89,,2061.47,,1141,2020-11-30 00:00:00,1,0,2024-07-20 23:16:10,0,2024-07-20 23:16:10,,,
2020-11,广东省,317.22,,3055.87,,1142,2020-11-30 00:00:00,1,0,2024-07-20 23:16:10,0,2024-07-20 23:16:10,,,
2020-11,湖南省,226.33,,2394.32,,1143,2020-11-30 00:00:00,1,0,2024-07-20 23:16:10,0,2024-07-20 23:16:10,,,
2020-11,湖北省,343.94,,3232.27,,1144,2020-11-30 00:00:00,1,0,2024-07-20 23:16:10,0,2024-07-20 23:16:10,,,
2020-11,河南省,314.38,,3240.39,,1145,2020-11-30 00:00:00,1,0,2024-07-20 23:16:10,0,2024-07-20 23:16:10,,,
2020-11,山东省,645.95,,7312.39,,1146,2020-11-30 00:00:00,1,0,2024-07-20 23:16:10,0,2024-07-20 23:16:10,,,
2020-11,江西省,235.25,,2429.92,,1147,2020-11-30 00:00:00,1,0,2024-07-20 23:16:10,0,2024-07-20 23:16:10,,,
2020-11,福建省,197.24,,2250.46,,1148,2020-11-30 00:00:00,1,0,2024-07-20 23:16:10,0,2024-07-20 23:16:10,,,
2020-11,安徽省,317.24,,3387.67,,1149,2020-11-30 00:00:00,1,0,2024-07-20 23:16:10,0,2024-07-20 23:16:10,,,
2020-11,浙江省,142.30,,1335.96,,1150,2020-11-30 00:00:00,1,0,2024-07-20 23:16:10,0,2024-07-20 23:16:10,,,
2020-11,江苏省,994.29,,11073.29,,1151,2020-11-30 00:00:00,1,0,2024-07-20 23:16:10,0,2024-07-20 23:16:10,,,
2020-11,上海市,113.19,,1432.08,,1152,2020-11-30 00:00:00,1,0,2024-07-20 23:16:10,0,2024-07-20 23:16:10,,,
2020-11,黑龙江省,90.37,,887.44,,1153,2020-11-30 00:00:00,1,0,2024-07-20 23:16:10,0,2024-07-20 23:16:10,,,
2020-11,吉林省,133.73,,1378.38,,1154,2020-11-30 00:00:00,1,0,2024-07-20 23:16:10,0,2024-07-20 23:16:10,,,
2020-11,辽宁省,617.27,,6950.52,,1155,2020-11-30 00:00:00,1,0,2024-07-20 23:16:10,0,2024-07-20 23:16:10,,,
2020-11,内蒙古区,262.93,,2803.81,,1156,2020-11-30 00:00:00,1,0,2024-07-20 23:16:10,0,2024-07-20 23:16:10,,,
2020-11,山西省,582.06,,6022.47,,1157,2020-11-30 00:00:00,1,0,2024-07-20 23:16:10,0,2024-07-20 23:16:10,,,
2020-11,河北省,1908.88,,22911.49,,1158,2020-11-30 00:00:00,1,0,2024-07-20 23:16:10,0,2024-07-20 23:16:10,,,
2020-11,天津市,141.81,,2017.18,,1159,2020-11-30 00:00:00,1,0,2024-07-20 23:16:10,0,2024-07-20 23:16:10,,,
2020-11,全国,8766.00,8.00,96115.80,5.50,1160,2020-11-30 00:00:00,1,0,2024-07-20 23:16:10,0,2024-07-20 23:16:10,,,
2020-10,新疆区,127.72,,1090.73,,1161,2020-10-31 00:00:00,1,0,2024-07-20 23:16:10,0,2024-07-20 23:16:10,,,
2020-10,宁夏区,45.22,,368.93,,1162,2020-10-31 00:00:00,1,0,2024-07-20 23:16:10,0,2024-07-20 23:16:10,,,
2020-10,青海省,16.08,,156.21,,1163,2020-10-31 00:00:00,1,0,2024-07-20 23:16:10,0,2024-07-20 23:16:10,,,
2020-10,甘肃省,105.86,,857.28,,1164,2020-10-31 00:00:00,1,0,2024-07-20 23:16:10,0,2024-07-20 23:16:10,,,
2020-10,陕西省,126.69,,1253.65,,1165,2020-10-31 00:00:00,1,0,2024-07-20 23:16:10,0,2024-07-20 23:16:10,,,
2020-10,云南省,201.36,,1830.02,,1166,2020-10-31 00:00:00,1,0,2024-07-20 23:16:10,0,2024-07-20 23:16:10,,,
2020-10,贵州省,36.18,,378.03,,1167,2020-10-31 00:00:00,1,0,2024-07-20 23:16:10,0,2024-07-20 23:16:10,,,
2020-10,四川省,250.03,,2294.64,,1168,2020-10-31 00:00:00,1,0,2024-07-20 23:16:10,0,2024-07-20 23:16:10,,,
2020-10,重庆市,74.60,,736.60,,1169,2020-10-31 00:00:00,1,0,2024-07-20 23:16:10,0,2024-07-20 23:16:10,,,
2020-10,广西区,222.20,,1859.89,,1170,2020-10-31 00:00:00,1,0,2024-07-20 23:16:10,0,2024-07-20 23:16:10,,,
2020-10,广东省,321.53,,2738.65,,1171,2020-10-31 00:00:00,1,0,2024-07-20 23:16:13,0,2024-07-20 23:16:13,,,
2020-10,湖南省,236.28,,2167.98,,1172,2020-10-31 00:00:00,1,0,2024-07-20 23:16:13,0,2024-07-20 23:16:13,,,
2020-10,湖北省,332.42,,2852.88,,1173,2020-10-31 00:00:00,1,0,2024-07-20 23:16:13,0,2024-07-20 23:16:13,,,
2020-10,河南省,323.49,,2926.02,,1174,2020-10-31 00:00:00,1,0,2024-07-20 23:16:13,0,2024-07-20 23:16:13,,,
2020-10,山东省,671.66,,6666.44,,1175,2020-10-31 00:00:00,1,0,2024-07-20 23:16:13,0,2024-07-20 23:16:13,,,
2020-10,江西省,227.76,,2194.71,,1176,2020-10-31 00:00:00,1,0,2024-07-20 23:16:13,0,2024-07-20 23:16:13,,,
2020-10,福建省,209.65,,2053.23,,1177,2020-10-31 00:00:00,1,0,2024-07-20 23:16:13,0,2024-07-20 23:16:13,,,
2020-10,安徽省,330.04,,3070.43,,1178,2020-10-31 00:00:00,1,0,2024-07-20 23:16:13,0,2024-07-20 23:16:13,,,
2020-10,浙江省,138.91,,1193.67,,1179,2020-10-31 00:00:00,1,0,2024-07-20 23:16:13,0,2024-07-20 23:16:13,,,
2020-10,江苏省,1093.72,,10079.00,,1180,2020-10-31 00:00:00,1,0,2024-07-20 23:16:13,0,2024-07-20 23:16:13,,,
2020-10,上海市,118.92,,1318.89,,1181,2020-10-31 00:00:00,1,0,2024-07-20 23:16:13,0,2024-07-20 23:16:13,,,
2020-10,黑龙江省,85.87,,797.07,,1182,2020-10-31 00:00:00,1,0,2024-07-20 23:16:13,0,2024-07-20 23:16:13,,,
2020-10,吉林省,129.25,,1244.65,,1183,2020-10-31 00:00:00,1,0,2024-07-20 23:16:13,0,2024-07-20 23:16:13,,,
2020-10,辽宁省,648.62,,6333.10,,1184,2020-10-31 00:00:00,1,0,2024-07-20 23:16:13,0,2024-07-20 23:16:13,,,
2020-10,内蒙古区,290.72,,2540.88,,1185,2020-10-31 00:00:00,1,0,2024-07-20 23:16:13,0,2024-07-20 23:16:13,,,
2020-10,山西省,581.79,,5436.24,,1186,2020-10-31 00:00:00,1,0,2024-07-20 23:16:13,0,2024-07-20 23:16:13,,,
2020-10,河北省,2095.47,,21078.14,,1187,2020-10-31 00:00:00,1,0,2024-07-20 23:16:13,0,2024-07-20 23:16:13,,,
2020-10,天津市,178.18,,1875.37,,1188,2020-10-31 00:00:00,1,0,2024-07-20 23:16:13,0,2024-07-20 23:16:13,,,
2020-10,全国,9220.20,12.70,87393.30,5.50,1189,2020-10-31 00:00:00,1,0,2024-07-20 23:16:13,0,2024-07-20 23:16:13,,,
2020-09,新疆区,135.37,,963.01,,1190,2020-09-30 00:00:00,1,0,2024-07-20 23:16:13,0,2024-07-20 23:16:13,,,
2020-09,宁夏区,47.54,,323.71,,1191,2020-09-30 00:00:00,1,0,2024-07-20 23:16:13,0,2024-07-20 23:16:13,,,
2020-09,青海省,17.78,,140.13,,1192,2020-09-30 00:00:00,1,0,2024-07-20 23:16:13,0,2024-07-20 23:16:13,,,
2020-09,甘肃省,105.06,,751.42,,1193,2020-09-30 00:00:00,1,0,2024-07-20 23:16:13,0,2024-07-20 23:16:13,,,
2020-09,陕西省,134.83,,1126.97,,1194,2020-09-30 00:00:00,1,0,2024-07-20 23:16:13,0,2024-07-20 23:16:13,,,
2020-09,云南省,189.67,,1627.28,,1195,2020-09-30 00:00:00,1,0,2024-07-20 23:16:13,0,2024-07-20 23:16:13,,,
2020-09,贵州省,40.37,,341.84,,1196,2020-09-30 00:00:00,1,0,2024-07-20 23:16:13,0,2024-07-20 23:16:13,,,
2020-09,四川省,251.63,,2044.61,,1197,2020-09-30 00:00:00,1,0,2024-07-20 23:16:13,0,2024-07-20 23:16:13,,,
2020-09,重庆市,75.42,,662.00,,1198,2020-09-30 00:00:00,1,0,2024-07-20 23:16:13,0,2024-07-20 23:16:13,,,
2020-09,广西区,206.99,,1639.75,,1199,2020-09-30 00:00:00,1,0,2024-07-20 23:16:13,0,2024-07-20 23:16:13,,,
2020-09,广东省,297.56,,2417.12,,1200,2020-09-30 00:00:00,1,0,2024-07-20 23:16:13,0,2024-07-20 23:16:13,,,
2020-09,湖南省,223.52,,1931.70,,1201,2020-09-30 00:00:00,1,0,2024-07-20 23:16:17,0,2024-07-20 23:16:17,,,
2020-09,湖北省,321.55,,2520.46,,1202,2020-09-30 00:00:00,1,0,2024-07-20 23:16:17,0,2024-07-20 23:16:17,,,
2020-09,河南省,322.78,,2602.52,,1203,2020-09-30 00:00:00,1,0,2024-07-20 23:16:17,0,2024-07-20 23:16:17,,,
2020-09,山东省,688.17,,5987.70,,1204,2020-09-30 00:00:00,1,0,2024-07-20 23:16:17,0,2024-07-20 23:16:17,,,
2020-09,江西省,226.52,,1966.95,,1205,2020-09-30 00:00:00,1,0,2024-07-20 23:16:17,0,2024-07-20 23:16:17,,,
2020-09,福建省,207.92,,1843.57,,1206,2020-09-30 00:00:00,1,0,2024-07-20 23:16:17,0,2024-07-20 23:16:17,,,
2020-09,安徽省,323.74,,2740.38,,1207,2020-09-30 00:00:00,1,0,2024-07-20 23:16:17,0,2024-07-20 23:16:17,,,
2020-09,浙江省,140.96,,1054.75,,1208,2020-09-30 00:00:00,1,0,2024-07-20 23:16:17,0,2024-07-20 23:16:17,,,
2020-09,江苏省,1074.28,,8973.89,,1209,2020-09-30 00:00:00,1,0,2024-07-20 23:16:17,0,2024-07-20 23:16:17,,,
2020-09,上海市,111.41,,1199.97,,1210,2020-09-30 00:00:00,1,0,2024-07-20 23:16:17,0,2024-07-20 23:16:17,,,
2020-09,黑龙江省,85.03,,711.20,,1211,2020-09-30 00:00:00,1,0,2024-07-20 23:16:17,0,2024-07-20 23:16:17,,,
2020-09,吉林省,139.07,,1115.40,,1212,2020-09-30 00:00:00,1,0,2024-07-20 23:16:17,0,2024-07-20 23:16:17,,,
2020-09,辽宁省,664.68,,5688.48,,1213,2020-09-30 00:00:00,1,0,2024-07-20 23:16:17,0,2024-07-20 23:16:17,,,
2020-09,内蒙古区,265.94,,2250.16,,1214,2020-09-30 00:00:00,1,0,2024-07-20 23:16:17,0,2024-07-20 23:16:17,,,
2020-09,山西省,584.28,,4854.45,,1215,2020-09-30 00:00:00,1,0,2024-07-20 23:16:17,0,2024-07-20 23:16:17,,,
2020-09,河北省,2168.46,,18982.68,,1216,2020-09-30 00:00:00,1,0,2024-07-20 23:16:17,0,2024-07-20 23:16:17,,,
2020-09,天津市,205.01,,1697.19,,1217,2020-09-30 00:00:00,1,0,2024-07-20 23:16:17,0,2024-07-20 23:16:17,,,
2020-09,全国,9255.50,10.90,78159.30,4.50,1218,2020-09-30 00:00:00,1,0,2024-07-20 23:16:17,0,2024-07-20 23:16:17,,,
2020-08,新疆区,126.61,,827.63,,1219,2020-08-31 00:00:00,1,0,2024-07-20 23:16:17,0,2024-07-20 23:16:17,,,
2020-08,宁夏区,49.89,,276.17,,1220,2020-08-31 00:00:00,1,0,2024-07-20 23:16:17,0,2024-07-20 23:16:17,,,
2020-08,青海省,17.78,,122.35,,1221,2020-08-31 00:00:00,1,0,2024-07-20 23:16:17,0,2024-07-20 23:16:17,,,
2020-08,甘肃省,106.49,,646.36,,1222,2020-08-31 00:00:00,1,0,2024-07-20 23:16:17,0,2024-07-20 23:16:17,,,
2020-08,陕西省,137.52,,992.14,,1223,2020-08-31 00:00:00,1,0,2024-07-20 23:16:17,0,2024-07-20 23:16:17,,,
2020-08,云南省,188.65,,1414.59,,1224,2020-08-31 00:00:00,1,0,2024-07-20 23:16:17,0,2024-07-20 23:16:17,,,
2020-08,贵州省,41.58,,316.99,,1225,2020-08-31 00:00:00,1,0,2024-07-20 23:16:17,0,2024-07-20 23:16:17,,,
2020-08,四川省,243.19,,1792.98,,1226,2020-08-31 00:00:00,1,0,2024-07-20 23:16:17,0,2024-07-20 23:16:17,,,
2020-08,重庆市,86.93,,586.58,,1227,2020-08-31 00:00:00,1,0,2024-07-20 23:16:17,0,2024-07-20 23:16:17,,,
2020-08,广西区,203.20,,1432.77,,1228,2020-08-31 00:00:00,1,0,2024-07-20 23:16:17,0,2024-07-20 23:16:17,,,
2020-08,广东省,293.09,,2120.99,,1229,2020-08-31 00:00:00,1,0,2024-07-20 23:16:17,0,2024-07-20 23:16:17,,,
2020-08,湖南省,225.73,,1708.18,,1230,2020-08-31 00:00:00,1,0,2024-07-20 23:16:17,0,2024-07-20 23:16:17,,,
2020-08,湖北省,310.12,,2197.31,,1231,2020-08-31 00:00:00,1,0,2024-07-20 23:16:20,0,2024-07-20 23:16:20,,,
2020-08,河南省,331.57,,2279.74,,1232,2020-08-31 00:00:00,1,0,2024-07-20 23:16:20,0,2024-07-20 23:16:20,,,
2020-08,山东省,717.10,,5298.52,,1233,2020-08-31 00:00:00,1,0,2024-07-20 23:16:20,0,2024-07-20 23:16:20,,,
2020-08,江西省,231.81,,1740.43,,1234,2020-08-31 00:00:00,1,0,2024-07-20 23:16:20,0,2024-07-20 23:16:20,,,
2020-08,福建省,217.63,,1635.65,,1235,2020-08-31 00:00:00,1,0,2024-07-20 23:16:20,0,2024-07-20 23:16:20,,,
2020-08,安徽省,317.80,,2416.64,,1236,2020-08-31 00:00:00,1,0,2024-07-20 23:16:20,0,2024-07-20 23:16:20,,,
2020-08,浙江省,135.18,,913.79,,1237,2020-08-31 00:00:00,1,0,2024-07-20 23:16:20,0,2024-07-20 23:16:20,,,
2020-08,江苏省,1062.76,,7893.42,,1238,2020-08-31 00:00:00,1,0,2024-07-20 23:16:20,0,2024-07-20 23:16:20,,,
2020-08,上海市,140.08,,1088.55,,1239,2020-08-31 00:00:00,1,0,2024-07-20 23:16:20,0,2024-07-20 23:16:20,,,
2020-08,黑龙江省,87.93,,626.18,,1240,2020-08-31 00:00:00,1,0,2024-07-20 23:16:20,0,2024-07-20 23:16:20,,,
2020-08,吉林省,136.83,,976.34,,1241,2020-08-31 00:00:00,1,0,2024-07-20 23:16:20,0,2024-07-20 23:16:20,,,
2020-08,辽宁省,677.54,,5023.80,,1242,2020-08-31 00:00:00,1,0,2024-07-20 23:16:20,0,2024-07-20 23:16:20,,,
2020-08,内蒙古区,278.01,,1984.22,,1243,2020-08-31 00:00:00,1,0,2024-07-20 23:16:20,0,2024-07-20 23:16:20,,,
2020-08,山西省,574.55,,4270.18,,1244,2020-08-31 00:00:00,1,0,2024-07-20 23:16:20,0,2024-07-20 23:16:20,,,
2020-08,河北省,2317.26,,16814.22,,1245,2020-08-31 00:00:00,1,0,2024-07-20 23:16:20,0,2024-07-20 23:16:20,,,
2020-08,天津市,227.66,,1492.18,,1246,2020-08-31 00:00:00,1,0,2024-07-20 23:16:20,0,2024-07-20 23:16:20,,,
2020-08,全国,9484.50,8.40,68888.90,3.70,1247,2020-08-31 00:00:00,1,0,2024-07-20 23:16:20,0,2024-07-20 23:16:20,,,
2020-07,新疆区,137.99,,701.02,,1248,2020-07-31 00:00:00,1,0,2024-07-20 23:16:20,0,2024-07-20 23:16:20,,,
2020-07,宁夏区,47.80,,226.29,,1249,2020-07-31 00:00:00,1,0,2024-07-20 23:16:20,0,2024-07-20 23:16:20,,,
2020-07,青海省,15.28,,104.57,,1250,2020-07-31 00:00:00,1,0,2024-07-20 23:16:20,0,2024-07-20 23:16:20,,,
2020-07,甘肃省,92.29,,539.87,,1251,2020-07-31 00:00:00,1,0,2024-07-20 23:16:20,0,2024-07-20 23:16:20,,,
2020-07,陕西省,141.13,,854.61,,1252,2020-07-31 00:00:00,1,0,2024-07-20 23:16:20,0,2024-07-20 23:16:20,,,
2020-07,云南省,193.64,,1223.60,,1253,2020-07-31 00:00:00,1,0,2024-07-20 23:16:20,0,2024-07-20 23:16:20,,,
2020-07,贵州省,42.03,,275.21,,1254,2020-07-31 00:00:00,1,0,2024-07-20 23:16:20,0,2024-07-20 23:16:20,,,
2020-07,四川省,241.35,,1549.79,,1255,2020-07-31 00:00:00,1,0,2024-07-20 23:16:20,0,2024-07-20 23:16:20,,,
2020-07,重庆市,90.36,,499.65,,1256,2020-07-31 00:00:00,1,0,2024-07-20 23:16:20,0,2024-07-20 23:16:20,,,
2020-07,广西区,181.58,,1241.70,,1257,2020-07-31 00:00:00,1,0,2024-07-20 23:16:20,0,2024-07-20 23:16:20,,,
2020-07,广东省,283.69,,1827.91,,1258,2020-07-31 00:00:00,1,0,2024-07-20 23:16:20,0,2024-07-20 23:16:20,,,
2020-07,湖南省,224.08,,1482.45,,1259,2020-07-31 00:00:00,1,0,2024-07-20 23:16:20,0,2024-07-20 23:16:20,,,
2020-07,湖北省,309.86,,1886.51,,1260,2020-07-31 00:00:00,1,0,2024-07-20 23:16:20,0,2024-07-20 23:16:20,,,
2020-07,河南省,329.01,,1948.17,,1261,2020-07-31 00:00:00,1,0,2024-07-20 23:16:24,0,2024-07-20 23:16:24,,,
2020-07,山东省,720.48,,4581.42,,1262,2020-07-31 00:00:00,1,0,2024-07-20 23:16:24,0,2024-07-20 23:16:24,,,
2020-07,江西省,224.23,,1508.62,,1263,2020-07-31 00:00:00,1,0,2024-07-20 23:16:24,0,2024-07-20 23:16:24,,,
2020-07,福建省,224.79,,1418.02,,1264,2020-07-31 00:00:00,1,0,2024-07-20 23:16:24,0,2024-07-20 23:16:24,,,
2020-07,安徽省,298.69,,2096.83,,1265,2020-07-31 00:00:00,1,0,2024-07-20 23:16:24,0,2024-07-20 23:16:24,,,
2020-07,浙江省,127.59,,778.61,,1266,2020-07-31 00:00:00,1,0,2024-07-20 23:16:24,0,2024-07-20 23:16:24,,,
2020-07,江苏省,1038.06,,6729.67,,1267,2020-07-31 00:00:00,1,0,2024-07-20 23:16:24,0,2024-07-20 23:16:24,,,
2020-07,上海市,139.89,,948.48,,1268,2020-07-31 00:00:00,1,0,2024-07-20 23:16:24,0,2024-07-20 23:16:24,,,
2020-07,黑龙江省,85.90,,538.25,,1269,2020-07-31 00:00:00,1,0,2024-07-20 23:16:24,0,2024-07-20 23:16:24,,,
2020-07,吉林省,129.46,,839.51,,1270,2020-07-31 00:00:00,1,0,2024-07-20 23:16:24,0,2024-07-20 23:16:24,,,
2020-07,辽宁省,666.88,,4346.26,,1271,2020-07-31 00:00:00,1,0,2024-07-20 23:16:24,0,2024-07-20 23:16:24,,,
2020-07,内蒙古区,293.48,,1706.21,,1272,2020-07-31 00:00:00,1,0,2024-07-20 23:16:24,0,2024-07-20 23:16:24,,,
2020-07,山西省,579.12,,3695.64,,1273,2020-07-31 00:00:00,1,0,2024-07-20 23:16:24,0,2024-07-20 23:16:24,,,
2020-07,河北省,2252.62,,14504.04,,1274,2020-07-31 00:00:00,1,0,2024-07-20 23:16:24,0,2024-07-20 23:16:24,,,
2020-07,天津市,224.59,,1264.52,,1275,2020-07-31 00:00:00,1,0,2024-07-20 23:16:24,0,2024-07-20 23:16:24,,,
2020-07,全国,9335.90,9.10,59317.40,2.80,1276,2020-07-31 00:00:00,1,0,2024-07-20 23:16:24,0,2024-07-20 23:16:24,,,
2020-06,新疆区,139.49,,563.03,,1277,2020-06-30 00:00:00,1,0,2024-07-20 23:16:24,0,2024-07-20 23:16:24,,,
2020-06,宁夏区,43.11,,178.49,,1278,2020-06-30 00:00:00,1,0,2024-07-20 23:16:24,0,2024-07-20 23:16:24,,,
2020-06,青海省,17.22,,89.29,,1279,2020-06-30 00:00:00,1,0,2024-07-20 23:16:24,0,2024-07-20 23:16:24,,,
2020-06,甘肃省,86.13,,447.58,,1280,2020-06-30 00:00:00,1,0,2024-07-20 23:16:24,0,2024-07-20 23:16:24,,,
2020-06,陕西省,138.93,,713.48,,1281,2020-06-30 00:00:00,1,0,2024-07-20 23:16:24,0,2024-07-20 23:16:24,,,
2020-06,云南省,185.94,,1023.67,,1282,2020-06-30 00:00:00,1,0,2024-07-20 23:16:24,0,2024-07-20 23:16:24,,,
2020-06,贵州省,40.23,,233.38,,1283,2020-06-30 00:00:00,1,0,2024-07-20 23:16:24,0,2024-07-20 23:16:24,,,
2020-06,四川省,256.21,,1308.44,,1284,2020-06-30 00:00:00,1,0,2024-07-20 23:16:24,0,2024-07-20 23:16:24,,,
2020-06,重庆市,87.21,,407.64,,1285,2020-06-30 00:00:00,1,0,2024-07-20 23:16:24,0,2024-07-20 23:16:24,,,
2020-06,广西区,195.55,,1060.13,,1286,2020-06-30 00:00:00,1,0,2024-07-20 23:16:24,0,2024-07-20 23:16:24,,,
2020-06,广东省,282.28,,1544.21,,1287,2020-06-30 00:00:00,1,0,2024-07-20 23:16:24,0,2024-07-20 23:16:24,,,
2020-06,湖南省,215.28,,1258.37,,1288,2020-06-30 00:00:00,1,0,2024-07-20 23:16:24,0,2024-07-20 23:16:24,,,
2020-06,湖北省,308.54,,1575.89,,1289,2020-06-30 00:00:00,1,0,2024-07-20 23:16:24,0,2024-07-20 23:16:24,,,
2020-06,河南省,313.68,,1619.17,,1290,2020-06-30 00:00:00,1,0,2024-07-20 23:16:24,0,2024-07-20 23:16:24,,,
2020-06,山东省,672.31,,3867.84,,1291,2020-06-30 00:00:00,1,0,2024-07-20 23:16:28,0,2024-07-20 23:16:28,,,
2020-06,江西省,228.05,,1284.39,,1292,2020-06-30 00:00:00,1,0,2024-07-20 23:16:28,0,2024-07-20 23:16:28,,,
2020-06,福建省,222.89,,1193.23,,1293,2020-06-30 00:00:00,1,0,2024-07-20 23:16:28,0,2024-07-20 23:16:28,,,
2020-06,安徽省,308.16,,1772.73,,1294,2020-06-30 00:00:00,1,0,2024-07-20 23:16:28,0,2024-07-20 23:16:28,,,
2020-06,浙江省,128.72,,651.03,,1295,2020-06-30 00:00:00,1,0,2024-07-20 23:16:28,0,2024-07-20 23:16:28,,,
2020-06,江苏省,1019.23,,5638.16,,1296,2020-06-30 00:00:00,1,0,2024-07-20 23:16:28,0,2024-07-20 23:16:28,,,
2020-06,上海市,137.07,,808.60,,1297,2020-06-30 00:00:00,1,0,2024-07-20 23:16:28,0,2024-07-20 23:16:28,,,
2020-06,黑龙江省,84.18,,452.35,,1298,2020-06-30 00:00:00,1,0,2024-07-20 23:16:28,0,2024-07-20 23:16:28,,,
2020-06,吉林省,138.81,,710.05,,1299,2020-06-30 00:00:00,1,0,2024-07-20 23:16:28,0,2024-07-20 23:16:28,,,
2020-06,辽宁省,629.92,,3679.38,,1300,2020-06-30 00:00:00,1,0,2024-07-20 23:16:28,0,2024-07-20 23:16:28,,,
2020-06,内蒙古区,282.94,,1412.73,,1301,2020-06-30 00:00:00,1,0,2024-07-20 23:16:28,0,2024-07-20 23:16:28,,,
2020-06,山西省,571.42,,3116.52,,1302,2020-06-30 00:00:00,1,0,2024-07-20 23:16:28,0,2024-07-20 23:16:28,,,
2020-06,河北省,2209.21,,12251.42,,1303,2020-06-30 00:00:00,1,0,2024-07-20 23:16:28,0,2024-07-20 23:16:28,,,
2020-06,天津市,215.16,,1039.93,,1304,2020-06-30 00:00:00,1,0,2024-07-20 23:16:28,0,2024-07-20 23:16:28,,,
2020-06,全国,9157.90,4.50,49901.10,1.40,1305,2020-06-30 00:00:00,1,0,2024-07-20 23:16:28,0,2024-07-20 23:16:28,,,
2020-05,新疆区,132.49,,423.54,,1306,2020-05-31 00:00:00,1,0,2024-07-20 23:16:28,0,2024-07-20 23:16:28,,,
2020-05,宁夏区,41.51,,135.38,,1307,2020-05-31 00:00:00,1,0,2024-07-20 23:16:28,0,2024-07-20 23:16:28,,,
2020-05,青海省,16.76,,72.07,,1308,2020-05-31 00:00:00,1,0,2024-07-20 23:16:28,0,2024-07-20 23:16:28,,,
2020-05,甘肃省,87.46,,361.45,,1309,2020-05-31 00:00:00,1,0,2024-07-20 23:16:28,0,2024-07-20 23:16:28,,,
2020-05,陕西省,143.32,,574.55,,1310,2020-05-31 00:00:00,1,0,2024-07-20 23:16:28,0,2024-07-20 23:16:28,,,
2020-05,云南省,180.12,,837.73,,1311,2020-05-31 00:00:00,1,0,2024-07-20 23:16:28,0,2024-07-20 23:16:28,,,
2020-05,贵州省,43.51,,193.15,,1312,2020-05-31 00:00:00,1,0,2024-07-20 23:16:28,0,2024-07-20 23:16:28,,,
2020-05,四川省,232.29,,1052.22,,1313,2020-05-31 00:00:00,1,0,2024-07-20 23:16:28,0,2024-07-20 23:16:28,,,
2020-05,重庆市,77.39,,341.81,,1314,2020-05-31 00:00:00,1,0,2024-07-20 23:16:28,0,2024-07-20 23:16:28,,,
2020-05,广西区,277.42,,1289.82,,1315,2020-05-31 00:00:00,1,0,2024-07-20 23:16:28,0,2024-07-20 23:16:28,,,
2020-05,广东省,295.40,,1261.93,,1316,2020-05-31 00:00:00,1,0,2024-07-20 23:16:28,0,2024-07-20 23:16:28,,,
2020-05,湖南省,224.16,,1043.09,,1317,2020-05-31 00:00:00,1,0,2024-07-20 23:16:28,0,2024-07-20 23:16:28,,,
2020-05,湖北省,303.39,,1271.60,,1318,2020-05-31 00:00:00,1,0,2024-07-20 23:16:28,0,2024-07-20 23:16:28,,,
2020-05,河南省,335.56,,1305.48,,1319,2020-05-31 00:00:00,1,0,2024-07-20 23:16:28,0,2024-07-20 23:16:28,,,
2020-05,山东省,700.35,,3195.53,,1320,2020-05-31 00:00:00,1,0,2024-07-20 23:16:28,0,2024-07-20 23:16:28,,,
2020-05,江西省,222.08,,1056.34,,1321,2020-05-31 00:00:00,1,0,2024-07-20 23:16:31,0,2024-07-20 23:16:31,,,
2020-05,福建省,225.87,,971.02,,1322,2020-05-31 00:00:00,1,0,2024-07-20 23:16:31,0,2024-07-20 23:16:31,,,
2020-05,安徽省,318.48,,1463.69,,1323,2020-05-31 00:00:00,1,0,2024-07-20 23:16:31,0,2024-07-20 23:16:31,,,
2020-05,浙江省,123.07,,522.30,,1324,2020-05-31 00:00:00,1,0,2024-07-20 23:16:31,0,2024-07-20 23:16:31,,,
2020-05,江苏省,997.01,,4609.10,,1325,2020-05-31 00:00:00,1,0,2024-07-20 23:16:31,0,2024-07-20 23:16:31,,,
2020-05,上海市,133.62,,671.53,,1326,2020-05-31 00:00:00,1,0,2024-07-20 23:16:31,0,2024-07-20 23:16:31,,,
2020-05,黑龙江省,77.47,,368.17,,1327,2020-05-31 00:00:00,1,0,2024-07-20 23:16:31,0,2024-07-20 23:16:31,,,
2020-05,吉林省,110.40,,571.25,,1328,2020-05-31 00:00:00,1,0,2024-07-20 23:16:31,0,2024-07-20 23:16:31,,,
2020-05,辽宁省,633.23,,3040.45,,1329,2020-05-31 00:00:00,1,0,2024-07-20 23:16:31,0,2024-07-20 23:16:31,,,
2020-05,内蒙古区,259.52,,1129.80,,1330,2020-05-31 00:00:00,1,0,2024-07-20 23:16:31,0,2024-07-20 23:16:31,,,
2020-05,山西省,579.96,,2545.08,,1331,2020-05-31 00:00:00,1,0,2024-07-20 23:16:31,0,2024-07-20 23:16:31,,,
2020-05,河北省,2230.59,,10042.21,,1332,2020-05-31 00:00:00,1,0,2024-07-20 23:16:31,0,2024-07-20 23:16:31,,,
2020-05,天津市,224.26,,824.77,,1333,2020-05-31 00:00:00,1,0,2024-07-20 23:16:31,0,2024-07-20 23:16:31,,,
2020-05,全国,9226.70,4.20,41175.10,1.90,1334,2020-05-31 00:00:00,1,0,2024-07-20 23:16:31,0,2024-07-20 23:16:31,,,
2020-04,新疆区,96.73,,285.68,,1335,2020-04-30 00:00:00,1,0,2024-07-20 23:16:31,0,2024-07-20 23:16:31,,,
2020-04,宁夏区,29.48,,93.87,,1336,2020-04-30 00:00:00,1,0,2024-07-20 23:16:31,0,2024-07-20 23:16:31,,,
2020-04,青海省,17.48,,55.31,,1337,2020-04-30 00:00:00,1,0,2024-07-20 23:16:31,0,2024-07-20 23:16:31,,,
2020-04,甘肃省,79.30,,273.99,,1338,2020-04-30 00:00:00,1,0,2024-07-20 23:16:31,0,2024-07-20 23:16:31,,,
2020-04,陕西省,108.92,,431.23,,1339,2020-04-30 00:00:00,1,0,2024-07-20 23:16:31,0,2024-07-20 23:16:31,,,
2020-04,云南省,172.90,,657.61,,1340,2020-04-30 00:00:00,1,0,2024-07-20 23:16:31,0,2024-07-20 23:16:31,,,
2020-04,贵州省,37.24,,149.64,,1341,2020-04-30 00:00:00,1,0,2024-07-20 23:16:31,0,2024-07-20 23:16:31,,,
2020-04,四川省,238.82,,819.93,,1342,2020-04-30 00:00:00,1,0,2024-07-20 23:16:31,0,2024-07-20 23:16:31,,,
2020-04,重庆市,63.95,,264.42,,1343,2020-04-30 00:00:00,1,0,2024-07-20 23:16:31,0,2024-07-20 23:16:31,,,
2020-04,广西区,260.67,,1013.40,,1344,2020-04-30 00:00:00,1,0,2024-07-20 23:16:31,0,2024-07-20 23:16:31,,,
2020-04,广东省,273.07,,966.53,,1345,2020-04-30 00:00:00,1,0,2024-07-20 23:16:31,0,2024-07-20 23:16:31,,,
2020-04,湖南省,210.10,,818.94,,1346,2020-04-30 00:00:00,1,0,2024-07-20 23:16:31,0,2024-07-20 23:16:31,,,
2020-04,湖北省,264.52,,968.59,,1347,2020-04-30 00:00:00,1,0,2024-07-20 23:16:31,0,2024-07-20 23:16:31,,,
2020-04,河南省,304.90,,969.93,,1348,2020-04-30 00:00:00,1,0,2024-07-20 23:16:31,0,2024-07-20 23:16:31,,,
2020-04,山东省,666.23,,2495.19,,1349,2020-04-30 00:00:00,1,0,2024-07-20 23:16:31,0,2024-07-20 23:16:31,,,
2020-04,江西省,228.59,,834.26,,1350,2020-04-30 00:00:00,1,0,2024-07-20 23:16:31,0,2024-07-20 23:16:31,,,
2020-04,福建省,191.60,,744.45,,1351,2020-04-30 00:00:00,1,0,2024-07-20 23:16:35,0,2024-07-20 23:16:35,,,
2020-04,安徽省,291.76,,1145.62,,1352,2020-04-30 00:00:00,1,0,2024-07-20 23:16:35,0,2024-07-20 23:16:35,,,
2020-04,浙江省,122.13,,399.23,,1353,2020-04-30 00:00:00,1,0,2024-07-20 23:16:35,0,2024-07-20 23:16:35,,,
2020-04,江苏省,948.29,,3614.05,,1354,2020-04-30 00:00:00,1,0,2024-07-20 23:16:35,0,2024-07-20 23:16:35,,,
2020-04,上海市,127.71,,537.91,,1355,2020-04-30 00:00:00,1,0,2024-07-20 23:16:35,0,2024-07-20 23:16:35,,,
2020-04,黑龙江省,79.54,,290.70,,1356,2020-04-30 00:00:00,1,0,2024-07-20 23:16:35,0,2024-07-20 23:16:35,,,
2020-04,吉林省,101.65,,460.84,,1357,2020-04-30 00:00:00,1,0,2024-07-20 23:16:35,0,2024-07-20 23:16:35,,,
2020-04,辽宁省,581.66,,2407.22,,1358,2020-04-30 00:00:00,1,0,2024-07-20 23:16:35,0,2024-07-20 23:16:35,,,
2020-04,内蒙古区,228.28,,870.28,,1359,2020-04-30 00:00:00,1,0,2024-07-20 23:16:35,0,2024-07-20 23:16:35,,,
2020-04,山西省,528.42,,1965.12,,1360,2020-04-30 00:00:00,1,0,2024-07-20 23:16:35,0,2024-07-20 23:16:35,,,
2020-04,河北省,2046.73,,7811.62,,1361,2020-04-30 00:00:00,1,0,2024-07-20 23:16:35,0,2024-07-20 23:16:35,,,
2020-04,天津市,202.67,,600.51,,1362,2020-04-30 00:00:00,1,0,2024-07-20 23:16:35,0,2024-07-20 23:16:35,,,
2020-04,全国,8503.30,0.20,31946.10,1.30,1363,2020-04-30 00:00:00,1,0,2024-07-20 23:16:35,0,2024-07-20 23:16:35,,,
2020-03,新疆区,57.50,,188.95,,1364,2020-03-31 00:00:00,1,0,2024-07-20 23:16:35,0,2024-07-20 23:16:35,,,
2020-03,宁夏区,16.57,,64.39,,1365,2020-03-31 00:00:00,1,0,2024-07-20 23:16:35,0,2024-07-20 23:16:35,,,
2020-03,青海省,13.26,,37.84,,1366,2020-03-31 00:00:00,1,0,2024-07-20 23:16:35,0,2024-07-20 23:16:35,,,
2020-03,甘肃省,68.07,,194.69,,1367,2020-03-31 00:00:00,1,0,2024-07-20 23:16:35,0,2024-07-20 23:16:35,,,
2020-03,陕西省,98.21,,322.31,,1368,2020-03-31 00:00:00,1,0,2024-07-20 23:16:35,0,2024-07-20 23:16:35,,,
2020-03,云南省,175.91,,484.71,,1369,2020-03-31 00:00:00,1,0,2024-07-20 23:16:35,0,2024-07-20 23:16:35,,,
2020-03,贵州省,36.21,,112.40,,1370,2020-03-31 00:00:00,1,0,2024-07-20 23:16:35,0,2024-07-20 23:16:35,,,
2020-03,四川省,200.80,,581.11,,1371,2020-03-31 00:00:00,1,0,2024-07-20 23:16:35,0,2024-07-20 23:16:35,,,
2020-03,重庆市,76.06,,200.47,,1372,2020-03-31 00:00:00,1,0,2024-07-20 23:16:35,0,2024-07-20 23:16:35,,,
2020-03,广西区,296.23,,765.90,,1373,2020-03-31 00:00:00,1,0,2024-07-20 23:16:35,0,2024-07-20 23:16:35,,,
2020-03,广东省,245.12,,693.45,,1374,2020-03-31 00:00:00,1,0,2024-07-20 23:16:35,0,2024-07-20 23:16:35,,,
2020-03,湖南省,210.42,,608.84,,1375,2020-03-31 00:00:00,1,0,2024-07-20 23:16:35,0,2024-07-20 23:16:35,,,
2020-03,湖北省,225.13,,704.10,,1376,2020-03-31 00:00:00,1,0,2024-07-20 23:16:35,0,2024-07-20 23:16:35,,,
2020-03,河南省,220.68,,657.49,,1377,2020-03-31 00:00:00,1,0,2024-07-20 23:16:35,0,2024-07-20 23:16:35,,,
2020-03,山东省,628.94,,1828.96,,1378,2020-03-31 00:00:00,1,0,2024-07-20 23:16:35,0,2024-07-20 23:16:35,,,
2020-03,江西省,203.74,,605.67,,1379,2020-03-31 00:00:00,1,0,2024-07-20 23:16:35,0,2024-07-20 23:16:35,,,
2020-03,福建省,190.16,,552.85,,1380,2020-03-31 00:00:00,1,0,2024-07-20 23:16:35,0,2024-07-20 23:16:35,,,
2020-03,安徽省,304.66,,853.86,,1381,2020-03-31 00:00:00,1,0,2024-07-20 23:16:38,0,2024-07-20 23:16:38,,,
2020-03,浙江省,105.36,,277.10,,1382,2020-03-31 00:00:00,1,0,2024-07-20 23:16:38,0,2024-07-20 23:16:38,,,
2020-03,江苏省,878.85,,2665.39,,1383,2020-03-31 00:00:00,1,0,2024-07-20 23:16:38,0,2024-07-20 23:16:38,,,
2020-03,上海市,137.13,,410.20,,1384,2020-03-31 00:00:00,1,0,2024-07-20 23:16:38,0,2024-07-20 23:16:38,,,
2020-03,黑龙江省,91.70,,211.16,,1385,2020-03-31 00:00:00,1,0,2024-07-20 23:16:38,0,2024-07-20 23:16:38,,,
2020-03,吉林省,115.00,,359.20,,1386,2020-03-31 00:00:00,1,0,2024-07-20 23:16:38,0,2024-07-20 23:16:38,,,
2020-03,辽宁省,595.92,,1825.56,,1387,2020-03-31 00:00:00,1,0,2024-07-20 23:16:38,0,2024-07-20 23:16:38,,,
2020-03,内蒙古区,200.30,,642.00,,1388,2020-03-31 00:00:00,1,0,2024-07-20 23:16:38,0,2024-07-20 23:16:38,,,
2020-03,山西省,480.55,,1436.70,,1389,2020-03-31 00:00:00,1,0,2024-07-20 23:16:38,0,2024-07-20 23:16:38,,,
2020-03,河北省,1891.94,,5761.89,,1390,2020-03-31 00:00:00,1,0,2024-07-20 23:16:38,0,2024-07-20 23:16:38,,,
2020-03,天津市,133.06,,397.85,,1391,2020-03-31 00:00:00,1,0,2024-07-20 23:16:38,0,2024-07-20 23:16:38,,,
2020-03,全国,7897.50,-1.70,23445.00,1.20,1392,2020-03-31 00:00:00,1,0,2024-07-20 23:16:38,0,2024-07-20 23:16:38,,,
2020-02,新疆区,,,131.45,,1393,2020-02-29 00:00:00,1,0,2024-07-20 23:16:38,0,2024-07-20 23:16:38,,,
2020-02,宁夏区,,,47.82,,1394,2020-02-29 00:00:00,1,0,2024-07-20 23:16:38,0,2024-07-20 23:16:38,,,
2020-02,青海省,,,24.58,,1395,2020-02-29 00:00:00,1,0,2024-07-20 23:16:38,0,2024-07-20 23:16:38,,,
2020-02,甘肃省,,,126.63,,1396,2020-02-29 00:00:00,1,0,2024-07-20 23:16:38,0,2024-07-20 23:16:38,,,
2020-02,陕西省,,,224.10,,1397,2020-02-29 00:00:00,1,0,2024-07-20 23:16:38,0,2024-07-20 23:16:38,,,
2020-02,云南省,,,308.80,,1398,2020-02-29 00:00:00,1,0,2024-07-20 23:16:38,0,2024-07-20 23:16:38,,,
2020-02,贵州省,,,76.19,,1399,2020-02-29 00:00:00,1,0,2024-07-20 23:16:38,0,2024-07-20 23:16:38,,,
2020-02,四川省,,,376.66,,1400,2020-02-29 00:00:00,1,0,2024-07-20 23:16:38,0,2024-07-20 23:16:38,,,
2020-02,重庆市,,,123.78,,1401,2020-02-29 00:00:00,1,0,2024-07-20 23:16:38,0,2024-07-20 23:16:38,,,
2020-02,广西区,,,461.90,,1402,2020-02-29 00:00:00,1,0,2024-07-20 23:16:38,0,2024-07-20 23:16:38,,,
2020-02,广东省,,,448.34,,1403,2020-02-29 00:00:00,1,0,2024-07-20 23:16:38,0,2024-07-20 23:16:38,,,
2020-02,湖南省,,,398.42,,1404,2020-02-29 00:00:00,1,0,2024-07-20 23:16:38,0,2024-07-20 23:16:38,,,
2020-02,湖北省,,,477.63,,1405,2020-02-29 00:00:00,1,0,2024-07-20 23:16:38,0,2024-07-20 23:16:38,,,
2020-02,河南省,,,434.31,,1406,2020-02-29 00:00:00,1,0,2024-07-20 23:16:38,0,2024-07-20 23:16:38,,,
2020-02,山东省,,,1215.76,,1407,2020-02-29 00:00:00,1,0,2024-07-20 23:16:38,0,2024-07-20 23:16:38,,,
2020-02,江西省,,,401.93,,1408,2020-02-29 00:00:00,1,0,2024-07-20 23:16:38,0,2024-07-20 23:16:38,,,
2020-02,福建省,,,362.70,,1409,2020-02-29 00:00:00,1,0,2024-07-20 23:16:38,0,2024-07-20 23:16:38,,,
2020-02,安徽省,,,549.20,,1410,2020-02-29 00:00:00,1,0,2024-07-20 23:16:38,0,2024-07-20 23:16:38,,,
2020-02,浙江省,,,171.74,,1411,2020-02-29 00:00:00,1,0,2024-07-20 23:16:41,0,2024-07-20 23:16:41,,,
2020-02,江苏省,,,1781.53,,1412,2020-02-29 00:00:00,1,0,2024-07-20 23:16:41,0,2024-07-20 23:16:41,,,
2020-02,上海市,,,273.07,,1413,2020-02-29 00:00:00,1,0,2024-07-20 23:16:41,0,2024-07-20 23:16:41,,,
2020-02,黑龙江省,,,119.46,,1414,2020-02-29 00:00:00,1,0,2024-07-20 23:16:41,0,2024-07-20 23:16:41,,,
2020-02,吉林省,,,217.59,,1415,2020-02-29 00:00:00,1,0,2024-07-20 23:16:41,0,2024-07-20 23:16:41,,,
2020-02,辽宁省,,,1229.64,,1416,2020-02-29 00:00:00,1,0,2024-07-20 23:16:41,0,2024-07-20 23:16:41,,,
2020-02,内蒙古区,,,441.43,,1417,2020-02-29 00:00:00,1,0,2024-07-20 23:16:41,0,2024-07-20 23:16:41,,,
2020-02,山西省,,,910.81,,1418,2020-02-29 00:00:00,1,0,2024-07-20 23:16:41,0,2024-07-20 23:16:41,,,
2020-02,河北省,,,3869.95,,1419,2020-02-29 00:00:00,1,0,2024-07-20 23:16:41,0,2024-07-20 23:16:41,,,
2020-02,天津市,,,264.78,,1420,2020-02-29 00:00:00,1,0,2024-07-20 23:16:41,0,2024-07-20 23:16:41,,,
2020-02,全国,,,15470.20,3.10,1421,2020-02-29 00:00:00,1,0,2024-07-20 23:16:41,0,2024-07-20 23:16:41,,,
2019-12,新疆区,83.45,,1236.88,,1422,2019-12-31 00:00:00,1,0,2024-07-20 23:16:41,0,2024-07-20 23:16:41,,,
2019-12,宁夏区,25.15,,308.56,,1423,2019-12-31 00:00:00,1,0,2024-07-20 23:16:41,0,2024-07-20 23:16:41,,,
2019-12,青海省,18.61,,178.83,,1424,2019-12-31 00:00:00,1,0,2024-07-20 23:16:41,0,2024-07-20 23:16:41,,,
2019-12,甘肃省,74.10,,877.77,,1425,2019-12-31 00:00:00,1,0,2024-07-20 23:16:41,0,2024-07-20 23:16:41,,,
2019-12,陕西省,121.64,,1430.75,,1426,2019-12-31 00:00:00,1,0,2024-07-20 23:16:41,0,2024-07-20 23:16:41,,,
2019-12,云南省,194.29,,2154.68,,1427,2019-12-31 00:00:00,1,0,2024-07-20 23:16:41,0,2024-07-20 23:16:41,,,
2019-12,贵州省,38.77,,442.34,,1428,2019-12-31 00:00:00,1,0,2024-07-20 23:16:41,0,2024-07-20 23:16:41,,,
2019-12,四川省,254.91,,2733.31,,1429,2019-12-31 00:00:00,1,0,2024-07-20 23:16:41,0,2024-07-20 23:16:41,,,
2019-12,重庆市,84.13,,920.88,,1430,2019-12-31 00:00:00,1,0,2024-07-20 23:16:41,0,2024-07-20 23:16:41,,,
2019-12,广西区,278.89,,2662.71,,1431,2019-12-31 00:00:00,1,0,2024-07-20 23:16:41,0,2024-07-20 23:16:41,,,
2019-12,广东省,274.92,,3229.12,,1432,2019-12-31 00:00:00,1,0,2024-07-20 23:16:41,0,2024-07-20 23:16:41,,,
2019-12,湖南省,182.66,,2385.72,,1433,2019-12-31 00:00:00,1,0,2024-07-20 23:16:41,0,2024-07-20 23:16:41,,,
2019-12,湖北省,308.50,,3611.51,,1434,2019-12-31 00:00:00,1,0,2024-07-20 23:16:41,0,2024-07-20 23:16:41,,,
2019-12,河南省,262.31,,3299.09,,1435,2019-12-31 00:00:00,1,0,2024-07-20 23:16:41,0,2024-07-20 23:16:41,,,
2019-12,山东省,464.42,,6356.98,,1436,2019-12-31 00:00:00,1,0,2024-07-20 23:16:41,0,2024-07-20 23:16:41,,,
2019-12,江西省,233.83,,2524.48,,1437,2019-12-31 00:00:00,1,0,2024-07-20 23:16:41,0,2024-07-20 23:16:41,,,
2019-12,福建省,206.72,,2390.28,,1438,2019-12-31 00:00:00,1,0,2024-07-20 23:16:41,0,2024-07-20 23:16:41,,,
2019-12,安徽省,277.00,,3222.47,,1439,2019-12-31 00:00:00,1,0,2024-07-20 23:16:41,0,2024-07-20 23:16:41,,,
2019-12,浙江省,123.92,,1350.68,,1440,2019-12-31 00:00:00,1,0,2024-07-20 23:16:41,0,2024-07-20 23:16:41,,,
2019-12,江苏省,946.26,,12017.10,,1441,2019-12-31 00:00:00,1,0,2024-07-20 23:16:44,0,2024-07-20 23:16:44,,,
2019-12,上海市,141.40,,1640.25,,1442,2019-12-31 00:00:00,1,0,2024-07-20 23:16:44,0,2024-07-20 23:16:44,,,
2019-12,黑龙江省,82.05,,896.12,,1443,2019-12-31 00:00:00,1,0,2024-07-20 23:16:44,0,2024-07-20 23:16:44,,,
2019-12,吉林省,119.27,,1356.55,,1444,2019-12-31 00:00:00,1,0,2024-07-20 23:16:44,0,2024-07-20 23:16:44,,,
2019-12,辽宁省,647.62,,7361.91,,1445,2019-12-31 00:00:00,1,0,2024-07-20 23:16:44,0,2024-07-20 23:16:44,,,
2019-12,内蒙古区,247.54,,2653.69,,1446,2019-12-31 00:00:00,1,0,2024-07-20 23:16:44,0,2024-07-20 23:16:44,,,
2019-12,山西省,536.72,,6039.05,,1447,2019-12-31 00:00:00,1,0,2024-07-20 23:16:44,0,2024-07-20 23:16:44,,,
2019-12,河北省,2051.40,,24157.70,,1448,2019-12-31 00:00:00,1,0,2024-07-20 23:16:44,0,2024-07-20 23:16:44,,,
2019-12,天津市,146.04,,2194.77,,1449,2019-12-31 00:00:00,1,0,2024-07-20 23:16:44,0,2024-07-20 23:16:44,,,
2019-12,北京市,0.00,,0.00,,1450,2019-12-31 00:00:00,1,0,2024-07-20 23:16:44,0,2024-07-20 23:16:44,,,
2019-12,全国,8426.50,11.60,99634.20,8.30,1451,2019-12-31 00:00:00,1,0,2024-07-20 23:16:44,0,2024-07-20 23:16:44,,,
2019-11,新疆区,95.65,,1153.43,,1452,2019-11-30 00:00:00,1,0,2024-07-20 23:16:44,0,2024-07-20 23:16:44,,,
2019-11,宁夏区,29.27,,283.40,,1453,2019-11-30 00:00:00,1,0,2024-07-20 23:16:44,0,2024-07-20 23:16:44,,,
2019-11,青海省,14.59,,160.22,,1454,2019-11-30 00:00:00,1,0,2024-07-20 23:16:44,0,2024-07-20 23:16:44,,,
2019-11,甘肃省,64.39,,803.67,,1455,2019-11-30 00:00:00,1,0,2024-07-20 23:16:44,0,2024-07-20 23:16:44,,,
2019-11,陕西省,114.84,,1309.11,,1456,2019-11-30 00:00:00,1,0,2024-07-20 23:16:44,0,2024-07-20 23:16:44,,,
2019-11,云南省,181.74,,1960.39,,1457,2019-11-30 00:00:00,1,0,2024-07-20 23:16:44,0,2024-07-20 23:16:44,,,
2019-11,贵州省,38.50,,403.57,,1458,2019-11-30 00:00:00,1,0,2024-07-20 23:16:44,0,2024-07-20 23:16:44,,,
2019-11,四川省,224.15,,2439.57,,1459,2019-11-30 00:00:00,1,0,2024-07-20 23:16:44,0,2024-07-20 23:16:44,,,
2019-11,重庆市,81.87,,848.66,,1460,2019-11-30 00:00:00,1,0,2024-07-20 23:16:44,0,2024-07-20 23:16:44,,,
2019-11,广西区,173.40,,1720.78,,1461,2019-11-30 00:00:00,1,0,2024-07-20 23:16:44,0,2024-07-20 23:16:44,,,
2019-11,广东省,285.09,,2952.62,,1462,2019-11-30 00:00:00,1,0,2024-07-20 23:16:44,0,2024-07-20 23:16:44,,,
2019-11,湖南省,183.04,,2203.07,,1463,2019-11-30 00:00:00,1,0,2024-07-20 23:16:44,0,2024-07-20 23:16:44,,,
2019-11,湖北省,303.58,,3301.65,,1464,2019-11-30 00:00:00,1,0,2024-07-20 23:16:44,0,2024-07-20 23:16:44,,,
2019-11,河南省,274.49,,2984.24,,1465,2019-11-30 00:00:00,1,0,2024-07-20 23:16:44,0,2024-07-20 23:16:44,,,
2019-11,山东省,482.83,,5892.56,,1466,2019-11-30 00:00:00,1,0,2024-07-20 23:16:44,0,2024-07-20 23:16:44,,,
2019-11,江西省,218.73,,2290.64,,1467,2019-11-30 00:00:00,1,0,2024-07-20 23:16:44,0,2024-07-20 23:16:44,,,
2019-11,福建省,203.48,,2183.56,,1468,2019-11-30 00:00:00,1,0,2024-07-20 23:16:44,0,2024-07-20 23:16:44,,,
2019-11,安徽省,268.41,,2956.57,,1469,2019-11-30 00:00:00,1,0,2024-07-20 23:16:44,0,2024-07-20 23:16:44,,,
2019-11,浙江省,120.29,,1209.36,,1470,2019-11-30 00:00:00,1,0,2024-07-20 23:16:44,0,2024-07-20 23:16:44,,,
2019-11,江苏省,955.58,,11071.95,,1471,2019-11-30 00:00:00,1,0,2024-07-20 23:16:47,0,2024-07-20 23:16:47,,,
2019-11,上海市,125.18,,1498.86,,1472,2019-11-30 00:00:00,1,0,2024-07-20 23:16:47,0,2024-07-20 23:16:47,,,
2019-11,黑龙江省,79.27,,814.07,,1473,2019-11-30 00:00:00,1,0,2024-07-20 23:16:47,0,2024-07-20 23:16:47,,,
2019-11,吉林省,109.37,,1237.28,,1474,2019-11-30 00:00:00,1,0,2024-07-20 23:16:47,0,2024-07-20 23:16:47,,,
2019-11,辽宁省,622.52,,6714.30,,1475,2019-11-30 00:00:00,1,0,2024-07-20 23:16:47,0,2024-07-20 23:16:47,,,
2019-11,内蒙古区,233.23,,2406.15,,1476,2019-11-30 00:00:00,1,0,2024-07-20 23:16:47,0,2024-07-20 23:16:47,,,
2019-11,山西省,497.61,,5428.12,,1477,2019-11-30 00:00:00,1,0,2024-07-20 23:16:47,0,2024-07-20 23:16:47,,,
2019-11,河北省,1909.06,,22141.14,,1478,2019-11-30 00:00:00,1,0,2024-07-20 23:16:47,0,2024-07-20 23:16:47,,,
2019-11,天津市,138.51,,2048.73,,1479,2019-11-30 00:00:00,1,0,2024-07-20 23:16:47,0,2024-07-20 23:16:47,,,
2019-11,北京市,0.00,,0.00,,1480,2019-11-30 00:00:00,1,0,2024-07-20 23:16:47,0,2024-07-20 23:16:47,,,
2019-11,全国,8028.70,4.00,90417.70,7.00,1481,2019-11-30 00:00:00,1,0,2024-07-20 23:16:47,0,2024-07-20 23:16:47,,,
2019-10,新疆区,110.67,,1034.75,,1482,2019-10-31 00:00:00,1,0,2024-07-20 23:16:47,0,2024-07-20 23:16:47,,,
2019-10,宁夏区,29.50,,254.13,,1483,2019-10-31 00:00:00,1,0,2024-07-20 23:16:47,0,2024-07-20 23:16:47,,,
2019-10,青海省,15.70,,145.64,,1484,2019-10-31 00:00:00,1,0,2024-07-20 23:16:47,0,2024-07-20 23:16:47,,,
2019-10,甘肃省,72.79,,739.27,,1485,2019-10-31 00:00:00,1,0,2024-07-20 23:16:47,0,2024-07-20 23:16:47,,,
2019-10,陕西省,119.98,,1194.27,,1486,2019-10-31 00:00:00,1,0,2024-07-20 23:16:47,0,2024-07-20 23:16:47,,,
2019-10,云南省,179.02,,1778.65,,1487,2019-10-31 00:00:00,1,0,2024-07-20 23:16:47,0,2024-07-20 23:16:47,,,
2019-10,贵州省,36.54,,365.08,,1488,2019-10-31 00:00:00,1,0,2024-07-20 23:16:47,0,2024-07-20 23:16:47,,,
2019-10,四川省,234.49,,2215.42,,1489,2019-10-31 00:00:00,1,0,2024-07-20 23:16:47,0,2024-07-20 23:16:47,,,
2019-10,重庆市,88.65,,766.80,,1490,2019-10-31 00:00:00,1,0,2024-07-20 23:16:47,0,2024-07-20 23:16:47,,,
2019-10,广西区,177.53,,1547.39,,1491,2019-10-31 00:00:00,1,0,2024-07-20 23:16:47,0,2024-07-20 23:16:47,,,
2019-10,广东省,282.63,,2637.97,,1492,2019-10-31 00:00:00,1,0,2024-07-20 23:16:47,0,2024-07-20 23:16:47,,,
2019-10,湖南省,202.92,,2020.03,,1493,2019-10-31 00:00:00,1,0,2024-07-20 23:16:47,0,2024-07-20 23:16:47,,,
2019-10,湖北省,218.17,,2563.71,,1494,2019-10-31 00:00:00,1,0,2024-07-20 23:16:47,0,2024-07-20 23:16:47,,,
2019-10,河南省,271.23,,2709.74,,1495,2019-10-31 00:00:00,1,0,2024-07-20 23:16:47,0,2024-07-20 23:16:47,,,
2019-10,山东省,594.55,,6417.40,,1496,2019-10-31 00:00:00,1,0,2024-07-20 23:16:47,0,2024-07-20 23:16:47,,,
2019-10,江西省,204.44,,2071.91,,1497,2019-10-31 00:00:00,1,0,2024-07-20 23:16:47,0,2024-07-20 23:16:47,,,
2019-10,福建省,217.73,,1980.07,,1498,2019-10-31 00:00:00,1,0,2024-07-20 23:16:47,0,2024-07-20 23:16:47,,,
2019-10,安徽省,288.54,,2676.54,,1499,2019-10-31 00:00:00,1,0,2024-07-20 23:16:47,0,2024-07-20 23:16:47,,,
2019-10,浙江省,115.22,,1089.07,,1500,2019-10-31 00:00:00,1,0,2024-07-20 23:16:47,0,2024-07-20 23:16:47,,,
2019-10,江苏省,1026.91,,10137.04,,1501,2019-10-31 00:00:00,1,0,2024-07-20 23:16:50,0,2024-07-20 23:16:50,,,
2019-10,上海市,139.17,,1373.68,,1502,2019-10-31 00:00:00,1,0,2024-07-20 23:16:50,0,2024-07-20 23:16:50,,,
2019-10,黑龙江省,68.07,,734.81,,1503,2019-10-31 00:00:00,1,0,2024-07-20 23:16:50,0,2024-07-20 23:16:50,,,
2019-10,吉林省,121.55,,1127.91,,1504,2019-10-31 00:00:00,1,0,2024-07-20 23:16:50,0,2024-07-20 23:16:50,,,
2019-10,辽宁省,625.13,,6090.71,,1505,2019-10-31 00:00:00,1,0,2024-07-20 23:16:50,0,2024-07-20 23:16:50,,,
2019-10,内蒙古区,225.48,,2166.81,,1506,2019-10-31 00:00:00,1,0,2024-07-20 23:16:50,0,2024-07-20 23:16:50,,,
2019-10,山西省,484.41,,4930.48,,1507,2019-10-31 00:00:00,1,0,2024-07-20 23:16:50,0,2024-07-20 23:16:50,,,
2019-10,河北省,1793.88,,20241.97,,1508,2019-10-31 00:00:00,1,0,2024-07-20 23:16:50,0,2024-07-20 23:16:50,,,
2019-10,天津市,207.18,,1910.21,,1509,2019-10-31 00:00:00,1,0,2024-07-20 23:16:50,0,2024-07-20 23:16:50,,,
2019-10,北京市,0.00,,0.00,,1510,2019-10-31 00:00:00,1,0,2024-07-20 23:16:50,0,2024-07-20 23:16:50,,,
2019-10,全国,8152.10,-0.60,82921.50,7.40,1511,2019-10-31 00:00:00,1,0,2024-07-20 23:16:50,0,2024-07-20 23:16:50,,,
2019-09,新疆区,111.35,,924.07,,1512,2019-09-30 00:00:00,1,0,2024-07-20 23:16:50,0,2024-07-20 23:16:50,,,
2019-09,宁夏区,31.51,,224.64,,1513,2019-09-30 00:00:00,1,0,2024-07-20 23:16:50,0,2024-07-20 23:16:50,,,
2019-09,青海省,15.89,,129.94,,1514,2019-09-30 00:00:00,1,0,2024-07-20 23:16:50,0,2024-07-20 23:16:50,,,
2019-09,甘肃省,73.50,,666.48,,1515,2019-09-30 00:00:00,1,0,2024-07-20 23:16:50,0,2024-07-20 23:16:50,,,
2019-09,陕西省,124.32,,1074.29,,1516,2019-09-30 00:00:00,1,0,2024-07-20 23:16:50,0,2024-07-20 23:16:50,,,
2019-09,云南省,176.76,,1599.63,,1517,2019-09-30 00:00:00,1,0,2024-07-20 23:16:50,0,2024-07-20 23:16:50,,,
2019-09,贵州省,38.46,,328.54,,1518,2019-09-30 00:00:00,1,0,2024-07-20 23:16:50,0,2024-07-20 23:16:50,,,
2019-09,四川省,219.29,,1980.93,,1519,2019-09-30 00:00:00,1,0,2024-07-20 23:16:50,0,2024-07-20 23:16:50,,,
2019-09,重庆市,82.28,,678.15,,1520,2019-09-30 00:00:00,1,0,2024-07-20 23:16:50,0,2024-07-20 23:16:50,,,
2019-09,广西区,175.09,,1369.85,,1521,2019-09-30 00:00:00,1,0,2024-07-20 23:16:50,0,2024-07-20 23:16:50,,,
2019-09,广东省,264.50,,2355.35,,1522,2019-09-30 00:00:00,1,0,2024-07-20 23:16:50,0,2024-07-20 23:16:50,,,
2019-09,湖南省,195.12,,1817.11,,1523,2019-09-30 00:00:00,1,0,2024-07-20 23:16:50,0,2024-07-20 23:16:50,,,
2019-09,湖北省,260.92,,2345.55,,1524,2019-09-30 00:00:00,1,0,2024-07-20 23:16:50,0,2024-07-20 23:16:50,,,
2019-09,河南省,278.08,,2438.52,,1525,2019-09-30 00:00:00,1,0,2024-07-20 23:16:50,0,2024-07-20 23:16:50,,,
2019-09,山东省,616.63,,5822.85,,1526,2019-09-30 00:00:00,1,0,2024-07-20 23:16:50,0,2024-07-20 23:16:50,,,
2019-09,江西省,197.90,,1867.47,,1527,2019-09-30 00:00:00,1,0,2024-07-20 23:16:50,0,2024-07-20 23:16:50,,,
2019-09,福建省,201.88,,1762.35,,1528,2019-09-30 00:00:00,1,0,2024-07-20 23:16:50,0,2024-07-20 23:16:50,,,
2019-09,安徽省,285.61,,2427.23,,1529,2019-09-30 00:00:00,1,0,2024-07-20 23:16:50,0,2024-07-20 23:16:50,,,
2019-09,浙江省,111.98,,973.86,,1530,2019-09-30 00:00:00,1,0,2024-07-20 23:16:50,0,2024-07-20 23:16:50,,,
2019-09,江苏省,995.85,,9056.23,,1531,2019-09-30 00:00:00,1,0,2024-07-20 23:16:53,0,2024-07-20 23:16:53,,,
2019-09,上海市,132.05,,1234.51,,1532,2019-09-30 00:00:00,1,0,2024-07-20 23:16:53,0,2024-07-20 23:16:53,,,
2019-09,黑龙江省,72.81,,666.74,,1533,2019-09-30 00:00:00,1,0,2024-07-20 23:16:53,0,2024-07-20 23:16:53,,,
2019-09,吉林省,120.46,,1006.36,,1534,2019-09-30 00:00:00,1,0,2024-07-20 23:16:53,0,2024-07-20 23:16:53,,,
2019-09,辽宁省,622.34,,5465.18,,1535,2019-09-30 00:00:00,1,0,2024-07-20 23:16:53,0,2024-07-20 23:16:53,,,
2019-09,内蒙古区,207.51,,1941.33,,1536,2019-09-30 00:00:00,1,0,2024-07-20 23:16:53,0,2024-07-20 23:16:53,,,
2019-09,山西省,478.56,,4446.10,,1537,2019-09-30 00:00:00,1,0,2024-07-20 23:16:53,0,2024-07-20 23:16:53,,,
2019-09,河北省,1988.24,,18476.08,,1538,2019-09-30 00:00:00,1,0,2024-07-20 23:16:53,0,2024-07-20 23:16:53,,,
2019-09,天津市,198.38,,1703.03,,1539,2019-09-30 00:00:00,1,0,2024-07-20 23:16:53,0,2024-07-20 23:16:53,,,
2019-09,北京市,0.00,,0.00,,1540,2019-09-30 00:00:00,1,0,2024-07-20 23:16:53,0,2024-07-20 23:16:53,,,
2019-09,全国,8277.30,2.20,74782.40,8.40,1541,2019-09-30 00:00:00,1,0,2024-07-20 23:16:53,0,2024-07-20 23:16:53,,,
2019-08,新疆区,118.43,,812.72,,1542,2019-08-31 00:00:00,1,0,2024-07-20 23:16:53,0,2024-07-20 23:16:53,,,
2019-08,宁夏区,31.85,,193.13,,1543,2019-08-31 00:00:00,1,0,2024-07-20 23:16:53,0,2024-07-20 23:16:53,,,
2019-08,青海省,15.84,,114.05,,1544,2019-08-31 00:00:00,1,0,2024-07-20 23:16:53,0,2024-07-20 23:16:53,,,
2019-08,甘肃省,79.41,,592.98,,1545,2019-08-31 00:00:00,1,0,2024-07-20 23:16:53,0,2024-07-20 23:16:53,,,
2019-08,陕西省,127.88,,949.97,,1546,2019-08-31 00:00:00,1,0,2024-07-20 23:16:53,0,2024-07-20 23:16:53,,,
2019-08,云南省,183.35,,1422.88,,1547,2019-08-31 00:00:00,1,0,2024-07-20 23:16:53,0,2024-07-20 23:16:53,,,
2019-08,贵州省,39.69,,290.08,,1548,2019-08-31 00:00:00,1,0,2024-07-20 23:16:53,0,2024-07-20 23:16:53,,,
2019-08,四川省,218.15,,1761.64,,1549,2019-08-31 00:00:00,1,0,2024-07-20 23:16:53,0,2024-07-20 23:16:53,,,
2019-08,重庆市,86.38,,595.86,,1550,2019-08-31 00:00:00,1,0,2024-07-20 23:16:53,0,2024-07-20 23:16:53,,,
2019-08,广西区,159.69,,1194.76,,1551,2019-08-31 00:00:00,1,0,2024-07-20 23:16:53,0,2024-07-20 23:16:53,,,
2019-08,广东省,273.61,,2090.85,,1552,2019-08-31 00:00:00,1,0,2024-07-20 23:16:53,0,2024-07-20 23:16:53,,,
2019-08,湖南省,208.03,,1621.99,,1553,2019-08-31 00:00:00,1,0,2024-07-20 23:16:53,0,2024-07-20 23:16:53,,,
2019-08,湖北省,268.97,,2086.91,,1554,2019-08-31 00:00:00,1,0,2024-07-20 23:16:53,0,2024-07-20 23:16:53,,,
2019-08,河南省,318.97,,2160.44,,1555,2019-08-31 00:00:00,1,0,2024-07-20 23:16:53,0,2024-07-20 23:16:53,,,
2019-08,山东省,662.06,,5206.22,,1556,2019-08-31 00:00:00,1,0,2024-07-20 23:16:53,0,2024-07-20 23:16:53,,,
2019-08,江西省,208.63,,1669.57,,1557,2019-08-31 00:00:00,1,0,2024-07-20 23:16:53,0,2024-07-20 23:16:53,,,
2019-08,福建省,203.54,,1560.46,,1558,2019-08-31 00:00:00,1,0,2024-07-20 23:16:53,0,2024-07-20 23:16:53,,,
2019-08,安徽省,289.68,,2141.62,,1559,2019-08-31 00:00:00,1,0,2024-07-20 23:16:53,0,2024-07-20 23:16:53,,,
2019-08,浙江省,110.20,,861.88,,1560,2019-08-31 00:00:00,1,0,2024-07-20 23:16:53,0,2024-07-20 23:16:53,,,
2019-08,江苏省,1041.33,,8051.57,,1561,2019-08-31 00:00:00,1,0,2024-07-20 23:16:55,0,2024-07-20 23:16:55,,,
2019-08,上海市,141.45,,1102.46,,1562,2019-08-31 00:00:00,1,0,2024-07-20 23:16:55,0,2024-07-20 23:16:55,,,
2019-08,黑龙江省,80.34,,593.92,,1563,2019-08-31 00:00:00,1,0,2024-07-20 23:16:55,0,2024-07-20 23:16:55,,,
2019-08,吉林省,121.11,,885.90,,1564,2019-08-31 00:00:00,1,0,2024-07-20 23:16:55,0,2024-07-20 23:16:55,,,
2019-08,辽宁省,614.32,,4831.17,,1565,2019-08-31 00:00:00,1,0,2024-07-20 23:16:55,0,2024-07-20 23:16:55,,,
2019-08,内蒙古区,242.58,,1733.83,,1566,2019-08-31 00:00:00,1,0,2024-07-20 23:16:55,0,2024-07-20 23:16:55,,,
2019-08,山西省,513.54,,3967.54,,1567,2019-08-31 00:00:00,1,0,2024-07-20 23:16:55,0,2024-07-20 23:16:55,,,
2019-08,河北省,2154.65,,16487.84,,1568,2019-08-31 00:00:00,1,0,2024-07-20 23:16:55,0,2024-07-20 23:16:55,,,
2019-08,天津市,211.39,,1504.65,,1569,2019-08-31 00:00:00,1,0,2024-07-20 23:16:55,0,2024-07-20 23:16:55,,,
2019-08,北京市,0.00,,0.00,,1570,2019-08-31 00:00:00,1,0,2024-07-20 23:16:55,0,2024-07-20 23:16:55,,,
2019-08,全国,8725.10,9.30,66486.90,9.10,1571,2019-08-31 00:00:00,1,0,2024-07-20 23:16:55,0,2024-07-20 23:16:55,,,
2019-07,新疆区,124.70,,694.29,,1572,2019-07-31 00:00:00,1,0,2024-07-20 23:16:55,0,2024-07-20 23:16:55,,,
2019-07,宁夏区,31.49,,161.28,,1573,2019-07-31 00:00:00,1,0,2024-07-20 23:16:55,0,2024-07-20 23:16:55,,,
2019-07,青海省,15.06,,98.21,,1574,2019-07-31 00:00:00,1,0,2024-07-20 23:16:55,0,2024-07-20 23:16:55,,,
2019-07,甘肃省,79.18,,513.57,,1575,2019-07-31 00:00:00,1,0,2024-07-20 23:16:55,0,2024-07-20 23:16:55,,,
2019-07,陕西省,125.49,,822.10,,1576,2019-07-31 00:00:00,1,0,2024-07-20 23:16:55,0,2024-07-20 23:16:55,,,
2019-07,西藏区,,,,,1577,2019-07-31 00:00:00,1,0,2024-07-20 23:16:55,0,2024-07-20 23:16:55,,,
2019-07,云南省,182.13,,1239.53,,1578,2019-07-31 00:00:00,1,0,2024-07-20 23:16:55,0,2024-07-20 23:16:55,,,
2019-07,贵州省,39.25,,250.39,,1579,2019-07-31 00:00:00,1,0,2024-07-20 23:16:55,0,2024-07-20 23:16:55,,,
2019-07,四川省,219.96,,1536.04,,1580,2019-07-31 00:00:00,1,0,2024-07-20 23:16:55,0,2024-07-20 23:16:55,,,
2019-07,重庆市,90.64,,511.04,,1581,2019-07-31 00:00:00,1,0,2024-07-20 23:16:55,0,2024-07-20 23:16:55,,,
2019-07,海南省,,,,,1582,2019-07-31 00:00:00,1,0,2024-07-20 23:16:55,0,2024-07-20 23:16:55,,,
2019-07,广西区,152.47,,1035.07,,1583,2019-07-31 00:00:00,1,0,2024-07-20 23:16:55,0,2024-07-20 23:16:55,,,
2019-07,广东省,279.60,,1817.24,,1584,2019-07-31 00:00:00,1,0,2024-07-20 23:16:55,0,2024-07-20 23:16:55,,,
2019-07,湖南省,207.08,,1413.96,,1585,2019-07-31 00:00:00,1,0,2024-07-20 23:16:55,0,2024-07-20 23:16:55,,,
2019-07,湖北省,272.07,,1826.32,,1586,2019-07-31 00:00:00,1,0,2024-07-20 23:16:55,0,2024-07-20 23:16:55,,,
2019-07,河南省,323.66,,1841.47,,1587,2019-07-31 00:00:00,1,0,2024-07-20 23:16:55,0,2024-07-20 23:16:55,,,
2019-07,山东省,680.77,,4544.16,,1588,2019-07-31 00:00:00,1,0,2024-07-20 23:16:55,0,2024-07-20 23:16:55,,,
2019-07,江西省,203.83,,1460.93,,1589,2019-07-31 00:00:00,1,0,2024-07-20 23:16:55,0,2024-07-20 23:16:55,,,
2019-07,福建省,210.66,,1399.33,,1590,2019-07-31 00:00:00,1,0,2024-07-20 23:16:55,0,2024-07-20 23:16:55,,,
2019-07,安徽省,296.15,,1851.93,,1591,2019-07-31 00:00:00,1,0,2024-07-20 23:16:59,0,2024-07-20 23:16:59,,,
2019-07,浙江省,95.41,,751.68,,1592,2019-07-31 00:00:00,1,0,2024-07-20 23:16:59,0,2024-07-20 23:16:59,,,
2019-07,江苏省,1039.44,,7014.74,,1593,2019-07-31 00:00:00,1,0,2024-07-20 23:16:59,0,2024-07-20 23:16:59,,,
2019-07,上海市,137.56,,961.01,,1594,2019-07-31 00:00:00,1,0,2024-07-20 23:16:59,0,2024-07-20 23:16:59,,,
2019-07,黑龙江省,81.98,,513.59,,1595,2019-07-31 00:00:00,1,0,2024-07-20 23:16:59,0,2024-07-20 23:16:59,,,
2019-07,吉林省,126.31,,764.79,,1596,2019-07-31 00:00:00,1,0,2024-07-20 23:16:59,0,2024-07-20 23:16:59,,,
2019-07,辽宁省,620.88,,4227.33,,1597,2019-07-31 00:00:00,1,0,2024-07-20 23:16:59,0,2024-07-20 23:16:59,,,
2019-07,内蒙古区,233.99,,1491.24,,1598,2019-07-31 00:00:00,1,0,2024-07-20 23:16:59,0,2024-07-20 23:16:59,,,
2019-07,山西省,543.11,,3454.01,,1599,2019-07-31 00:00:00,1,0,2024-07-20 23:16:59,0,2024-07-20 23:16:59,,,
2019-07,河北省,1893.32,,14217.95,,1600,2019-07-31 00:00:00,1,0,2024-07-20 23:16:59,0,2024-07-20 23:16:59,,,
2019-07,天津市,216.11,,1293.26,,1601,2019-07-31 00:00:00,1,0,2024-07-20 23:16:59,0,2024-07-20 23:16:59,,,
2019-07,北京市,0.00,,0.00,,1602,2019-07-31 00:00:00,1,0,2024-07-20 23:16:59,0,2024-07-20 23:16:59,,,
2019-07,全国,8522.30,5.00,57706.40,9.00,1603,2019-07-31 00:00:00,1,0,2024-07-20 23:16:59,0,2024-07-20 23:16:59,,,
2019-06,新疆区,128.21,,569.59,,1604,2019-06-30 00:00:00,1,0,2024-07-20 23:16:59,0,2024-07-20 23:16:59,,,
2019-06,宁夏区,30.48,,129.78,,1605,2019-06-30 00:00:00,1,0,2024-07-20 23:16:59,0,2024-07-20 23:16:59,,,
2019-06,青海省,17.13,,83.15,,1606,2019-06-30 00:00:00,1,0,2024-07-20 23:16:59,0,2024-07-20 23:16:59,,,
2019-06,甘肃省,75.62,,434.39,,1607,2019-06-30 00:00:00,1,0,2024-07-20 23:16:59,0,2024-07-20 23:16:59,,,
2019-06,陕西省,127.44,,696.60,,1608,2019-06-30 00:00:00,1,0,2024-07-20 23:16:59,0,2024-07-20 23:16:59,,,
2019-06,西藏区,,,,,1609,2019-06-30 00:00:00,1,0,2024-07-20 23:16:59,0,2024-07-20 23:16:59,,,
2019-06,云南省,185.23,,1057.40,,1610,2019-06-30 00:00:00,1,0,2024-07-20 23:16:59,0,2024-07-20 23:16:59,,,
2019-06,贵州省,39.50,,211.14,,1611,2019-06-30 00:00:00,1,0,2024-07-20 23:16:59,0,2024-07-20 23:16:59,,,
2019-06,四川省,245.89,,1316.08,,1612,2019-06-30 00:00:00,1,0,2024-07-20 23:16:59,0,2024-07-20 23:16:59,,,
2019-06,重庆市,82.82,,418.85,,1613,2019-06-30 00:00:00,1,0,2024-07-20 23:16:59,0,2024-07-20 23:16:59,,,
2019-06,海南省,,,,,1614,2019-06-30 00:00:00,1,0,2024-07-20 23:16:59,0,2024-07-20 23:16:59,,,
2019-06,广西区,161.03,,882.60,,1615,2019-06-30 00:00:00,1,0,2024-07-20 23:16:59,0,2024-07-20 23:16:59,,,
2019-06,广东省,275.09,,1540.32,,1616,2019-06-30 00:00:00,1,0,2024-07-20 23:16:59,0,2024-07-20 23:16:59,,,
2019-06,湖南省,202.31,,1206.88,,1617,2019-06-30 00:00:00,1,0,2024-07-20 23:16:59,0,2024-07-20 23:16:59,,,
2019-06,湖北省,272.80,,1551.90,,1618,2019-06-30 00:00:00,1,0,2024-07-20 23:16:59,0,2024-07-20 23:16:59,,,
2019-06,河南省,307.10,,1517.80,,1619,2019-06-30 00:00:00,1,0,2024-07-20 23:16:59,0,2024-07-20 23:16:59,,,
2019-06,山东省,693.11,,3863.39,,1620,2019-06-30 00:00:00,1,0,2024-07-20 23:16:59,0,2024-07-20 23:16:59,,,
2019-06,江西省,213.17,,1257.10,,1621,2019-06-30 00:00:00,1,0,2024-07-20 23:17:01,0,2024-07-20 23:17:01,,,
2019-06,福建省,199.11,,1188.67,,1622,2019-06-30 00:00:00,1,0,2024-07-20 23:17:01,0,2024-07-20 23:17:01,,,
2019-06,安徽省,282.68,,1555.83,,1623,2019-06-30 00:00:00,1,0,2024-07-20 23:17:01,0,2024-07-20 23:17:01,,,
2019-06,浙江省,110.62,,656.27,,1624,2019-06-30 00:00:00,1,0,2024-07-20 23:17:01,0,2024-07-20 23:17:01,,,
2019-06,江苏省,1024.68,,5963.36,,1625,2019-06-30 00:00:00,1,0,2024-07-20 23:17:01,0,2024-07-20 23:17:01,,,
2019-06,上海市,137.70,,823.44,,1626,2019-06-30 00:00:00,1,0,2024-07-20 23:17:01,0,2024-07-20 23:17:01,,,
2019-06,黑龙江省,74.90,,431.60,,1627,2019-06-30 00:00:00,1,0,2024-07-20 23:17:01,0,2024-07-20 23:17:01,,,
2019-06,吉林省,115.71,,638.48,,1628,2019-06-30 00:00:00,1,0,2024-07-20 23:17:01,0,2024-07-20 23:17:01,,,
2019-06,辽宁省,596.22,,3606.50,,1629,2019-06-30 00:00:00,1,0,2024-07-20 23:17:01,0,2024-07-20 23:17:01,,,
2019-06,内蒙古区,223.99,,1226.93,,1630,2019-06-30 00:00:00,1,0,2024-07-20 23:17:01,0,2024-07-20 23:17:01,,,
2019-06,山西省,542.03,,2910.90,,1631,2019-06-30 00:00:00,1,0,2024-07-20 23:17:01,0,2024-07-20 23:17:01,,,
2019-06,河北省,2173.09,,12400.76,,1632,2019-06-30 00:00:00,1,0,2024-07-20 23:17:01,0,2024-07-20 23:17:01,,,
2019-06,天津市,215.64,,1077.15,,1633,2019-06-30 00:00:00,1,0,2024-07-20 23:17:01,0,2024-07-20 23:17:01,,,
2019-06,北京市,0.00,,0.00,,1634,2019-06-30 00:00:00,1,0,2024-07-20 23:17:01,0,2024-07-20 23:17:01,,,
2019-06,全国,8753.30,10.00,49216.90,9.90,1635,2019-06-30 00:00:00,1,0,2024-07-20 23:17:01,0,2024-07-20 23:17:01,,,
2019-05,新疆区,128.08,,441.38,,1636,2019-05-31 00:00:00,1,0,2024-07-20 23:17:01,0,2024-07-20 23:17:01,,,
2019-05,宁夏区,30.72,,99.30,,1637,2019-05-31 00:00:00,1,0,2024-07-20 23:17:01,0,2024-07-20 23:17:01,,,
2019-05,青海省,16.47,,66.02,,1638,2019-05-31 00:00:00,1,0,2024-07-20 23:17:01,0,2024-07-20 23:17:01,,,
2019-05,甘肃省,72.95,,358.78,,1639,2019-05-31 00:00:00,1,0,2024-07-20 23:17:01,0,2024-07-20 23:17:01,,,
2019-05,陕西省,127.00,,569.16,,1640,2019-05-31 00:00:00,1,0,2024-07-20 23:17:01,0,2024-07-20 23:17:01,,,
2019-05,西藏区,,,,,1641,2019-05-31 00:00:00,1,0,2024-07-20 23:17:01,0,2024-07-20 23:17:01,,,
2019-05,云南省,174.57,,872.17,,1642,2019-05-31 00:00:00,1,0,2024-07-20 23:17:01,0,2024-07-20 23:17:01,,,
2019-05,贵州省,39.06,,171.64,,1643,2019-05-31 00:00:00,1,0,2024-07-20 23:17:01,0,2024-07-20 23:17:01,,,
2019-05,四川省,231.48,,1070.19,,1644,2019-05-31 00:00:00,1,0,2024-07-20 23:17:01,0,2024-07-20 23:17:01,,,
2019-05,重庆市,77.45,,336.02,,1645,2019-05-31 00:00:00,1,0,2024-07-20 23:17:01,0,2024-07-20 23:17:01,,,
2019-05,海南省,,,,,1646,2019-05-31 00:00:00,1,0,2024-07-20 23:17:01,0,2024-07-20 23:17:01,,,
2019-05,广西区,159.62,,721.57,,1647,2019-05-31 00:00:00,1,0,2024-07-20 23:17:01,0,2024-07-20 23:17:01,,,
2019-05,广东省,273.68,,1265.23,,1648,2019-05-31 00:00:00,1,0,2024-07-20 23:17:01,0,2024-07-20 23:17:01,,,
2019-05,湖南省,210.72,,1004.57,,1649,2019-05-31 00:00:00,1,0,2024-07-20 23:17:01,0,2024-07-20 23:17:01,,,
2019-05,湖北省,280.78,,1278.32,,1650,2019-05-31 00:00:00,1,0,2024-07-20 23:17:01,0,2024-07-20 23:17:01,,,
2019-05,河南省,323.84,,1210.70,,1651,2019-05-31 00:00:00,1,0,2024-07-20 23:17:04,0,2024-07-20 23:17:04,,,
2019-05,山东省,703.62,,3170.27,,1652,2019-05-31 00:00:00,1,0,2024-07-20 23:17:04,0,2024-07-20 23:17:04,,,
2019-05,江西省,217.78,,1043.93,,1653,2019-05-31 00:00:00,1,0,2024-07-20 23:17:04,0,2024-07-20 23:17:04,,,
2019-05,福建省,207.10,,998.88,,1654,2019-05-31 00:00:00,1,0,2024-07-20 23:17:04,0,2024-07-20 23:17:04,,,
2019-05,安徽省,281.39,,1273.14,,1655,2019-05-31 00:00:00,1,0,2024-07-20 23:17:04,0,2024-07-20 23:17:04,,,
2019-05,浙江省,118.25,,545.64,,1656,2019-05-31 00:00:00,1,0,2024-07-20 23:17:04,0,2024-07-20 23:17:04,,,
2019-05,江苏省,1066.85,,4961.96,,1657,2019-05-31 00:00:00,1,0,2024-07-20 23:17:04,0,2024-07-20 23:17:04,,,
2019-05,上海市,140.65,,685.74,,1658,2019-05-31 00:00:00,1,0,2024-07-20 23:17:04,0,2024-07-20 23:17:04,,,
2019-05,黑龙江省,77.50,,356.70,,1659,2019-05-31 00:00:00,1,0,2024-07-20 23:17:04,0,2024-07-20 23:17:04,,,
2019-05,吉林省,105.93,,522.77,,1660,2019-05-31 00:00:00,1,0,2024-07-20 23:17:04,0,2024-07-20 23:17:04,,,
2019-05,辽宁省,609.39,,3010.68,,1661,2019-05-31 00:00:00,1,0,2024-07-20 23:17:04,0,2024-07-20 23:17:04,,,
2019-05,内蒙古区,223.66,,995.06,,1662,2019-05-31 00:00:00,1,0,2024-07-20 23:17:04,0,2024-07-20 23:17:04,,,
2019-05,山西省,533.68,,2368.87,,1663,2019-05-31 00:00:00,1,0,2024-07-20 23:17:04,0,2024-07-20 23:17:04,,,
2019-05,河北省,2258.88,,10227.68,,1664,2019-05-31 00:00:00,1,0,2024-07-20 23:17:04,0,2024-07-20 23:17:04,,,
2019-05,天津市,217.95,,861.51,,1665,2019-05-31 00:00:00,1,0,2024-07-20 23:17:04,0,2024-07-20 23:17:04,,,
2019-05,北京市,0.00,,0.00,,1666,2019-05-31 00:00:00,1,0,2024-07-20 23:17:04,0,2024-07-20 23:17:04,,,
2019-05,全国,8909.10,10.00,40487.90,10.20,1667,2019-05-31 00:00:00,1,0,2024-07-20 23:17:04,0,2024-07-20 23:17:04,,,
2019-04,新疆区,112.06,,313.30,,1668,2019-04-30 00:00:00,1,0,2024-07-20 23:17:04,0,2024-07-20 23:17:04,,,
2019-04,宁夏区,26.46,,68.58,,1669,2019-04-30 00:00:00,1,0,2024-07-20 23:17:04,0,2024-07-20 23:17:04,,,
2019-04,青海省,15.35,,49.55,,1670,2019-04-30 00:00:00,1,0,2024-07-20 23:17:04,0,2024-07-20 23:17:04,,,
2019-04,甘肃省,74.47,,287.62,,1671,2019-04-30 00:00:00,1,0,2024-07-20 23:17:04,0,2024-07-20 23:17:04,,,
2019-04,陕西省,114.49,,442.16,,1672,2019-04-30 00:00:00,1,0,2024-07-20 23:17:04,0,2024-07-20 23:17:04,,,
2019-04,西藏区,,,,,1673,2019-04-30 00:00:00,1,0,2024-07-20 23:17:04,0,2024-07-20 23:17:04,,,
2019-04,云南省,172.51,,697.59,,1674,2019-04-30 00:00:00,1,0,2024-07-20 23:17:04,0,2024-07-20 23:17:04,,,
2019-04,贵州省,30.66,,132.58,,1675,2019-04-30 00:00:00,1,0,2024-07-20 23:17:04,0,2024-07-20 23:17:04,,,
2019-04,四川省,221.60,,830.34,,1676,2019-04-30 00:00:00,1,0,2024-07-20 23:17:04,0,2024-07-20 23:17:04,,,
2019-04,重庆市,72.81,,258.58,,1677,2019-04-30 00:00:00,1,0,2024-07-20 23:17:04,0,2024-07-20 23:17:04,,,
2019-04,海南省,,,,,1678,2019-04-30 00:00:00,1,0,2024-07-20 23:17:04,0,2024-07-20 23:17:04,,,
2019-04,广西区,147.95,,561.95,,1679,2019-04-30 00:00:00,1,0,2024-07-20 23:17:04,0,2024-07-20 23:17:04,,,
2019-04,广东省,258.26,,959.65,,1680,2019-04-30 00:00:00,1,0,2024-07-20 23:17:04,0,2024-07-20 23:17:04,,,
2019-04,湖南省,204.64,,793.84,,1681,2019-04-30 00:00:00,1,0,2024-07-20 23:17:07,0,2024-07-20 23:17:07,,,
2019-04,湖北省,274.51,,1004.99,,1682,2019-04-30 00:00:00,1,0,2024-07-20 23:17:07,0,2024-07-20 23:17:07,,,
2019-04,河南省,278.91,,886.86,,1683,2019-04-30 00:00:00,1,0,2024-07-20 23:17:07,0,2024-07-20 23:17:07,,,
2019-04,山东省,691.08,,2466.66,,1684,2019-04-30 00:00:00,1,0,2024-07-20 23:17:07,0,2024-07-20 23:17:07,,,
2019-04,江西省,203.59,,826.15,,1685,2019-04-30 00:00:00,1,0,2024-07-20 23:17:07,0,2024-07-20 23:17:07,,,
2019-04,福建省,181.39,,744.34,,1686,2019-04-30 00:00:00,1,0,2024-07-20 23:17:07,0,2024-07-20 23:17:07,,,
2019-04,安徽省,264.56,,991.75,,1687,2019-04-30 00:00:00,1,0,2024-07-20 23:17:07,0,2024-07-20 23:17:07,,,
2019-04,浙江省,117.67,,427.41,,1688,2019-04-30 00:00:00,1,0,2024-07-20 23:17:07,0,2024-07-20 23:17:07,,,
2019-04,江苏省,1022.62,,3890.41,,1689,2019-04-30 00:00:00,1,0,2024-07-20 23:17:07,0,2024-07-20 23:17:07,,,
2019-04,上海市,135.86,,545.10,,1690,2019-04-30 00:00:00,1,0,2024-07-20 23:17:07,0,2024-07-20 23:17:07,,,
2019-04,黑龙江省,72.37,,279.20,,1691,2019-04-30 00:00:00,1,0,2024-07-20 23:17:07,0,2024-07-20 23:17:07,,,
2019-04,吉林省,105.95,,416.84,,1692,2019-04-30 00:00:00,1,0,2024-07-20 23:17:07,0,2024-07-20 23:17:07,,,
2019-04,辽宁省,594.00,,2400.35,,1693,2019-04-30 00:00:00,1,0,2024-07-20 23:17:07,0,2024-07-20 23:17:07,,,
2019-04,内蒙古区,196.49,,771.40,,1694,2019-04-30 00:00:00,1,0,2024-07-20 23:17:07,0,2024-07-20 23:17:07,,,
2019-04,山西省,499.23,,1836.57,,1695,2019-04-30 00:00:00,1,0,2024-07-20 23:17:07,0,2024-07-20 23:17:07,,,
2019-04,河北省,2216.22,,7968.80,,1696,2019-04-30 00:00:00,1,0,2024-07-20 23:17:07,0,2024-07-20 23:17:07,,,
2019-04,天津市,197.45,,643.56,,1697,2019-04-30 00:00:00,1,0,2024-07-20 23:17:07,0,2024-07-20 23:17:07,,,
2019-04,北京市,0.00,,0.00,,1698,2019-04-30 00:00:00,1,0,2024-07-20 23:17:07,0,2024-07-20 23:17:07,,,
2019-04,全国,8503.20,12.70,31496.10,10.10,1699,2019-04-30 00:00:00,1,0,2024-07-20 23:17:07,0,2024-07-20 23:17:07,,,
2019-03,新疆区,80.58,,211.01,,1700,2019-03-31 00:00:00,1,0,2024-07-20 23:17:07,0,2024-07-20 23:17:07,,,
2019-03,宁夏区,16.10,,42.12,,1701,2019-03-31 00:00:00,1,0,2024-07-20 23:17:07,0,2024-07-20 23:17:07,,,
2019-03,青海省,7.74,,34.20,,1702,2019-03-31 00:00:00,1,0,2024-07-20 23:17:07,0,2024-07-20 23:17:07,,,
2019-03,甘肃省,79.15,,213.15,,1703,2019-03-31 00:00:00,1,0,2024-07-20 23:17:07,0,2024-07-20 23:17:07,,,
2019-03,陕西省,107.80,,327.67,,1704,2019-03-31 00:00:00,1,0,2024-07-20 23:17:07,0,2024-07-20 23:17:07,,,
2019-03,西藏区,,,,,1705,2019-03-31 00:00:00,1,0,2024-07-20 23:17:07,0,2024-07-20 23:17:07,,,
2019-03,云南省,192.83,,525.08,,1706,2019-03-31 00:00:00,1,0,2024-07-20 23:17:07,0,2024-07-20 23:17:07,,,
2019-03,贵州省,29.81,,101.93,,1707,2019-03-31 00:00:00,1,0,2024-07-20 23:17:07,0,2024-07-20 23:17:07,,,
2019-03,四川省,215.58,,608.54,,1708,2019-03-31 00:00:00,1,0,2024-07-20 23:17:07,0,2024-07-20 23:17:07,,,
2019-03,重庆市,55.89,,156.89,,1709,2019-03-31 00:00:00,1,0,2024-07-20 23:17:07,0,2024-07-20 23:17:07,,,
2019-03,海南省,,,,,1710,2019-03-31 00:00:00,1,0,2024-07-20 23:17:07,0,2024-07-20 23:17:07,,,
2019-03,广西区,150.63,,558.50,,1711,2019-03-31 00:00:00,1,0,2024-07-20 23:17:10,0,2024-07-20 23:17:10,,,
2019-03,广东省,251.09,,701.42,,1712,2019-03-31 00:00:00,1,0,2024-07-20 23:17:10,0,2024-07-20 23:17:10,,,
2019-03,湖南省,210.12,,589.20,,1713,2019-03-31 00:00:00,1,0,2024-07-20 23:17:10,0,2024-07-20 23:17:10,,,
2019-03,湖北省,260.61,,730.47,,1714,2019-03-31 00:00:00,1,0,2024-07-20 23:17:10,0,2024-07-20 23:17:10,,,
2019-03,河南省,226.95,,607.95,,1715,2019-03-31 00:00:00,1,0,2024-07-20 23:17:10,0,2024-07-20 23:17:10,,,
2019-03,山东省,624.58,,1775.58,,1716,2019-03-31 00:00:00,1,0,2024-07-20 23:17:10,0,2024-07-20 23:17:10,,,
2019-03,江西省,214.89,,622.56,,1717,2019-03-31 00:00:00,1,0,2024-07-20 23:17:10,0,2024-07-20 23:17:10,,,
2019-03,福建省,189.95,,562.96,,1718,2019-03-31 00:00:00,1,0,2024-07-20 23:17:10,0,2024-07-20 23:17:10,,,
2019-03,安徽省,273.24,,727.19,,1719,2019-03-31 00:00:00,1,0,2024-07-20 23:17:10,0,2024-07-20 23:17:10,,,
2019-03,浙江省,110.63,,309.73,,1720,2019-03-31 00:00:00,1,0,2024-07-20 23:17:10,0,2024-07-20 23:17:10,,,
2019-03,江苏省,1010.34,,2856.60,,1721,2019-03-31 00:00:00,1,0,2024-07-20 23:17:10,0,2024-07-20 23:17:10,,,
2019-03,上海市,140.92,,409.23,,1722,2019-03-31 00:00:00,1,0,2024-07-20 23:17:10,0,2024-07-20 23:17:10,,,
2019-03,黑龙江省,68.36,,206.83,,1723,2019-03-31 00:00:00,1,0,2024-07-20 23:17:10,0,2024-07-20 23:17:10,,,
2019-03,吉林省,101.75,,310.89,,1724,2019-03-31 00:00:00,1,0,2024-07-20 23:17:10,0,2024-07-20 23:17:10,,,
2019-03,辽宁省,609.03,,1806.35,,1725,2019-03-31 00:00:00,1,0,2024-07-20 23:17:10,0,2024-07-20 23:17:10,,,
2019-03,内蒙古区,211.87,,576.00,,1726,2019-03-31 00:00:00,1,0,2024-07-20 23:17:10,0,2024-07-20 23:17:10,,,
2019-03,山西省,429.86,,1345.94,,1727,2019-03-31 00:00:00,1,0,2024-07-20 23:17:10,0,2024-07-20 23:17:10,,,
2019-03,河北省,1994.05,,5752.58,,1728,2019-03-31 00:00:00,1,0,2024-07-20 23:17:10,0,2024-07-20 23:17:10,,,
2019-03,天津市,173.32,,446.11,,1729,2019-03-31 00:00:00,1,0,2024-07-20 23:17:10,0,2024-07-20 23:17:10,,,
2019-03,北京市,0.00,,0.00,,1730,2019-03-31 00:00:00,1,0,2024-07-20 23:17:10,0,2024-07-20 23:17:10,,,
2019-03,全国,8032.60,10.00,23106.90,9.90,1731,2019-03-31 00:00:00,1,0,2024-07-20 23:17:10,0,2024-07-20 23:17:10,,,
2019-02,新疆区,,,125.74,,1732,2019-02-28 00:00:00,1,0,2024-07-20 23:17:10,0,2024-07-20 23:17:10,,,
2019-02,宁夏区,,,26.02,,1733,2019-02-28 00:00:00,1,0,2024-07-20 23:17:10,0,2024-07-20 23:17:10,,,
2019-02,青海省,,,26.46,,1734,2019-02-28 00:00:00,1,0,2024-07-20 23:17:10,0,2024-07-20 23:17:10,,,
2019-02,甘肃省,,,134.00,,1735,2019-02-28 00:00:00,1,0,2024-07-20 23:17:10,0,2024-07-20 23:17:10,,,
2019-02,陕西省,,,219.87,,1736,2019-02-28 00:00:00,1,0,2024-07-20 23:17:10,0,2024-07-20 23:17:10,,,
2019-02,西藏区,,,,,1737,2019-02-28 00:00:00,1,0,2024-07-20 23:17:10,0,2024-07-20 23:17:10,,,
2019-02,云南省,,,332.25,,1738,2019-02-28 00:00:00,1,0,2024-07-20 23:17:10,0,2024-07-20 23:17:10,,,
2019-02,贵州省,,,72.11,,1739,2019-02-28 00:00:00,1,0,2024-07-20 23:17:10,0,2024-07-20 23:17:10,,,
2019-02,四川省,,,387.73,,1740,2019-02-28 00:00:00,1,0,2024-07-20 23:17:10,0,2024-07-20 23:17:10,,,
2019-02,重庆市,,,101.00,,1741,2019-02-28 00:00:00,1,0,2024-07-20 23:17:13,0,2024-07-20 23:17:13,,,
2019-02,海南省,,,,,1742,2019-02-28 00:00:00,1,0,2024-07-20 23:17:13,0,2024-07-20 23:17:13,,,
2019-02,广西区,,,351.04,,1743,2019-02-28 00:00:00,1,0,2024-07-20 23:17:13,0,2024-07-20 23:17:13,,,
2019-02,广东省,,,448.94,,1744,2019-02-28 00:00:00,1,0,2024-07-20 23:17:13,0,2024-07-20 23:17:13,,,
2019-02,湖南省,,,379.08,,1745,2019-02-28 00:00:00,1,0,2024-07-20 23:17:13,0,2024-07-20 23:17:13,,,
2019-02,湖北省,,,469.86,,1746,2019-02-28 00:00:00,1,0,2024-07-20 23:17:13,0,2024-07-20 23:17:13,,,
2019-02,河南省,,,381.00,,1747,2019-02-28 00:00:00,1,0,2024-07-20 23:17:13,0,2024-07-20 23:17:13,,,
2019-02,山东省,,,1151.00,,1748,2019-02-28 00:00:00,1,0,2024-07-20 23:17:13,0,2024-07-20 23:17:13,,,
2019-02,江西省,,,407.67,,1749,2019-02-28 00:00:00,1,0,2024-07-20 23:17:13,0,2024-07-20 23:17:13,,,
2019-02,福建省,,,357.43,,1750,2019-02-28 00:00:00,1,0,2024-07-20 23:17:13,0,2024-07-20 23:17:13,,,
2019-02,安徽省,,,449.09,,1751,2019-02-28 00:00:00,1,0,2024-07-20 23:17:13,0,2024-07-20 23:17:13,,,
2019-02,浙江省,,,199.10,,1752,2019-02-28 00:00:00,1,0,2024-07-20 23:17:13,0,2024-07-20 23:17:13,,,
2019-02,江苏省,,,1845.31,,1753,2019-02-28 00:00:00,1,0,2024-07-20 23:17:13,0,2024-07-20 23:17:13,,,
2019-02,上海市,,,268.31,,1754,2019-02-28 00:00:00,1,0,2024-07-20 23:17:13,0,2024-07-20 23:17:13,,,
2019-02,黑龙江省,,,138.47,,1755,2019-02-28 00:00:00,1,0,2024-07-20 23:17:13,0,2024-07-20 23:17:13,,,
2019-02,吉林省,,,209.14,,1756,2019-02-28 00:00:00,1,0,2024-07-20 23:17:13,0,2024-07-20 23:17:13,,,
2019-02,辽宁省,,,1197.32,,1757,2019-02-28 00:00:00,1,0,2024-07-20 23:17:13,0,2024-07-20 23:17:13,,,
2019-02,内蒙古区,,,364.13,,1758,2019-02-28 00:00:00,1,0,2024-07-20 23:17:13,0,2024-07-20 23:17:13,,,
2019-02,山西省,,,916.38,,1759,2019-02-28 00:00:00,1,0,2024-07-20 23:17:13,0,2024-07-20 23:17:13,,,
2019-02,河北省,,,3731.12,,1760,2019-02-28 00:00:00,1,0,2024-07-20 23:17:13,0,2024-07-20 23:17:13,,,
2019-02,天津市,,,268.58,,1761,2019-02-28 00:00:00,1,0,2024-07-20 23:17:13,0,2024-07-20 23:17:13,,,
2019-02,北京市,,,0.00,,1762,2019-02-28 00:00:00,1,0,2024-07-20 23:17:13,0,2024-07-20 23:17:13,,,
2019-02,全国,,,14958.10,,1763,2019-02-28 00:00:00,1,0,2024-07-20 23:17:13,0,2024-07-20 23:17:13,,,
2019-01,新疆区,,,,,1764,2019-01-31 00:00:00,1,0,2024-07-20 23:17:13,0,2024-07-20 23:17:13,,,
2019-01,宁夏区,,,,,1765,2019-01-31 00:00:00,1,0,2024-07-20 23:17:13,0,2024-07-20 23:17:13,,,
2019-01,青海省,,,,,1766,2019-01-31 00:00:00,1,0,2024-07-20 23:17:13,0,2024-07-20 23:17:13,,,
2019-01,甘肃省,,,,,1767,2019-01-31 00:00:00,1,0,2024-07-20 23:17:13,0,2024-07-20 23:17:13,,,
2019-01,陕西省,,,,,1768,2019-01-31 00:00:00,1,0,2024-07-20 23:17:13,0,2024-07-20 23:17:13,,,
2019-01,西藏区,,,,,1769,2019-01-31 00:00:00,1,0,2024-07-20 23:17:13,0,2024-07-20 23:17:13,,,
2019-01,云南省,,,,,1770,2019-01-31 00:00:00,1,0,2024-07-20 23:17:13,0,2024-07-20 23:17:13,,,
2019-01,贵州省,,,,,1771,2019-01-31 00:00:00,1,0,2024-07-20 23:17:16,0,2024-07-20 23:17:16,,,
2019-01,四川省,,,,,1772,2019-01-31 00:00:00,1,0,2024-07-20 23:17:16,0,2024-07-20 23:17:16,,,
2019-01,重庆市,,,,,1773,2019-01-31 00:00:00,1,0,2024-07-20 23:17:16,0,2024-07-20 23:17:16,,,
2019-01,海南省,,,,,1774,2019-01-31 00:00:00,1,0,2024-07-20 23:17:16,0,2024-07-20 23:17:16,,,
2019-01,广西区,,,,,1775,2019-01-31 00:00:00,1,0,2024-07-20 23:17:16,0,2024-07-20 23:17:16,,,
2019-01,广东省,,,,,1776,2019-01-31 00:00:00,1,0,2024-07-20 23:17:16,0,2024-07-20 23:17:16,,,
2019-01,湖南省,,,,,1777,2019-01-31 00:00:00,1,0,2024-07-20 23:17:16,0,2024-07-20 23:17:16,,,
2019-01,湖北省,,,,,1778,2019-01-31 00:00:00,1,0,2024-07-20 23:17:16,0,2024-07-20 23:17:16,,,
2019-01,河南省,,,,,1779,2019-01-31 00:00:00,1,0,2024-07-20 23:17:16,0,2024-07-20 23:17:16,,,
2019-01,山东省,,,,,1780,2019-01-31 00:00:00,1,0,2024-07-20 23:17:16,0,2024-07-20 23:17:16,,,
2019-01,江西省,,,,,1781,2019-01-31 00:00:00,1,0,2024-07-20 23:17:16,0,2024-07-20 23:17:16,,,
2019-01,福建省,,,,,1782,2019-01-31 00:00:00,1,0,2024-07-20 23:17:16,0,2024-07-20 23:17:16,,,
2019-01,安徽省,,,,,1783,2019-01-31 00:00:00,1,0,2024-07-20 23:17:16,0,2024-07-20 23:17:16,,,
2019-01,浙江省,,,,,1784,2019-01-31 00:00:00,1,0,2024-07-20 23:17:16,0,2024-07-20 23:17:16,,,
2019-01,江苏省,,,,,1785,2019-01-31 00:00:00,1,0,2024-07-20 23:17:16,0,2024-07-20 23:17:16,,,
2019-01,上海市,,,,,1786,2019-01-31 00:00:00,1,0,2024-07-20 23:17:16,0,2024-07-20 23:17:16,,,
2019-01,黑龙江省,,,,,1787,2019-01-31 00:00:00,1,0,2024-07-20 23:17:16,0,2024-07-20 23:17:16,,,
2019-01,吉林省,,,,,1788,2019-01-31 00:00:00,1,0,2024-07-20 23:17:16,0,2024-07-20 23:17:16,,,
2019-01,辽宁省,,,,,1789,2019-01-31 00:00:00,1,0,2024-07-20 23:17:16,0,2024-07-20 23:17:16,,,
2019-01,内蒙古区,,,,,1790,2019-01-31 00:00:00,1,0,2024-07-20 23:17:16,0,2024-07-20 23:17:16,,,
2019-01,山西省,,,,,1791,2019-01-31 00:00:00,1,0,2024-07-20 23:17:16,0,2024-07-20 23:17:16,,,
2019-01,河北省,,,,,1792,2019-01-31 00:00:00,1,0,2024-07-20 23:17:16,0,2024-07-20 23:17:16,,,
2019-01,天津市,,,,,1793,2019-01-31 00:00:00,1,0,2024-07-20 23:17:16,0,2024-07-20 23:17:16,,,
2019-01,北京市,,,,,1794,2019-01-31 00:00:00,1,0,2024-07-20 23:17:16,0,2024-07-20 23:17:16,,,
2019-01,全国,,,,,1795,2019-01-31 00:00:00,1,0,2024-07-20 23:17:16,0,2024-07-20 23:17:16,,,
2018-12,新疆区,86.61,,1155.30,,1796,2018-12-31 00:00:00,1,0,2024-07-20 23:17:16,0,2024-07-20 23:17:16,,,
2018-12,宁夏区,21.26,,252.46,,1797,2018-12-31 00:00:00,1,0,2024-07-20 23:17:16,0,2024-07-20 23:17:16,,,
2018-12,青海省,10.17,,138.08,,1798,2018-12-31 00:00:00,1,0,2024-07-20 23:17:16,0,2024-07-20 23:17:16,,,
2018-12,甘肃省,70.02,,802.41,,1799,2018-12-31 00:00:00,1,0,2024-07-20 23:17:16,0,2024-07-20 23:17:16,,,
2018-12,陕西省,89.10,,1178.69,,1800,2018-12-31 00:00:00,1,0,2024-07-20 23:17:16,0,2024-07-20 23:17:16,,,
2018-12,西藏区,,,,,1801,2018-12-31 00:00:00,1,0,2024-07-20 23:17:19,0,2024-07-20 23:17:19,,,
2018-12,云南省,171.70,,1925.04,,1802,2018-12-31 00:00:00,1,0,2024-07-20 23:17:19,0,2024-07-20 23:17:19,,,
2018-12,贵州省,34.76,,418.41,,1803,2018-12-31 00:00:00,1,0,2024-07-20 23:17:19,0,2024-07-20 23:17:19,,,
2018-12,四川省,222.26,,2400.70,,1804,2018-12-31 00:00:00,1,0,2024-07-20 23:17:19,0,2024-07-20 23:17:19,,,
2018-12,重庆市,54.29,,638.16,,1805,2018-12-31 00:00:00,1,0,2024-07-20 23:17:19,0,2024-07-20 23:17:19,,,
2018-12,海南省,,,,,1806,2018-12-31 00:00:00,1,0,2024-07-20 23:17:19,0,2024-07-20 23:17:19,,,
2018-12,广西区,137.73,,2262.08,,1807,2018-12-31 00:00:00,1,0,2024-07-20 23:17:19,0,2024-07-20 23:17:19,,,
2018-12,广东省,231.32,,2880.54,,1808,2018-12-31 00:00:00,1,0,2024-07-20 23:17:19,0,2024-07-20 23:17:19,,,
2018-12,湖南省,204.15,,2307.59,,1809,2018-12-31 00:00:00,1,0,2024-07-20 23:17:19,0,2024-07-20 23:17:19,,,
2018-12,湖北省,252.26,,3071.80,,1810,2018-12-31 00:00:00,1,0,2024-07-20 23:17:19,0,2024-07-20 23:17:19,,,
2018-12,河南省,167.65,,2892.03,,1811,2018-12-31 00:00:00,1,0,2024-07-20 23:17:19,0,2024-07-20 23:17:19,,,
2018-12,山东省,537.49,,7177.20,,1812,2018-12-31 00:00:00,1,0,2024-07-20 23:17:19,0,2024-07-20 23:17:19,,,
2018-12,江西省,230.05,,2499.18,,1813,2018-12-31 00:00:00,1,0,2024-07-20 23:17:19,0,2024-07-20 23:17:19,,,
2018-12,福建省,189.95,,2100.70,,1814,2018-12-31 00:00:00,1,0,2024-07-20 23:17:19,0,2024-07-20 23:17:19,,,
2018-12,安徽省,224.59,,3103.87,,1815,2018-12-31 00:00:00,1,0,2024-07-20 23:17:19,0,2024-07-20 23:17:19,,,
2018-12,浙江省,102.66,,1266.51,,1816,2018-12-31 00:00:00,1,0,2024-07-20 23:17:19,0,2024-07-20 23:17:19,,,
2018-12,江苏省,903.20,,10426.16,,1817,2018-12-31 00:00:00,1,0,2024-07-20 23:17:19,0,2024-07-20 23:17:19,,,
2018-12,上海市,141.98,,1630.09,,1818,2018-12-31 00:00:00,1,0,2024-07-20 23:17:19,0,2024-07-20 23:17:19,,,
2018-12,黑龙江省,73.00,,774.31,,1819,2018-12-31 00:00:00,1,0,2024-07-20 23:17:19,0,2024-07-20 23:17:19,,,
2018-12,吉林省,102.79,,1204.58,,1820,2018-12-31 00:00:00,1,0,2024-07-20 23:17:19,0,2024-07-20 23:17:19,,,
2018-12,辽宁省,610.54,,6873.92,,1821,2018-12-31 00:00:00,1,0,2024-07-20 23:17:19,0,2024-07-20 23:17:19,,,
2018-12,内蒙古区,189.96,,2307.58,,1822,2018-12-31 00:00:00,1,0,2024-07-20 23:17:19,0,2024-07-20 23:17:19,,,
2018-12,山西省,451.10,,5386.24,,1823,2018-12-31 00:00:00,1,0,2024-07-20 23:17:19,0,2024-07-20 23:17:19,,,
2018-12,河北省,1958.56,,23729.85,,1824,2018-12-31 00:00:00,1,0,2024-07-20 23:17:19,0,2024-07-20 23:17:19,,,
2018-12,天津市,142.90,,2022.96,,1825,2018-12-31 00:00:00,1,0,2024-07-20 23:17:19,0,2024-07-20 23:17:19,,,
2018-12,北京市,0.00,,0.00,,1826,2018-12-31 00:00:00,1,0,2024-07-20 23:17:19,0,2024-07-20 23:17:19,,,
2018-12,全国,7612.10,8.20,92826.40,6.60,1827,2018-12-31 00:00:00,1,0,2024-07-20 23:17:19,0,2024-07-20 23:17:19,,,
2018-11,新疆区,105.66,,1068.69,,1828,2018-11-30 00:00:00,1,0,2024-07-20 23:17:19,0,2024-07-20 23:17:19,,,
2018-11,宁夏区,24.47,,230.94,,1829,2018-11-30 00:00:00,1,0,2024-07-20 23:17:19,0,2024-07-20 23:17:19,,,
2018-11,青海省,13.41,,127.91,,1830,2018-11-30 00:00:00,1,0,2024-07-20 23:17:19,0,2024-07-20 23:17:19,,,
2018-11,甘肃省,55.46,,746.38,,1831,2018-11-30 00:00:00,1,0,2024-07-20 23:17:23,0,2024-07-20 23:17:23,,,
2018-11,陕西省,116.56,,1216.96,,1832,2018-11-30 00:00:00,1,0,2024-07-20 23:17:23,0,2024-07-20 23:17:23,,,
2018-11,西藏区,,,,,1833,2018-11-30 00:00:00,1,0,2024-07-20 23:17:23,0,2024-07-20 23:17:23,,,
2018-11,云南省,168.11,,1753.34,,1834,2018-11-30 00:00:00,1,0,2024-07-20 23:17:23,0,2024-07-20 23:17:23,,,
2018-11,贵州省,30.28,,383.65,,1835,2018-11-30 00:00:00,1,0,2024-07-20 23:17:23,0,2024-07-20 23:17:23,,,
2018-11,四川省,207.75,,2174.25,,1836,2018-11-30 00:00:00,1,0,2024-07-20 23:17:23,0,2024-07-20 23:17:23,,,
2018-11,重庆市,53.04,,583.87,,1837,2018-11-30 00:00:00,1,0,2024-07-20 23:17:23,0,2024-07-20 23:17:23,,,
2018-11,海南省,,,,,1838,2018-11-30 00:00:00,1,0,2024-07-20 23:17:23,0,2024-07-20 23:17:23,,,
2018-11,广西区,139.57,,2053.67,,1839,2018-11-30 00:00:00,1,0,2024-07-20 23:17:23,0,2024-07-20 23:17:23,,,
2018-11,广东省,249.78,,2649.22,,1840,2018-11-30 00:00:00,1,0,2024-07-20 23:17:23,0,2024-07-20 23:17:23,,,
2018-11,湖南省,195.19,,2103.44,,1841,2018-11-30 00:00:00,1,0,2024-07-20 23:17:23,0,2024-07-20 23:17:23,,,
2018-11,湖北省,267.69,,2810.56,,1842,2018-11-30 00:00:00,1,0,2024-07-20 23:17:23,0,2024-07-20 23:17:23,,,
2018-11,河南省,233.41,,2849.37,,1843,2018-11-30 00:00:00,1,0,2024-07-20 23:17:23,0,2024-07-20 23:17:23,,,
2018-11,山东省,601.15,,6648.25,,1844,2018-11-30 00:00:00,1,0,2024-07-20 23:17:23,0,2024-07-20 23:17:23,,,
2018-11,江西省,217.62,,2269.13,,1845,2018-11-30 00:00:00,1,0,2024-07-20 23:17:23,0,2024-07-20 23:17:23,,,
2018-11,福建省,179.68,,1910.74,,1846,2018-11-30 00:00:00,1,0,2024-07-20 23:17:23,0,2024-07-20 23:17:23,,,
2018-11,安徽省,229.51,,2881.14,,1847,2018-11-30 00:00:00,1,0,2024-07-20 23:17:23,0,2024-07-20 23:17:23,,,
2018-11,浙江省,123.96,,1164.07,,1848,2018-11-30 00:00:00,1,0,2024-07-20 23:17:23,0,2024-07-20 23:17:23,,,
2018-11,江苏省,788.69,,9800.87,,1849,2018-11-30 00:00:00,1,0,2024-07-20 23:17:23,0,2024-07-20 23:17:23,,,
2018-11,上海市,125.51,,1488.11,,1850,2018-11-30 00:00:00,1,0,2024-07-20 23:17:23,0,2024-07-20 23:17:23,,,
2018-11,黑龙江省,73.30,,701.31,,1851,2018-11-30 00:00:00,1,0,2024-07-20 23:17:23,0,2024-07-20 23:17:23,,,
2018-11,吉林省,111.57,,1101.78,,1852,2018-11-30 00:00:00,1,0,2024-07-20 23:17:23,0,2024-07-20 23:17:23,,,
2018-11,辽宁省,587.12,,6263.38,,1853,2018-11-30 00:00:00,1,0,2024-07-20 23:17:23,0,2024-07-20 23:17:23,,,
2018-11,内蒙古区,198.74,,2117.14,,1854,2018-11-30 00:00:00,1,0,2024-07-20 23:17:23,0,2024-07-20 23:17:23,,,
2018-11,山西省,454.68,,4935.88,,1855,2018-11-30 00:00:00,1,0,2024-07-20 23:17:23,0,2024-07-20 23:17:23,,,
2018-11,河北省,2060.09,,21823.04,,1856,2018-11-30 00:00:00,1,0,2024-07-20 23:17:23,0,2024-07-20 23:17:23,,,
2018-11,天津市,150.03,,1880.06,,1857,2018-11-30 00:00:00,1,0,2024-07-20 23:17:23,0,2024-07-20 23:17:23,,,
2018-11,北京市,0.00,,0.00,,1858,2018-11-30 00:00:00,1,0,2024-07-20 23:17:23,0,2024-07-20 23:17:23,,,
2018-11,全国,7762.10,10.80,85737.20,6.70,1859,2018-11-30 00:00:00,1,0,2024-07-20 23:17:23,0,2024-07-20 23:17:23,,,
2018-10,新疆区,121.12,,963.02,,1860,2018-10-31 00:00:00,1,0,2024-07-20 23:17:23,0,2024-07-20 23:17:23,,,
2018-10,宁夏区,27.19,,206.47,,1861,2018-10-31 00:00:00,1,0,2024-07-20 23:17:27,0,2024-07-20 23:17:27,,,
2018-10,青海省,11.91,,114.50,,1862,2018-10-31 00:00:00,1,0,2024-07-20 23:17:27,0,2024-07-20 23:17:27,,,
2018-10,甘肃省,73.08,,690.93,,1863,2018-10-31 00:00:00,1,0,2024-07-20 23:17:27,0,2024-07-20 23:17:27,,,
2018-10,陕西省,115.94,,1100.40,,1864,2018-10-31 00:00:00,1,0,2024-07-20 23:17:27,0,2024-07-20 23:17:27,,,
2018-10,西藏区,,,,,1865,2018-10-31 00:00:00,1,0,2024-07-20 23:17:27,0,2024-07-20 23:17:27,,,
2018-10,云南省,171.45,,1585.22,,1866,2018-10-31 00:00:00,1,0,2024-07-20 23:17:27,0,2024-07-20 23:17:27,,,
2018-10,贵州省,37.33,,353.36,,1867,2018-10-31 00:00:00,1,0,2024-07-20 23:17:27,0,2024-07-20 23:17:27,,,
2018-10,四川省,204.79,,1966.50,,1868,2018-10-31 00:00:00,1,0,2024-07-20 23:17:27,0,2024-07-20 23:17:27,,,
2018-10,重庆市,55.76,,530.83,,1869,2018-10-31 00:00:00,1,0,2024-07-20 23:17:27,0,2024-07-20 23:17:27,,,
2018-10,海南省,,,,,1870,2018-10-31 00:00:00,1,0,2024-07-20 23:17:27,0,2024-07-20 23:17:27,,,
2018-10,广西区,143.44,,1863.76,,1871,2018-10-31 00:00:00,1,0,2024-07-20 23:17:27,0,2024-07-20 23:17:27,,,
2018-10,广东省,260.88,,2399.43,,1872,2018-10-31 00:00:00,1,0,2024-07-20 23:17:27,0,2024-07-20 23:17:27,,,
2018-10,湖南省,202.26,,1908.25,,1873,2018-10-31 00:00:00,1,0,2024-07-20 23:17:27,0,2024-07-20 23:17:27,,,
2018-10,湖北省,265.86,,2559.89,,1874,2018-10-31 00:00:00,1,0,2024-07-20 23:17:27,0,2024-07-20 23:17:27,,,
2018-10,河南省,293.91,,2616.45,,1875,2018-10-31 00:00:00,1,0,2024-07-20 23:17:27,0,2024-07-20 23:17:27,,,
2018-10,山东省,670.23,,6292.53,,1876,2018-10-31 00:00:00,1,0,2024-07-20 23:17:27,0,2024-07-20 23:17:27,,,
2018-10,江西省,215.76,,2051.51,,1877,2018-10-31 00:00:00,1,0,2024-07-20 23:17:27,0,2024-07-20 23:17:27,,,
2018-10,福建省,171.06,,1731.07,,1878,2018-10-31 00:00:00,1,0,2024-07-20 23:17:27,0,2024-07-20 23:17:27,,,
2018-10,安徽省,256.53,,2651.63,,1879,2018-10-31 00:00:00,1,0,2024-07-20 23:17:27,0,2024-07-20 23:17:27,,,
2018-10,浙江省,123.51,,1049.79,,1880,2018-10-31 00:00:00,1,0,2024-07-20 23:17:27,0,2024-07-20 23:17:27,,,
2018-10,江苏省,868.10,,9012.35,,1881,2018-10-31 00:00:00,1,0,2024-07-20 23:17:27,0,2024-07-20 23:17:27,,,
2018-10,上海市,140.14,,1362.61,,1882,2018-10-31 00:00:00,1,0,2024-07-20 23:17:27,0,2024-07-20 23:17:27,,,
2018-10,黑龙江省,71.63,,628.01,,1883,2018-10-31 00:00:00,1,0,2024-07-20 23:17:27,0,2024-07-20 23:17:27,,,
2018-10,吉林省,112.25,,990.21,,1884,2018-10-31 00:00:00,1,0,2024-07-20 23:17:27,0,2024-07-20 23:17:27,,,
2018-10,辽宁省,596.72,,5676.26,,1885,2018-10-31 00:00:00,1,0,2024-07-20 23:17:27,0,2024-07-20 23:17:27,,,
2018-10,内蒙古区,211.06,,1966.63,,1886,2018-10-31 00:00:00,1,0,2024-07-20 23:17:27,0,2024-07-20 23:17:27,,,
2018-10,山西省,460.56,,4481.19,,1887,2018-10-31 00:00:00,1,0,2024-07-20 23:17:27,0,2024-07-20 23:17:27,,,
2018-10,河北省,2188.71,,19762.95,,1888,2018-10-31 00:00:00,1,0,2024-07-20 23:17:27,0,2024-07-20 23:17:27,,,
2018-10,天津市,183.99,,1730.03,,1889,2018-10-31 00:00:00,1,0,2024-07-20 23:17:27,0,2024-07-20 23:17:27,,,
2018-10,北京市,0.00,,0.00,,1890,2018-10-31 00:00:00,1,0,2024-07-20 23:17:27,0,2024-07-20 23:17:27,,,
2018-10,全国,8255.20,9.10,78245.80,6.40,1891,2018-10-31 00:00:00,1,0,2024-07-20 23:17:30,0,2024-07-20 23:17:30,,,
2018-09,新疆区,124.96,,841.92,,1892,2018-09-30 00:00:00,1,0,2024-07-20 23:17:30,0,2024-07-20 23:17:30,,,
2018-09,宁夏区,25.98,,179.28,,1893,2018-09-30 00:00:00,1,0,2024-07-20 23:17:30,0,2024-07-20 23:17:30,,,
2018-09,青海省,7.09,,102.59,,1894,2018-09-30 00:00:00,1,0,2024-07-20 23:17:30,0,2024-07-20 23:17:30,,,
2018-09,甘肃省,76.38,,617.85,,1895,2018-09-30 00:00:00,1,0,2024-07-20 23:17:30,0,2024-07-20 23:17:30,,,
2018-09,陕西省,115.97,,984.46,,1896,2018-09-30 00:00:00,1,0,2024-07-20 23:17:30,0,2024-07-20 23:17:30,,,
2018-09,西藏区,,,,,1897,2018-09-30 00:00:00,1,0,2024-07-20 23:17:30,0,2024-07-20 23:17:30,,,
2018-09,云南省,172.61,,1413.78,,1898,2018-09-30 00:00:00,1,0,2024-07-20 23:17:30,0,2024-07-20 23:17:30,,,
2018-09,贵州省,37.17,,316.04,,1899,2018-09-30 00:00:00,1,0,2024-07-20 23:17:30,0,2024-07-20 23:17:30,,,
2018-09,四川省,208.92,,1761.72,,1900,2018-09-30 00:00:00,1,0,2024-07-20 23:17:30,0,2024-07-20 23:17:30,,,
2018-09,重庆市,53.84,,475.07,,1901,2018-09-30 00:00:00,1,0,2024-07-20 23:17:30,0,2024-07-20 23:17:30,,,
2018-09,海南省,,,,,1902,2018-09-30 00:00:00,1,0,2024-07-20 23:17:30,0,2024-07-20 23:17:30,,,
2018-09,广西区,188.10,,1666.46,,1903,2018-09-30 00:00:00,1,0,2024-07-20 23:17:30,0,2024-07-20 23:17:30,,,
2018-09,广东省,228.25,,2138.56,,1904,2018-09-30 00:00:00,1,0,2024-07-20 23:17:30,0,2024-07-20 23:17:30,,,
2018-09,湖南省,198.03,,1705.98,,1905,2018-09-30 00:00:00,1,0,2024-07-20 23:17:30,0,2024-07-20 23:17:30,,,
2018-09,湖北省,265.13,,2293.33,,1906,2018-09-30 00:00:00,1,0,2024-07-20 23:17:30,0,2024-07-20 23:17:30,,,
2018-09,河南省,296.12,,2323.81,,1907,2018-09-30 00:00:00,1,0,2024-07-20 23:17:30,0,2024-07-20 23:17:30,,,
2018-09,山东省,663.28,,5622.29,,1908,2018-09-30 00:00:00,1,0,2024-07-20 23:17:30,0,2024-07-20 23:17:30,,,
2018-09,江西省,196.29,,1835.74,,1909,2018-09-30 00:00:00,1,0,2024-07-20 23:17:30,0,2024-07-20 23:17:30,,,
2018-09,福建省,177.85,,1560.01,,1910,2018-09-30 00:00:00,1,0,2024-07-20 23:17:30,0,2024-07-20 23:17:30,,,
2018-09,安徽省,272.24,,2395.10,,1911,2018-09-30 00:00:00,1,0,2024-07-20 23:17:30,0,2024-07-20 23:17:30,,,
2018-09,浙江省,119.12,,926.28,,1912,2018-09-30 00:00:00,1,0,2024-07-20 23:17:30,0,2024-07-20 23:17:30,,,
2018-09,江苏省,851.94,,8144.25,,1913,2018-09-30 00:00:00,1,0,2024-07-20 23:17:30,0,2024-07-20 23:17:30,,,
2018-09,上海市,137.01,,1222.46,,1914,2018-09-30 00:00:00,1,0,2024-07-20 23:17:30,0,2024-07-20 23:17:30,,,
2018-09,黑龙江省,68.13,,556.38,,1915,2018-09-30 00:00:00,1,0,2024-07-20 23:17:30,0,2024-07-20 23:17:30,,,
2018-09,吉林省,94.67,,877.96,,1916,2018-09-30 00:00:00,1,0,2024-07-20 23:17:30,0,2024-07-20 23:17:30,,,
2018-09,辽宁省,586.27,,5079.53,,1917,2018-09-30 00:00:00,1,0,2024-07-20 23:17:30,0,2024-07-20 23:17:30,,,
2018-09,内蒙古区,210.22,,1760.67,,1918,2018-09-30 00:00:00,1,0,2024-07-20 23:17:30,0,2024-07-20 23:17:30,,,
2018-09,山西省,458.46,,4020.63,,1919,2018-09-30 00:00:00,1,0,2024-07-20 23:17:30,0,2024-07-20 23:17:30,,,
2018-09,河北省,2053.89,,17574.16,,1920,2018-09-30 00:00:00,1,0,2024-07-20 23:17:30,0,2024-07-20 23:17:30,,,
2018-09,天津市,196.56,,1546.05,,1921,2018-09-30 00:00:00,1,0,2024-07-20 23:17:33,0,2024-07-20 23:17:33,,,
2018-09,北京市,0.00,,0.00,,1922,2018-09-30 00:00:00,1,0,2024-07-20 23:17:33,0,2024-07-20 23:17:33,,,
2018-09,全国,8084.50,7.50,69942.40,6.10,1923,2018-09-30 00:00:00,1,0,2024-07-20 23:17:33,0,2024-07-20 23:17:33,,,
2018-08,新疆区,122.00,,716.96,,1924,2018-08-31 00:00:00,1,0,2024-07-20 23:17:33,0,2024-07-20 23:17:33,,,
2018-08,宁夏区,24.28,,153.30,,1925,2018-08-31 00:00:00,1,0,2024-07-20 23:17:33,0,2024-07-20 23:17:33,,,
2018-08,青海省,12.36,,95.50,,1926,2018-08-31 00:00:00,1,0,2024-07-20 23:17:33,0,2024-07-20 23:17:33,,,
2018-08,甘肃省,70.87,,541.47,,1927,2018-08-31 00:00:00,1,0,2024-07-20 23:17:33,0,2024-07-20 23:17:33,,,
2018-08,陕西省,116.66,,868.49,,1928,2018-08-31 00:00:00,1,0,2024-07-20 23:17:33,0,2024-07-20 23:17:33,,,
2018-08,西藏区,,,,,1929,2018-08-31 00:00:00,1,0,2024-07-20 23:17:33,0,2024-07-20 23:17:33,,,
2018-08,云南省,160.80,,1241.16,,1930,2018-08-31 00:00:00,1,0,2024-07-20 23:17:33,0,2024-07-20 23:17:33,,,
2018-08,贵州省,39.13,,278.87,,1931,2018-08-31 00:00:00,1,0,2024-07-20 23:17:33,0,2024-07-20 23:17:33,,,
2018-08,四川省,195.18,,1552.79,,1932,2018-08-31 00:00:00,1,0,2024-07-20 23:17:33,0,2024-07-20 23:17:33,,,
2018-08,重庆市,56.43,,421.23,,1933,2018-08-31 00:00:00,1,0,2024-07-20 23:17:33,0,2024-07-20 23:17:33,,,
2018-08,海南省,,,,,1934,2018-08-31 00:00:00,1,0,2024-07-20 23:17:33,0,2024-07-20 23:17:33,,,
2018-08,广西区,146.81,,1484.15,,1935,2018-08-31 00:00:00,1,0,2024-07-20 23:17:33,0,2024-07-20 23:17:33,,,
2018-08,广东省,257.62,,1910.31,,1936,2018-08-31 00:00:00,1,0,2024-07-20 23:17:33,0,2024-07-20 23:17:33,,,
2018-08,湖南省,200.18,,1507.96,,1937,2018-08-31 00:00:00,1,0,2024-07-20 23:17:33,0,2024-07-20 23:17:33,,,
2018-08,湖北省,278.96,,2028.20,,1938,2018-08-31 00:00:00,1,0,2024-07-20 23:17:33,0,2024-07-20 23:17:33,,,
2018-08,河南省,290.67,,2032.57,,1939,2018-08-31 00:00:00,1,0,2024-07-20 23:17:33,0,2024-07-20 23:17:33,,,
2018-08,山东省,662.25,,4959.02,,1940,2018-08-31 00:00:00,1,0,2024-07-20 23:17:33,0,2024-07-20 23:17:33,,,
2018-08,江西省,199.18,,1639.45,,1941,2018-08-31 00:00:00,1,0,2024-07-20 23:17:33,0,2024-07-20 23:17:33,,,
2018-08,福建省,180.98,,1382.17,,1942,2018-08-31 00:00:00,1,0,2024-07-20 23:17:33,0,2024-07-20 23:17:33,,,
2018-08,安徽省,282.86,,2122.84,,1943,2018-08-31 00:00:00,1,0,2024-07-20 23:17:33,0,2024-07-20 23:17:33,,,
2018-08,浙江省,113.63,,807.16,,1944,2018-08-31 00:00:00,1,0,2024-07-20 23:17:33,0,2024-07-20 23:17:33,,,
2018-08,江苏省,860.63,,7292.31,,1945,2018-08-31 00:00:00,1,0,2024-07-20 23:17:33,0,2024-07-20 23:17:33,,,
2018-08,上海市,135.38,,1085.45,,1946,2018-08-31 00:00:00,1,0,2024-07-20 23:17:33,0,2024-07-20 23:17:33,,,
2018-08,黑龙江省,65.61,,488.25,,1947,2018-08-31 00:00:00,1,0,2024-07-20 23:17:33,0,2024-07-20 23:17:33,,,
2018-08,吉林省,84.94,,783.28,,1948,2018-08-31 00:00:00,1,0,2024-07-20 23:17:33,0,2024-07-20 23:17:33,,,
2018-08,辽宁省,575.56,,4458.50,,1949,2018-08-31 00:00:00,1,0,2024-07-20 23:17:33,0,2024-07-20 23:17:33,,,
2018-08,内蒙古区,195.73,,1463.18,,1950,2018-08-31 00:00:00,1,0,2024-07-20 23:17:33,0,2024-07-20 23:17:33,,,
2018-08,山西省,502.43,,3562.18,,1951,2018-08-31 00:00:00,1,0,2024-07-20 23:17:35,0,2024-07-20 23:17:35,,,
2018-08,河北省,2006.19,,15513.55,,1952,2018-08-31 00:00:00,1,0,2024-07-20 23:17:35,0,2024-07-20 23:17:35,,,
2018-08,天津市,195.31,,1349.48,,1953,2018-08-31 00:00:00,1,0,2024-07-20 23:17:35,0,2024-07-20 23:17:35,,,
2018-08,北京市,0.00,,0.00,,1954,2018-08-31 00:00:00,1,0,2024-07-20 23:17:35,0,2024-07-20 23:17:35,,,
2018-08,全国,8032.60,2.70,61739.80,5.80,1955,2018-08-31 00:00:00,1,0,2024-07-20 23:17:35,0,2024-07-20 23:17:35,,,
2018-07,新疆区,121.61,,594.94,,1956,2018-07-31 00:00:00,1,0,2024-07-20 23:17:35,0,2024-07-20 23:17:35,,,
2018-07,宁夏区,14.92,,129.02,,1957,2018-07-31 00:00:00,1,0,2024-07-20 23:17:35,0,2024-07-20 23:17:35,,,
2018-07,青海省,12.10,,83.14,,1958,2018-07-31 00:00:00,1,0,2024-07-20 23:17:35,0,2024-07-20 23:17:35,,,
2018-07,甘肃省,75.50,,470.60,,1959,2018-07-31 00:00:00,1,0,2024-07-20 23:17:35,0,2024-07-20 23:17:35,,,
2018-07,陕西省,112.19,,751.83,,1960,2018-07-31 00:00:00,1,0,2024-07-20 23:17:35,0,2024-07-20 23:17:35,,,
2018-07,西藏区,,,,,1961,2018-07-31 00:00:00,1,0,2024-07-20 23:17:35,0,2024-07-20 23:17:35,,,
2018-07,云南省,165.08,,1080.36,,1962,2018-07-31 00:00:00,1,0,2024-07-20 23:17:35,0,2024-07-20 23:17:35,,,
2018-07,贵州省,38.58,,239.73,,1963,2018-07-31 00:00:00,1,0,2024-07-20 23:17:35,0,2024-07-20 23:17:35,,,
2018-07,四川省,198.94,,1357.56,,1964,2018-07-31 00:00:00,1,0,2024-07-20 23:17:35,0,2024-07-20 23:17:35,,,
2018-07,重庆市,54.79,,364.80,,1965,2018-07-31 00:00:00,1,0,2024-07-20 23:17:35,0,2024-07-20 23:17:35,,,
2018-07,海南省,,,,,1966,2018-07-31 00:00:00,1,0,2024-07-20 23:17:35,0,2024-07-20 23:17:35,,,
2018-07,广西区,192.88,,1283.55,,1967,2018-07-31 00:00:00,1,0,2024-07-20 23:17:35,0,2024-07-20 23:17:35,,,
2018-07,广东省,252.02,,1652.66,,1968,2018-07-31 00:00:00,1,0,2024-07-20 23:17:35,0,2024-07-20 23:17:35,,,
2018-07,湖南省,202.25,,1307.78,,1969,2018-07-31 00:00:00,1,0,2024-07-20 23:17:35,0,2024-07-20 23:17:35,,,
2018-07,湖北省,267.58,,1749.24,,1970,2018-07-31 00:00:00,1,0,2024-07-20 23:17:35,0,2024-07-20 23:17:35,,,
2018-07,河南省,278.19,,1741.90,,1971,2018-07-31 00:00:00,1,0,2024-07-20 23:17:35,0,2024-07-20 23:17:35,,,
2018-07,山东省,658.84,,4305.03,,1972,2018-07-31 00:00:00,1,0,2024-07-20 23:17:35,0,2024-07-20 23:17:35,,,
2018-07,江西省,218.17,,1440.27,,1973,2018-07-31 00:00:00,1,0,2024-07-20 23:17:35,0,2024-07-20 23:17:35,,,
2018-07,福建省,177.86,,1199.76,,1974,2018-07-31 00:00:00,1,0,2024-07-20 23:17:35,0,2024-07-20 23:17:35,,,
2018-07,安徽省,275.87,,1844.89,,1975,2018-07-31 00:00:00,1,0,2024-07-20 23:17:35,0,2024-07-20 23:17:35,,,
2018-07,浙江省,106.19,,693.53,,1976,2018-07-31 00:00:00,1,0,2024-07-20 23:17:35,0,2024-07-20 23:17:35,,,
2018-07,江苏省,869.36,,6436.62,,1977,2018-07-31 00:00:00,1,0,2024-07-20 23:17:35,0,2024-07-20 23:17:35,,,
2018-07,上海市,137.32,,950.07,,1978,2018-07-31 00:00:00,1,0,2024-07-20 23:17:35,0,2024-07-20 23:17:35,,,
2018-07,黑龙江省,57.08,,422.64,,1979,2018-07-31 00:00:00,1,0,2024-07-20 23:17:35,0,2024-07-20 23:17:35,,,
2018-07,吉林省,96.24,,698.34,,1980,2018-07-31 00:00:00,1,0,2024-07-20 23:17:35,0,2024-07-20 23:17:35,,,
2018-07,辽宁省,549.13,,3863.18,,1981,2018-07-31 00:00:00,1,0,2024-07-20 23:17:39,0,2024-07-20 23:17:39,,,
2018-07,内蒙古区,202.40,,1332.45,,1982,2018-07-31 00:00:00,1,0,2024-07-20 23:17:39,0,2024-07-20 23:17:39,,,
2018-07,山西省,484.91,,3059.75,,1983,2018-07-31 00:00:00,1,0,2024-07-20 23:17:39,0,2024-07-20 23:17:39,,,
2018-07,河北省,2106.18,,13076.75,,1984,2018-07-31 00:00:00,1,0,2024-07-20 23:17:39,0,2024-07-20 23:17:39,,,
2018-07,天津市,197.96,,1154.18,,1985,2018-07-31 00:00:00,1,0,2024-07-20 23:17:39,0,2024-07-20 23:17:39,,,
2018-07,北京市,0.00,,0.00,,1986,2018-07-31 00:00:00,1,0,2024-07-20 23:17:39,0,2024-07-20 23:17:39,,,
2018-07,全国,8124.10,7.20,53284.60,6.30,1987,2018-07-31 00:00:00,1,0,2024-07-20 23:17:39,0,2024-07-20 23:17:39,,,
2018-06,新疆区,112.26,,473.34,,1988,2018-06-30 00:00:00,1,0,2024-07-20 23:17:39,0,2024-07-20 23:17:39,,,
2018-06,宁夏区,21.68,,115.29,,1989,2018-06-30 00:00:00,1,0,2024-07-20 23:17:39,0,2024-07-20 23:17:39,,,
2018-06,青海省,14.31,,71.05,,1990,2018-06-30 00:00:00,1,0,2024-07-20 23:17:39,0,2024-07-20 23:17:39,,,
2018-06,甘肃省,69.74,,395.10,,1991,2018-06-30 00:00:00,1,0,2024-07-20 23:17:39,0,2024-07-20 23:17:39,,,
2018-06,陕西省,121.51,,639.63,,1992,2018-06-30 00:00:00,1,0,2024-07-20 23:17:39,0,2024-07-20 23:17:39,,,
2018-06,西藏区,,,,,1993,2018-06-30 00:00:00,1,0,2024-07-20 23:17:39,0,2024-07-20 23:17:39,,,
2018-06,云南省,151.16,,915.28,,1994,2018-06-30 00:00:00,1,0,2024-07-20 23:17:39,0,2024-07-20 23:17:39,,,
2018-06,贵州省,33.49,,201.15,,1995,2018-06-30 00:00:00,1,0,2024-07-20 23:17:39,0,2024-07-20 23:17:39,,,
2018-06,四川省,207.46,,1158.62,,1996,2018-06-30 00:00:00,1,0,2024-07-20 23:17:39,0,2024-07-20 23:17:39,,,
2018-06,重庆市,53.03,,310.01,,1997,2018-06-30 00:00:00,1,0,2024-07-20 23:17:39,0,2024-07-20 23:17:39,,,
2018-06,海南省,,,,,1998,2018-06-30 00:00:00,1,0,2024-07-20 23:17:39,0,2024-07-20 23:17:39,,,
2018-06,广西区,186.67,,1090.67,,1999,2018-06-30 00:00:00,1,0,2024-07-20 23:17:39,0,2024-07-20 23:17:39,,,
2018-06,广东省,240.86,,1397.68,,2000,2018-06-30 00:00:00,1,0,2024-07-20 23:17:39,0,2024-07-20 23:17:39,,,
2018-06,湖南省,202.10,,1105.53,,2001,2018-06-30 00:00:00,1,0,2024-07-20 23:17:39,0,2024-07-20 23:17:39,,,
2018-06,湖北省,257.88,,1476.55,,2002,2018-06-30 00:00:00,1,0,2024-07-20 23:17:39,0,2024-07-20 23:17:39,,,
2018-06,河南省,276.03,,1441.19,,2003,2018-06-30 00:00:00,1,0,2024-07-20 23:17:39,0,2024-07-20 23:17:39,,,
2018-06,山东省,621.92,,3640.26,,2004,2018-06-30 00:00:00,1,0,2024-07-20 23:17:39,0,2024-07-20 23:17:39,,,
2018-06,江西省,202.95,,1222.10,,2005,2018-06-30 00:00:00,1,0,2024-07-20 23:17:39,0,2024-07-20 23:17:39,,,
2018-06,福建省,179.72,,1016.80,,2006,2018-06-30 00:00:00,1,0,2024-07-20 23:17:39,0,2024-07-20 23:17:39,,,
2018-06,安徽省,273.73,,1569.02,,2007,2018-06-30 00:00:00,1,0,2024-07-20 23:17:39,0,2024-07-20 23:17:39,,,
2018-06,浙江省,102.15,,587.34,,2008,2018-06-30 00:00:00,1,0,2024-07-20 23:17:39,0,2024-07-20 23:17:39,,,
2018-06,江苏省,877.86,,5562.90,,2009,2018-06-30 00:00:00,1,0,2024-07-20 23:17:39,0,2024-07-20 23:17:39,,,
2018-06,上海市,135.04,,812.74,,2010,2018-06-30 00:00:00,1,0,2024-07-20 23:17:39,0,2024-07-20 23:17:39,,,
2018-06,黑龙江省,58.15,,365.56,,2011,2018-06-30 00:00:00,1,0,2024-07-20 23:17:41,0,2024-07-20 23:17:41,,,
2018-06,吉林省,103.67,,602.10,,2012,2018-06-30 00:00:00,1,0,2024-07-20 23:17:41,0,2024-07-20 23:17:41,,,
2018-06,辽宁省,561.81,,3314.06,,2013,2018-06-30 00:00:00,1,0,2024-07-20 23:17:41,0,2024-07-20 23:17:41,,,
2018-06,内蒙古区,190.31,,1130.05,,2014,2018-06-30 00:00:00,1,0,2024-07-20 23:17:41,0,2024-07-20 23:17:41,,,
2018-06,山西省,491.48,,2574.83,,2015,2018-06-30 00:00:00,1,0,2024-07-20 23:17:41,0,2024-07-20 23:17:41,,,
2018-06,河北省,2087.09,,10970.57,,2016,2018-06-30 00:00:00,1,0,2024-07-20 23:17:41,0,2024-07-20 23:17:41,,,
2018-06,天津市,185.50,,956.21,,2017,2018-06-30 00:00:00,1,0,2024-07-20 23:17:41,0,2024-07-20 23:17:41,,,
2018-06,北京市,0.00,,0.00,,2018,2018-06-30 00:00:00,1,0,2024-07-20 23:17:41,0,2024-07-20 23:17:41,,,
2018-06,全国,8019.60,7.50,45115.70,6.00,2019,2018-06-30 00:00:00,1,0,2024-07-20 23:17:41,0,2024-07-20 23:17:41,,,
2018-05,新疆区,85.90,,361.08,,2020,2018-05-31 00:00:00,1,0,2024-07-20 23:17:41,0,2024-07-20 23:17:41,,,
2018-05,宁夏区,25.04,,93.60,,2021,2018-05-31 00:00:00,1,0,2024-07-20 23:17:41,0,2024-07-20 23:17:41,,,
2018-05,青海省,13.25,,56.73,,2022,2018-05-31 00:00:00,1,0,2024-07-20 23:17:41,0,2024-07-20 23:17:41,,,
2018-05,甘肃省,73.46,,325.35,,2023,2018-05-31 00:00:00,1,0,2024-07-20 23:17:41,0,2024-07-20 23:17:41,,,
2018-05,陕西省,118.85,,518.13,,2024,2018-05-31 00:00:00,1,0,2024-07-20 23:17:41,0,2024-07-20 23:17:41,,,
2018-05,西藏区,,,,,2025,2018-05-31 00:00:00,1,0,2024-07-20 23:17:41,0,2024-07-20 23:17:41,,,
2018-05,云南省,149.67,,764.12,,2026,2018-05-31 00:00:00,1,0,2024-07-20 23:17:41,0,2024-07-20 23:17:41,,,
2018-05,贵州省,36.05,,167.66,,2027,2018-05-31 00:00:00,1,0,2024-07-20 23:17:41,0,2024-07-20 23:17:41,,,
2018-05,四川省,202.00,,951.16,,2028,2018-05-31 00:00:00,1,0,2024-07-20 23:17:41,0,2024-07-20 23:17:41,,,
2018-05,重庆市,55.47,,256.98,,2029,2018-05-31 00:00:00,1,0,2024-07-20 23:17:41,0,2024-07-20 23:17:41,,,
2018-05,海南省,,,,,2030,2018-05-31 00:00:00,1,0,2024-07-20 23:17:41,0,2024-07-20 23:17:41,,,
2018-05,广西区,194.94,,904.00,,2031,2018-05-31 00:00:00,1,0,2024-07-20 23:17:41,0,2024-07-20 23:17:41,,,
2018-05,广东省,251.10,,1156.83,,2032,2018-05-31 00:00:00,1,0,2024-07-20 23:17:41,0,2024-07-20 23:17:41,,,
2018-05,湖南省,194.42,,903.43,,2033,2018-05-31 00:00:00,1,0,2024-07-20 23:17:41,0,2024-07-20 23:17:41,,,
2018-05,湖北省,262.16,,1218.68,,2034,2018-05-31 00:00:00,1,0,2024-07-20 23:17:41,0,2024-07-20 23:17:41,,,
2018-05,河南省,281.87,,1164.83,,2035,2018-05-31 00:00:00,1,0,2024-07-20 23:17:41,0,2024-07-20 23:17:41,,,
2018-05,山东省,659.55,,3019.35,,2036,2018-05-31 00:00:00,1,0,2024-07-20 23:17:41,0,2024-07-20 23:17:41,,,
2018-05,江西省,206.36,,1019.15,,2037,2018-05-31 00:00:00,1,0,2024-07-20 23:17:41,0,2024-07-20 23:17:41,,,
2018-05,福建省,181.80,,834.77,,2038,2018-05-31 00:00:00,1,0,2024-07-20 23:17:41,0,2024-07-20 23:17:41,,,
2018-05,安徽省,269.37,,1295.23,,2039,2018-05-31 00:00:00,1,0,2024-07-20 23:17:41,0,2024-07-20 23:17:41,,,
2018-05,浙江省,109.86,,485.19,,2040,2018-05-31 00:00:00,1,0,2024-07-20 23:17:41,0,2024-07-20 23:17:41,,,
2018-05,江苏省,897.83,,4653.03,,2041,2018-05-31 00:00:00,1,0,2024-07-20 23:17:44,0,2024-07-20 23:17:44,,,
2018-05,上海市,142.77,,677.71,,2042,2018-05-31 00:00:00,1,0,2024-07-20 23:17:44,0,2024-07-20 23:17:44,,,
2018-05,黑龙江省,65.91,,307.41,,2043,2018-05-31 00:00:00,1,0,2024-07-20 23:17:44,0,2024-07-20 23:17:44,,,
2018-05,吉林省,108.86,,498.43,,2044,2018-05-31 00:00:00,1,0,2024-07-20 23:17:44,0,2024-07-20 23:17:44,,,
2018-05,辽宁省,580.56,,2752.24,,2045,2018-05-31 00:00:00,1,0,2024-07-20 23:17:44,0,2024-07-20 23:17:44,,,
2018-05,内蒙古区,199.97,,939.74,,2046,2018-05-31 00:00:00,1,0,2024-07-20 23:17:44,0,2024-07-20 23:17:44,,,
2018-05,山西省,483.10,,2083.35,,2047,2018-05-31 00:00:00,1,0,2024-07-20 23:17:44,0,2024-07-20 23:17:44,,,
2018-05,河北省,2066.08,,8807.00,,2048,2018-05-31 00:00:00,1,0,2024-07-20 23:17:44,0,2024-07-20 23:17:44,,,
2018-05,天津市,196.51,,770.71,,2049,2018-05-31 00:00:00,1,0,2024-07-20 23:17:44,0,2024-07-20 23:17:44,,,
2018-05,北京市,0.00,,0.00,,2050,2018-05-31 00:00:00,1,0,2024-07-20 23:17:44,0,2024-07-20 23:17:44,,,
2018-05,全国,8112.70,8.90,36985.90,5.40,2051,2018-05-31 00:00:00,1,0,2024-07-20 23:17:44,0,2024-07-20 23:17:44,,,
2018-04,新疆区,82.83,,275.18,,2052,2018-04-30 00:00:00,1,0,2024-07-20 23:17:44,0,2024-07-20 23:17:44,,,
2018-04,宁夏区,23.65,,68.57,,2053,2018-04-30 00:00:00,1,0,2024-07-20 23:17:44,0,2024-07-20 23:17:44,,,
2018-04,青海省,11.15,,43.48,,2054,2018-04-30 00:00:00,1,0,2024-07-20 23:17:44,0,2024-07-20 23:17:44,,,
2018-04,甘肃省,66.67,,251.89,,2055,2018-04-30 00:00:00,1,0,2024-07-20 23:17:44,0,2024-07-20 23:17:44,,,
2018-04,陕西省,106.50,,399.28,,2056,2018-04-30 00:00:00,1,0,2024-07-20 23:17:44,0,2024-07-20 23:17:44,,,
2018-04,西藏区,,,,,2057,2018-04-30 00:00:00,1,0,2024-07-20 23:17:44,0,2024-07-20 23:17:44,,,
2018-04,云南省,147.79,,614.45,,2058,2018-04-30 00:00:00,1,0,2024-07-20 23:17:44,0,2024-07-20 23:17:44,,,
2018-04,贵州省,35.14,,131.61,,2059,2018-04-30 00:00:00,1,0,2024-07-20 23:17:44,0,2024-07-20 23:17:44,,,
2018-04,四川省,197.06,,753.07,,2060,2018-04-30 00:00:00,1,0,2024-07-20 23:17:44,0,2024-07-20 23:17:44,,,
2018-04,重庆市,52.43,,201.51,,2061,2018-04-30 00:00:00,1,0,2024-07-20 23:17:44,0,2024-07-20 23:17:44,,,
2018-04,海南省,,,,,2062,2018-04-30 00:00:00,1,0,2024-07-20 23:17:44,0,2024-07-20 23:17:44,,,
2018-04,广西区,169.94,,709.07,,2063,2018-04-30 00:00:00,1,0,2024-07-20 23:17:44,0,2024-07-20 23:17:44,,,
2018-04,广东省,228.03,,905.35,,2064,2018-04-30 00:00:00,1,0,2024-07-20 23:17:44,0,2024-07-20 23:17:44,,,
2018-04,湖南省,185.45,,709.01,,2065,2018-04-30 00:00:00,1,0,2024-07-20 23:17:44,0,2024-07-20 23:17:44,,,
2018-04,湖北省,235.96,,957.00,,2066,2018-04-30 00:00:00,1,0,2024-07-20 23:17:44,0,2024-07-20 23:17:44,,,
2018-04,河南省,247.43,,886.70,,2067,2018-04-30 00:00:00,1,0,2024-07-20 23:17:44,0,2024-07-20 23:17:44,,,
2018-04,山东省,650.16,,2359.80,,2068,2018-04-30 00:00:00,1,0,2024-07-20 23:17:44,0,2024-07-20 23:17:44,,,
2018-04,江西省,205.97,,812.79,,2069,2018-04-30 00:00:00,1,0,2024-07-20 23:17:44,0,2024-07-20 23:17:44,,,
2018-04,福建省,164.19,,652.97,,2070,2018-04-30 00:00:00,1,0,2024-07-20 23:17:44,0,2024-07-20 23:17:44,,,
2018-04,安徽省,254.38,,1017.11,,2071,2018-04-30 00:00:00,1,0,2024-07-20 23:17:47,0,2024-07-20 23:17:47,,,
2018-04,浙江省,107.49,,375.32,,2072,2018-04-30 00:00:00,1,0,2024-07-20 23:17:47,0,2024-07-20 23:17:47,,,
2018-04,江苏省,940.46,,3755.06,,2073,2018-04-30 00:00:00,1,0,2024-07-20 23:17:47,0,2024-07-20 23:17:47,,,
2018-04,上海市,137.95,,534.94,,2074,2018-04-30 00:00:00,1,0,2024-07-20 23:17:47,0,2024-07-20 23:17:47,,,
2018-04,黑龙江省,60.53,,241.50,,2075,2018-04-30 00:00:00,1,0,2024-07-20 23:17:47,0,2024-07-20 23:17:47,,,
2018-04,吉林省,94.72,,389.57,,2076,2018-04-30 00:00:00,1,0,2024-07-20 23:17:47,0,2024-07-20 23:17:47,,,
2018-04,辽宁省,527.62,,2171.68,,2077,2018-04-30 00:00:00,1,0,2024-07-20 23:17:47,0,2024-07-20 23:17:47,,,
2018-04,内蒙古区,184.31,,739.77,,2078,2018-04-30 00:00:00,1,0,2024-07-20 23:17:47,0,2024-07-20 23:17:47,,,
2018-04,山西省,452.97,,1600.26,,2079,2018-04-30 00:00:00,1,0,2024-07-20 23:17:47,0,2024-07-20 23:17:47,,,
2018-04,河北省,1929.81,,6765.29,,2080,2018-04-30 00:00:00,1,0,2024-07-20 23:17:47,0,2024-07-20 23:17:47,,,
2018-04,天津市,169.17,,574.71,,2081,2018-04-30 00:00:00,1,0,2024-07-20 23:17:47,0,2024-07-20 23:17:47,,,
2018-04,北京市,0.00,,0.00,,2082,2018-04-30 00:00:00,1,0,2024-07-20 23:17:47,0,2024-07-20 23:17:47,,,
2018-04,全国,7669.80,4.80,28896.90,5.00,2083,2018-04-30 00:00:00,1,0,2024-07-20 23:17:47,0,2024-07-20 23:17:47,,,
2018-03,新疆区,73.68,,192.35,,2084,2018-03-31 00:00:00,1,0,2024-07-20 23:17:47,0,2024-07-20 23:17:47,,,
2018-03,宁夏区,24.10,,44.92,,2085,2018-03-31 00:00:00,1,0,2024-07-20 23:17:47,0,2024-07-20 23:17:47,,,
2018-03,青海省,10.94,,32.33,,2086,2018-03-31 00:00:00,1,0,2024-07-20 23:17:47,0,2024-07-20 23:17:47,,,
2018-03,甘肃省,68.66,,185.23,,2087,2018-03-31 00:00:00,1,0,2024-07-20 23:17:47,0,2024-07-20 23:17:47,,,
2018-03,陕西省,85.39,,292.77,,2088,2018-03-31 00:00:00,1,0,2024-07-20 23:17:47,0,2024-07-20 23:17:47,,,
2018-03,西藏区,,,,,2089,2018-03-31 00:00:00,1,0,2024-07-20 23:17:47,0,2024-07-20 23:17:47,,,
2018-03,云南省,168.35,,466.67,,2090,2018-03-31 00:00:00,1,0,2024-07-20 23:17:47,0,2024-07-20 23:17:47,,,
2018-03,贵州省,37.69,,96.47,,2091,2018-03-31 00:00:00,1,0,2024-07-20 23:17:47,0,2024-07-20 23:17:47,,,
2018-03,四川省,201.99,,556.04,,2092,2018-03-31 00:00:00,1,0,2024-07-20 23:17:47,0,2024-07-20 23:17:47,,,
2018-03,重庆市,53.76,,149.07,,2093,2018-03-31 00:00:00,1,0,2024-07-20 23:17:47,0,2024-07-20 23:17:47,,,
2018-03,海南省,,,,,2094,2018-03-31 00:00:00,1,0,2024-07-20 23:17:47,0,2024-07-20 23:17:47,,,
2018-03,广西区,204.62,,596.82,,2095,2018-03-31 00:00:00,1,0,2024-07-20 23:17:47,0,2024-07-20 23:17:47,,,
2018-03,广东省,227.02,,682.56,,2096,2018-03-31 00:00:00,1,0,2024-07-20 23:17:47,0,2024-07-20 23:17:47,,,
2018-03,湖南省,175.28,,523.56,,2097,2018-03-31 00:00:00,1,0,2024-07-20 23:17:47,0,2024-07-20 23:17:47,,,
2018-03,湖北省,252.46,,720.92,,2098,2018-03-31 00:00:00,1,0,2024-07-20 23:17:47,0,2024-07-20 23:17:47,,,
2018-03,河南省,242.85,,639.26,,2099,2018-03-31 00:00:00,1,0,2024-07-20 23:17:47,0,2024-07-20 23:17:47,,,
2018-03,山东省,602.24,,1709.64,,2100,2018-03-31 00:00:00,1,0,2024-07-20 23:17:47,0,2024-07-20 23:17:47,,,
2018-03,江西省,195.78,,606.82,,2101,2018-03-31 00:00:00,1,0,2024-07-20 23:17:50,0,2024-07-20 23:17:50,,,
2018-03,福建省,175.68,,488.78,,2102,2018-03-31 00:00:00,1,0,2024-07-20 23:17:50,0,2024-07-20 23:17:50,,,
2018-03,安徽省,271.49,,762.54,,2103,2018-03-31 00:00:00,1,0,2024-07-20 23:17:50,0,2024-07-20 23:17:50,,,
2018-03,浙江省,89.99,,267.84,,2104,2018-03-31 00:00:00,1,0,2024-07-20 23:17:50,0,2024-07-20 23:17:50,,,
2018-03,江苏省,992.45,,2814.38,,2105,2018-03-31 00:00:00,1,0,2024-07-20 23:17:50,0,2024-07-20 23:17:50,,,
2018-03,上海市,139.43,,396.99,,2106,2018-03-31 00:00:00,1,0,2024-07-20 23:17:50,0,2024-07-20 23:17:50,,,
2018-03,黑龙江省,61.32,,180.97,,2107,2018-03-31 00:00:00,1,0,2024-07-20 23:17:50,0,2024-07-20 23:17:50,,,
2018-03,吉林省,109.58,,294.85,,2108,2018-03-31 00:00:00,1,0,2024-07-20 23:17:50,0,2024-07-20 23:17:50,,,
2018-03,辽宁省,549.58,,1586.33,,2109,2018-03-31 00:00:00,1,0,2024-07-20 23:17:50,0,2024-07-20 23:17:50,,,
2018-03,内蒙古区,177.01,,536.84,,2110,2018-03-31 00:00:00,1,0,2024-07-20 23:17:50,0,2024-07-20 23:17:50,,,
2018-03,山西省,410.99,,1148.95,,2111,2018-03-31 00:00:00,1,0,2024-07-20 23:17:50,0,2024-07-20 23:17:50,,,
2018-03,河北省,1659.18,,4835.72,,2112,2018-03-31 00:00:00,1,0,2024-07-20 23:17:50,0,2024-07-20 23:17:50,,,
2018-03,天津市,136.47,,405.58,,2113,2018-03-31 00:00:00,1,0,2024-07-20 23:17:50,0,2024-07-20 23:17:50,,,
2018-03,北京市,0.00,,0.00,,2114,2018-03-31 00:00:00,1,0,2024-07-20 23:17:50,0,2024-07-20 23:17:50,,,
2018-03,全国,7398.00,4.50,21215.20,5.40,2115,2018-03-31 00:00:00,1,0,2024-07-20 23:17:50,0,2024-07-20 23:17:50,,,
2018-02,新疆区,,,118.67,,2116,2018-02-28 00:00:00,1,0,2024-07-20 23:17:50,0,2024-07-20 23:17:50,,,
2018-02,宁夏区,,,20.82,,2117,2018-02-28 00:00:00,1,0,2024-07-20 23:17:50,0,2024-07-20 23:17:50,,,
2018-02,青海省,,,21.39,,2118,2018-02-28 00:00:00,1,0,2024-07-20 23:17:50,0,2024-07-20 23:17:50,,,
2018-02,甘肃省,,,116.56,,2119,2018-02-28 00:00:00,1,0,2024-07-20 23:17:50,0,2024-07-20 23:17:50,,,
2018-02,陕西省,,,207.38,,2120,2018-02-28 00:00:00,1,0,2024-07-20 23:17:50,0,2024-07-20 23:17:50,,,
2018-02,西藏区,,,,,2121,2018-02-28 00:00:00,1,0,2024-07-20 23:17:50,0,2024-07-20 23:17:50,,,
2018-02,云南省,,,296.19,,2122,2018-02-28 00:00:00,1,0,2024-07-20 23:17:50,0,2024-07-20 23:17:50,,,
2018-02,贵州省,,,58.78,,2123,2018-02-28 00:00:00,1,0,2024-07-20 23:17:50,0,2024-07-20 23:17:50,,,
2018-02,四川省,,,354.01,,2124,2018-02-28 00:00:00,1,0,2024-07-20 23:17:50,0,2024-07-20 23:17:50,,,
2018-02,重庆市,,,95.44,,2125,2018-02-28 00:00:00,1,0,2024-07-20 23:17:50,0,2024-07-20 23:17:50,,,
2018-02,海南省,,,,,2126,2018-02-28 00:00:00,1,0,2024-07-20 23:17:50,0,2024-07-20 23:17:50,,,
2018-02,广西区,,,392.20,,2127,2018-02-28 00:00:00,1,0,2024-07-20 23:17:50,0,2024-07-20 23:17:50,,,
2018-02,广东省,,,453.69,,2128,2018-02-28 00:00:00,1,0,2024-07-20 23:17:50,0,2024-07-20 23:17:50,,,
2018-02,湖南省,,,348.27,,2129,2018-02-28 00:00:00,1,0,2024-07-20 23:17:50,0,2024-07-20 23:17:50,,,
2018-02,湖北省,,,468.30,,2130,2018-02-28 00:00:00,1,0,2024-07-20 23:17:50,0,2024-07-20 23:17:50,,,
2018-02,河南省,,,396.42,,2131,2018-02-28 00:00:00,1,0,2024-07-20 23:17:53,0,2024-07-20 23:17:53,,,
2018-02,山东省,,,1058.52,,2132,2018-02-28 00:00:00,1,0,2024-07-20 23:17:53,0,2024-07-20 23:17:53,,,
2018-02,江西省,,,411.05,,2133,2018-02-28 00:00:00,1,0,2024-07-20 23:17:53,0,2024-07-20 23:17:53,,,
2018-02,福建省,,,314.98,,2134,2018-02-28 00:00:00,1,0,2024-07-20 23:17:53,0,2024-07-20 23:17:53,,,
2018-02,安徽省,,,490.07,,2135,2018-02-28 00:00:00,1,0,2024-07-20 23:17:53,0,2024-07-20 23:17:53,,,
2018-02,浙江省,,,177.85,,2136,2018-02-28 00:00:00,1,0,2024-07-20 23:17:53,0,2024-07-20 23:17:53,,,
2018-02,江苏省,,,1749.98,,2137,2018-02-28 00:00:00,1,0,2024-07-20 23:17:53,0,2024-07-20 23:17:53,,,
2018-02,上海市,,,257.57,,2138,2018-02-28 00:00:00,1,0,2024-07-20 23:17:53,0,2024-07-20 23:17:53,,,
2018-02,黑龙江省,,,119.65,,2139,2018-02-28 00:00:00,1,0,2024-07-20 23:17:53,0,2024-07-20 23:17:53,,,
2018-02,吉林省,,,185.27,,2140,2018-02-28 00:00:00,1,0,2024-07-20 23:17:53,0,2024-07-20 23:17:53,,,
2018-02,辽宁省,,,1036.75,,2141,2018-02-28 00:00:00,1,0,2024-07-20 23:17:53,0,2024-07-20 23:17:53,,,
2018-02,内蒙古区,,,359.83,,2142,2018-02-28 00:00:00,1,0,2024-07-20 23:17:53,0,2024-07-20 23:17:53,,,
2018-02,山西省,,,737.96,,2143,2018-02-28 00:00:00,1,0,2024-07-20 23:17:53,0,2024-07-20 23:17:53,,,
2018-02,河北省,,,3165.03,,2144,2018-02-28 00:00:00,1,0,2024-07-20 23:17:53,0,2024-07-20 23:17:53,,,
2018-02,天津市,,,269.10,,2145,2018-02-28 00:00:00,1,0,2024-07-20 23:17:53,0,2024-07-20 23:17:53,,,
2018-02,北京市,,,0.00,,2146,2018-02-28 00:00:00,1,0,2024-07-20 23:17:53,0,2024-07-20 23:17:53,,,
2018-02,全国,,,13681.70,5.90,2147,2018-02-28 00:00:00,1,0,2024-07-20 23:17:53,0,2024-07-20 23:17:53,,,
2017-12,新疆区,81.17,,1110.10,,2148,2017-12-31 00:00:00,1,0,2024-07-20 23:17:53,0,2024-07-20 23:17:53,,,
2017-12,宁夏区,15.28,,229.46,,2149,2017-12-31 00:00:00,1,0,2024-07-20 23:17:53,0,2024-07-20 23:17:53,,,
2017-12,青海省,13.21,,119.56,,2150,2017-12-31 00:00:00,1,0,2024-07-20 23:17:53,0,2024-07-20 23:17:53,,,
2017-12,甘肃省,63.18,,560.52,,2151,2017-12-31 00:00:00,1,0,2024-07-20 23:17:53,0,2024-07-20 23:17:53,,,
2017-12,陕西省,110.05,,1184.26,,2152,2017-12-31 00:00:00,1,0,2024-07-20 23:17:53,0,2024-07-20 23:17:53,,,
2017-12,西藏区,,,,,2153,2017-12-31 00:00:00,1,0,2024-07-20 23:17:53,0,2024-07-20 23:17:53,,,
2017-12,云南省,150.26,,1517.50,,2154,2017-12-31 00:00:00,1,0,2024-07-20 23:17:53,0,2024-07-20 23:17:53,,,
2017-12,贵州省,43.78,,439.90,,2155,2017-12-31 00:00:00,1,0,2024-07-20 23:17:53,0,2024-07-20 23:17:53,,,
2017-12,四川省,225.73,,2026.31,,2156,2017-12-31 00:00:00,1,0,2024-07-20 23:17:53,0,2024-07-20 23:17:53,,,
2017-12,重庆市,43.85,,411.44,,2157,2017-12-31 00:00:00,1,0,2024-07-20 23:17:53,0,2024-07-20 23:17:53,,,
2017-12,海南省,0.00,,0.53,,2158,2017-12-31 00:00:00,1,0,2024-07-20 23:17:53,0,2024-07-20 23:17:53,,,
2017-12,广西区,205.51,,2265.26,,2159,2017-12-31 00:00:00,1,0,2024-07-20 23:17:53,0,2024-07-20 23:17:53,,,
2017-12,广东省,256.94,,2890.71,,2160,2017-12-31 00:00:00,1,0,2024-07-20 23:17:53,0,2024-07-20 23:17:53,,,
2017-12,湖南省,184.04,,2041.41,,2161,2017-12-31 00:00:00,1,0,2024-07-20 23:17:56,0,2024-07-20 23:17:56,,,
2017-12,湖北省,249.02,,2875.18,,2162,2017-12-31 00:00:00,1,0,2024-07-20 23:17:56,0,2024-07-20 23:17:56,,,
2017-12,河南省,200.84,,2954.03,,2163,2017-12-31 00:00:00,1,0,2024-07-20 23:17:56,0,2024-07-20 23:17:56,,,
2017-12,山东省,510.79,,7147.85,,2164,2017-12-31 00:00:00,1,0,2024-07-20 23:17:56,0,2024-07-20 23:17:56,,,
2017-12,江西省,219.25,,2412.69,,2165,2017-12-31 00:00:00,1,0,2024-07-20 23:17:56,0,2024-07-20 23:17:56,,,
2017-12,福建省,174.79,,1882.85,,2166,2017-12-31 00:00:00,1,0,2024-07-20 23:17:56,0,2024-07-20 23:17:56,,,
2017-12,安徽省,207.06,,2793.44,,2167,2017-12-31 00:00:00,1,0,2024-07-20 23:17:56,0,2024-07-20 23:17:56,,,
2017-12,浙江省,99.09,,1090.68,,2168,2017-12-31 00:00:00,1,0,2024-07-20 23:17:56,0,2024-07-20 23:17:56,,,
2017-12,江苏省,839.68,,10427.73,,2169,2017-12-31 00:00:00,1,0,2024-07-20 23:17:56,0,2024-07-20 23:17:56,,,
2017-12,上海市,130.28,,1607.70,,2170,2017-12-31 00:00:00,1,0,2024-07-20 23:17:56,0,2024-07-20 23:17:56,,,
2017-12,黑龙江省,58.32,,503.02,,2171,2017-12-31 00:00:00,1,0,2024-07-20 23:17:56,0,2024-07-20 23:17:56,,,
2017-12,吉林省,77.78,,910.68,,2172,2017-12-31 00:00:00,1,0,2024-07-20 23:17:56,0,2024-07-20 23:17:56,,,
2017-12,辽宁省,554.84,,6422.78,,2173,2017-12-31 00:00:00,1,0,2024-07-20 23:17:56,0,2024-07-20 23:17:56,,,
2017-12,内蒙古区,189.66,,1983.51,,2174,2017-12-31 00:00:00,1,0,2024-07-20 23:17:56,0,2024-07-20 23:17:56,,,
2017-12,山西省,395.20,,4429.68,,2175,2017-12-31 00:00:00,1,0,2024-07-20 23:17:56,0,2024-07-20 23:17:56,,,
2017-12,河北省,1309.28,,19121.47,,2176,2017-12-31 00:00:00,1,0,2024-07-20 23:17:56,0,2024-07-20 23:17:56,,,
2017-12,天津市,95.87,,1812.55,,2177,2017-12-31 00:00:00,1,0,2024-07-20 23:17:56,0,2024-07-20 23:17:56,,,
2017-12,北京市,0.00,,0.00,,2178,2017-12-31 00:00:00,1,0,2024-07-20 23:17:56,0,2024-07-20 23:17:56,,,
2017-12,全国,6704.70,1.80,83172.80,5.70,2179,2017-12-31 00:00:00,1,0,2024-07-20 23:17:56,0,2024-07-20 23:17:56,,,
2017-11,新疆区,94.52,,1028.93,,2180,2017-11-30 00:00:00,1,0,2024-07-20 23:17:56,0,2024-07-20 23:17:56,,,
2017-11,宁夏区,18.80,,214.18,,2181,2017-11-30 00:00:00,1,0,2024-07-20 23:17:56,0,2024-07-20 23:17:56,,,
2017-11,青海省,11.41,,106.28,,2182,2017-11-30 00:00:00,1,0,2024-07-20 23:17:56,0,2024-07-20 23:17:56,,,
2017-11,甘肃省,53.92,,497.34,,2183,2017-11-30 00:00:00,1,0,2024-07-20 23:17:56,0,2024-07-20 23:17:56,,,
2017-11,陕西省,111.71,,1074.21,,2184,2017-11-30 00:00:00,1,0,2024-07-20 23:17:56,0,2024-07-20 23:17:56,,,
2017-11,西藏区,,,,,2185,2017-11-30 00:00:00,1,0,2024-07-20 23:17:56,0,2024-07-20 23:17:56,,,
2017-11,云南省,148.46,,1367.25,,2186,2017-11-30 00:00:00,1,0,2024-07-20 23:17:56,0,2024-07-20 23:17:56,,,
2017-11,贵州省,41.73,,396.31,,2187,2017-11-30 00:00:00,1,0,2024-07-20 23:17:56,0,2024-07-20 23:17:56,,,
2017-11,四川省,181.35,,1796.57,,2188,2017-11-30 00:00:00,1,0,2024-07-20 23:17:56,0,2024-07-20 23:17:56,,,
2017-11,重庆市,45.70,,367.59,,2189,2017-11-30 00:00:00,1,0,2024-07-20 23:17:56,0,2024-07-20 23:17:56,,,
2017-11,海南省,0.00,,0.53,,2190,2017-11-30 00:00:00,1,0,2024-07-20 23:17:56,0,2024-07-20 23:17:56,,,
2017-11,广西区,188.04,,2059.75,,2191,2017-11-30 00:00:00,1,0,2024-07-20 23:17:59,0,2024-07-20 23:17:59,,,
2017-11,广东省,260.46,,2636.85,,2192,2017-11-30 00:00:00,1,0,2024-07-20 23:17:59,0,2024-07-20 23:17:59,,,
2017-11,湖南省,183.41,,1855.87,,2193,2017-11-30 00:00:00,1,0,2024-07-20 23:17:59,0,2024-07-20 23:17:59,,,
2017-11,湖北省,251.53,,2626.16,,2194,2017-11-30 00:00:00,1,0,2024-07-20 23:17:59,0,2024-07-20 23:17:59,,,
2017-11,河南省,216.83,,2790.56,,2195,2017-11-30 00:00:00,1,0,2024-07-20 23:17:59,0,2024-07-20 23:17:59,,,
2017-11,山东省,544.82,,6637.07,,2196,2017-11-30 00:00:00,1,0,2024-07-20 23:17:59,0,2024-07-20 23:17:59,,,
2017-11,江西省,198.65,,2193.44,,2197,2017-11-30 00:00:00,1,0,2024-07-20 23:17:59,0,2024-07-20 23:17:59,,,
2017-11,福建省,177.83,,1708.07,,2198,2017-11-30 00:00:00,1,0,2024-07-20 23:17:59,0,2024-07-20 23:17:59,,,
2017-11,安徽省,251.05,,2629.74,,2199,2017-11-30 00:00:00,1,0,2024-07-20 23:17:59,0,2024-07-20 23:17:59,,,
2017-11,浙江省,98.03,,990.08,,2200,2017-11-30 00:00:00,1,0,2024-07-20 23:17:59,0,2024-07-20 23:17:59,,,
2017-11,江苏省,832.75,,9590.31,,2201,2017-11-30 00:00:00,1,0,2024-07-20 23:17:59,0,2024-07-20 23:17:59,,,
2017-11,上海市,119.17,,1477.42,,2202,2017-11-30 00:00:00,1,0,2024-07-20 23:17:59,0,2024-07-20 23:17:59,,,
2017-11,黑龙江省,42.85,,444.71,,2203,2017-11-30 00:00:00,1,0,2024-07-20 23:17:59,0,2024-07-20 23:17:59,,,
2017-11,吉林省,93.25,,832.90,,2204,2017-11-30 00:00:00,1,0,2024-07-20 23:17:59,0,2024-07-20 23:17:59,,,
2017-11,辽宁省,510.93,,5867.94,,2205,2017-11-30 00:00:00,1,0,2024-07-20 23:17:59,0,2024-07-20 23:17:59,,,
2017-11,内蒙古区,178.86,,1793.84,,2206,2017-11-30 00:00:00,1,0,2024-07-20 23:17:59,0,2024-07-20 23:17:59,,,
2017-11,山西省,351.66,,3997.39,,2207,2017-11-30 00:00:00,1,0,2024-07-20 23:17:59,0,2024-07-20 23:17:59,,,
2017-11,河北省,1297.30,,17782.27,,2208,2017-11-30 00:00:00,1,0,2024-07-20 23:17:59,0,2024-07-20 23:17:59,,,
2017-11,天津市,110.04,,1716.68,,2209,2017-11-30 00:00:00,1,0,2024-07-20 23:17:59,0,2024-07-20 23:17:59,,,
2017-11,北京市,0.00,,0.00,,2210,2017-11-30 00:00:00,1,0,2024-07-20 23:17:59,0,2024-07-20 23:17:59,,,
2017-11,全国,6615.10,2.20,76480.20,,2211,2017-11-30 00:00:00,1,0,2024-07-20 23:17:59,0,2024-07-20 23:17:59,,,
2017-10,新疆区,107.57,,934.41,,2212,2017-10-31 00:00:00,1,0,2024-07-20 23:17:59,0,2024-07-20 23:17:59,,,
2017-10,宁夏区,21.20,,195.47,,2213,2017-10-31 00:00:00,1,0,2024-07-20 23:17:59,0,2024-07-20 23:17:59,,,
2017-10,青海省,11.81,,94.87,,2214,2017-10-31 00:00:00,1,0,2024-07-20 23:17:59,0,2024-07-20 23:17:59,,,
2017-10,甘肃省,43.43,,443.60,,2215,2017-10-31 00:00:00,1,0,2024-07-20 23:17:59,0,2024-07-20 23:17:59,,,
2017-10,陕西省,108.20,,962.50,,2216,2017-10-31 00:00:00,1,0,2024-07-20 23:17:59,0,2024-07-20 23:17:59,,,
2017-10,西藏区,,,,,2217,2017-10-31 00:00:00,1,0,2024-07-20 23:17:59,0,2024-07-20 23:17:59,,,
2017-10,云南省,141.27,,1218.78,,2218,2017-10-31 00:00:00,1,0,2024-07-20 23:17:59,0,2024-07-20 23:17:59,,,
2017-10,贵州省,42.91,,354.58,,2219,2017-10-31 00:00:00,1,0,2024-07-20 23:17:59,0,2024-07-20 23:17:59,,,
2017-10,四川省,188.60,,1775.56,,2220,2017-10-31 00:00:00,1,0,2024-07-20 23:17:59,0,2024-07-20 23:17:59,,,
2017-10,重庆市,47.79,,321.88,,2221,2017-10-31 00:00:00,1,0,2024-07-20 23:18:02,0,2024-07-20 23:18:02,,,
2017-10,海南省,0.00,,0.53,,2222,2017-10-31 00:00:00,1,0,2024-07-20 23:18:02,0,2024-07-20 23:18:02,,,
2017-10,广西区,193.86,,1871.71,,2223,2017-10-31 00:00:00,1,0,2024-07-20 23:18:02,0,2024-07-20 23:18:02,,,
2017-10,广东省,248.65,,2376.38,,2224,2017-10-31 00:00:00,1,0,2024-07-20 23:18:02,0,2024-07-20 23:18:02,,,
2017-10,湖南省,188.81,,1681.69,,2225,2017-10-31 00:00:00,1,0,2024-07-20 23:18:02,0,2024-07-20 23:18:02,,,
2017-10,湖北省,266.24,,2482.83,,2226,2017-10-31 00:00:00,1,0,2024-07-20 23:18:02,0,2024-07-20 23:18:02,,,
2017-10,河南省,264.41,,2573.73,,2227,2017-10-31 00:00:00,1,0,2024-07-20 23:18:02,0,2024-07-20 23:18:02,,,
2017-10,山东省,579.25,,6092.25,,2228,2017-10-31 00:00:00,1,0,2024-07-20 23:18:02,0,2024-07-20 23:18:02,,,
2017-10,江西省,211.37,,1994.79,,2229,2017-10-31 00:00:00,1,0,2024-07-20 23:18:02,0,2024-07-20 23:18:02,,,
2017-10,福建省,178.23,,1549.99,,2230,2017-10-31 00:00:00,1,0,2024-07-20 23:18:02,0,2024-07-20 23:18:02,,,
2017-10,安徽省,251.38,,2380.42,,2231,2017-10-31 00:00:00,1,0,2024-07-20 23:18:02,0,2024-07-20 23:18:02,,,
2017-10,浙江省,104.85,,995.29,,2232,2017-10-31 00:00:00,1,0,2024-07-20 23:18:02,0,2024-07-20 23:18:02,,,
2017-10,江苏省,980.06,,9443.99,,2233,2017-10-31 00:00:00,1,0,2024-07-20 23:18:02,0,2024-07-20 23:18:02,,,
2017-10,上海市,135.54,,1358.25,,2234,2017-10-31 00:00:00,1,0,2024-07-20 23:18:02,0,2024-07-20 23:18:02,,,
2017-10,黑龙江省,45.90,,401.86,,2235,2017-10-31 00:00:00,1,0,2024-07-20 23:18:02,0,2024-07-20 23:18:02,,,
2017-10,吉林省,89.03,,739.65,,2236,2017-10-31 00:00:00,1,0,2024-07-20 23:18:02,0,2024-07-20 23:18:02,,,
2017-10,辽宁省,557.41,,5357.01,,2237,2017-10-31 00:00:00,1,0,2024-07-20 23:18:02,0,2024-07-20 23:18:02,,,
2017-10,内蒙古区,175.57,,1614.98,,2238,2017-10-31 00:00:00,1,0,2024-07-20 23:18:02,0,2024-07-20 23:18:02,,,
2017-10,山西省,402.59,,3645.74,,2239,2017-10-31 00:00:00,1,0,2024-07-20 23:18:02,0,2024-07-20 23:18:02,,,
2017-10,河北省,1505.65,,16480.60,,2240,2017-10-31 00:00:00,1,0,2024-07-20 23:18:02,0,2024-07-20 23:18:02,,,
2017-10,天津市,144.67,,1606.64,,2241,2017-10-31 00:00:00,1,0,2024-07-20 23:18:02,0,2024-07-20 23:18:02,,,
2017-10,北京市,0.00,,0.00,,2242,2017-10-31 00:00:00,1,0,2024-07-20 23:18:02,0,2024-07-20 23:18:02,,,
2017-10,全国,7236.20,6.10,70950.00,6.10,2243,2017-10-31 00:00:00,1,0,2024-07-20 23:18:02,0,2024-07-20 23:18:02,,,
2017-09,新疆区,105.42,,826.85,,2244,2017-09-30 00:00:00,1,0,2024-07-20 23:18:02,0,2024-07-20 23:18:02,,,
2017-09,宁夏区,25.54,,174.27,,2245,2017-09-30 00:00:00,1,0,2024-07-20 23:18:02,0,2024-07-20 23:18:02,,,
2017-09,青海省,10.83,,83.12,,2246,2017-09-30 00:00:00,1,0,2024-07-20 23:18:02,0,2024-07-20 23:18:02,,,
2017-09,甘肃省,43.04,,400.17,,2247,2017-09-30 00:00:00,1,0,2024-07-20 23:18:02,0,2024-07-20 23:18:02,,,
2017-09,陕西省,109.52,,854.30,,2248,2017-09-30 00:00:00,1,0,2024-07-20 23:18:02,0,2024-07-20 23:18:02,,,
2017-09,西藏区,,,,,2249,2017-09-30 00:00:00,1,0,2024-07-20 23:18:02,0,2024-07-20 23:18:02,,,
2017-09,云南省,142.77,,1077.51,,2250,2017-09-30 00:00:00,1,0,2024-07-20 23:18:02,0,2024-07-20 23:18:02,,,
2017-09,贵州省,40.14,,311.67,,2251,2017-09-30 00:00:00,1,0,2024-07-20 23:18:05,0,2024-07-20 23:18:05,,,
2017-09,四川省,163.52,,1577.58,,2252,2017-09-30 00:00:00,1,0,2024-07-20 23:18:05,0,2024-07-20 23:18:05,,,
2017-09,重庆市,36.76,,274.10,,2253,2017-09-30 00:00:00,1,0,2024-07-20 23:18:05,0,2024-07-20 23:18:05,,,
2017-09,海南省,0.00,,0.53,,2254,2017-09-30 00:00:00,1,0,2024-07-20 23:18:05,0,2024-07-20 23:18:05,,,
2017-09,广西区,189.05,,1677.85,,2255,2017-09-30 00:00:00,1,0,2024-07-20 23:18:05,0,2024-07-20 23:18:05,,,
2017-09,广东省,246.39,,2127.73,,2256,2017-09-30 00:00:00,1,0,2024-07-20 23:18:05,0,2024-07-20 23:18:05,,,
2017-09,湖南省,179.04,,1492.88,,2257,2017-09-30 00:00:00,1,0,2024-07-20 23:18:05,0,2024-07-20 23:18:05,,,
2017-09,湖北省,250.54,,2222.15,,2258,2017-09-30 00:00:00,1,0,2024-07-20 23:18:05,0,2024-07-20 23:18:05,,,
2017-09,河南省,278.01,,2319.10,,2259,2017-09-30 00:00:00,1,0,2024-07-20 23:18:05,0,2024-07-20 23:18:05,,,
2017-09,山东省,579.57,,5514.93,,2260,2017-09-30 00:00:00,1,0,2024-07-20 23:18:05,0,2024-07-20 23:18:05,,,
2017-09,江西省,212.58,,1783.43,,2261,2017-09-30 00:00:00,1,0,2024-07-20 23:18:05,0,2024-07-20 23:18:05,,,
2017-09,福建省,165.17,,1366.48,,2262,2017-09-30 00:00:00,1,0,2024-07-20 23:18:05,0,2024-07-20 23:18:05,,,
2017-09,安徽省,234.00,,2129.05,,2263,2017-09-30 00:00:00,1,0,2024-07-20 23:18:05,0,2024-07-20 23:18:05,,,
2017-09,浙江省,100.53,,890.44,,2264,2017-09-30 00:00:00,1,0,2024-07-20 23:18:05,0,2024-07-20 23:18:05,,,
2017-09,江苏省,948.42,,8463.93,,2265,2017-09-30 00:00:00,1,0,2024-07-20 23:18:05,0,2024-07-20 23:18:05,,,
2017-09,上海市,133.33,,1222.71,,2266,2017-09-30 00:00:00,1,0,2024-07-20 23:18:05,0,2024-07-20 23:18:05,,,
2017-09,黑龙江省,44.89,,355.96,,2267,2017-09-30 00:00:00,1,0,2024-07-20 23:18:05,0,2024-07-20 23:18:05,,,
2017-09,吉林省,79.41,,650.62,,2268,2017-09-30 00:00:00,1,0,2024-07-20 23:18:05,0,2024-07-20 23:18:05,,,
2017-09,辽宁省,527.26,,4791.09,,2269,2017-09-30 00:00:00,1,0,2024-07-20 23:18:05,0,2024-07-20 23:18:05,,,
2017-09,内蒙古区,165.87,,1451.14,,2270,2017-09-30 00:00:00,1,0,2024-07-20 23:18:05,0,2024-07-20 23:18:05,,,
2017-09,山西省,413.34,,3242.16,,2271,2017-09-30 00:00:00,1,0,2024-07-20 23:18:05,0,2024-07-20 23:18:05,,,
2017-09,河北省,1578.96,,14974.95,,2272,2017-09-30 00:00:00,1,0,2024-07-20 23:18:05,0,2024-07-20 23:18:05,,,
2017-09,天津市,178.76,,1616.35,,2273,2017-09-30 00:00:00,1,0,2024-07-20 23:18:05,0,2024-07-20 23:18:05,,,
2017-09,北京市,0.00,,0.00,,2274,2017-09-30 00:00:00,1,0,2024-07-20 23:18:05,0,2024-07-20 23:18:05,,,
2017-09,全国,7182.70,5.30,63873.10,6.30,2275,2017-09-30 00:00:00,1,0,2024-07-20 23:18:05,0,2024-07-20 23:18:05,,,
2017-08,新疆区,115.55,,721.42,,2276,2017-08-31 00:00:00,1,0,2024-07-20 23:18:05,0,2024-07-20 23:18:05,,,
2017-08,宁夏区,23.09,,148.73,,2277,2017-08-31 00:00:00,1,0,2024-07-20 23:18:05,0,2024-07-20 23:18:05,,,
2017-08,青海省,7.96,,72.29,,2278,2017-08-31 00:00:00,1,0,2024-07-20 23:18:05,0,2024-07-20 23:18:05,,,
2017-08,甘肃省,45.54,,357.13,,2279,2017-08-31 00:00:00,1,0,2024-07-20 23:18:05,0,2024-07-20 23:18:05,,,
2017-08,陕西省,113.23,,744.78,,2280,2017-08-31 00:00:00,1,0,2024-07-20 23:18:05,0,2024-07-20 23:18:05,,,
2017-08,西藏区,,,,,2281,2017-08-31 00:00:00,1,0,2024-07-20 23:18:08,0,2024-07-20 23:18:08,,,
2017-08,云南省,142.54,,934.74,,2282,2017-08-31 00:00:00,1,0,2024-07-20 23:18:08,0,2024-07-20 23:18:08,,,
2017-08,贵州省,39.08,,271.52,,2283,2017-08-31 00:00:00,1,0,2024-07-20 23:18:08,0,2024-07-20 23:18:08,,,
2017-08,四川省,164.30,,1414.06,,2284,2017-08-31 00:00:00,1,0,2024-07-20 23:18:08,0,2024-07-20 23:18:08,,,
2017-08,重庆市,39.98,,237.33,,2285,2017-08-31 00:00:00,1,0,2024-07-20 23:18:08,0,2024-07-20 23:18:08,,,
2017-08,海南省,0.00,,0.53,,2286,2017-08-31 00:00:00,1,0,2024-07-20 23:18:08,0,2024-07-20 23:18:08,,,
2017-08,广西区,194.73,,1488.81,,2287,2017-08-31 00:00:00,1,0,2024-07-20 23:18:08,0,2024-07-20 23:18:08,,,
2017-08,广东省,260.23,,1881.35,,2288,2017-08-31 00:00:00,1,0,2024-07-20 23:18:08,0,2024-07-20 23:18:08,,,
2017-08,湖南省,193.25,,1313.84,,2289,2017-08-31 00:00:00,1,0,2024-07-20 23:18:08,0,2024-07-20 23:18:08,,,
2017-08,湖北省,264.34,,1971.61,,2290,2017-08-31 00:00:00,1,0,2024-07-20 23:18:08,0,2024-07-20 23:18:08,,,
2017-08,河南省,272.62,,1968.69,,2291,2017-08-31 00:00:00,1,0,2024-07-20 23:18:08,0,2024-07-20 23:18:08,,,
2017-08,山东省,607.89,,4971.56,,2292,2017-08-31 00:00:00,1,0,2024-07-20 23:18:08,0,2024-07-20 23:18:08,,,
2017-08,江西省,207.37,,1571.60,,2293,2017-08-31 00:00:00,1,0,2024-07-20 23:18:08,0,2024-07-20 23:18:08,,,
2017-08,福建省,159.19,,1201.31,,2294,2017-08-31 00:00:00,1,0,2024-07-20 23:18:08,0,2024-07-20 23:18:08,,,
2017-08,安徽省,238.53,,1895.05,,2295,2017-08-31 00:00:00,1,0,2024-07-20 23:18:08,0,2024-07-20 23:18:08,,,
2017-08,浙江省,107.32,,789.91,,2296,2017-08-31 00:00:00,1,0,2024-07-20 23:18:08,0,2024-07-20 23:18:08,,,
2017-08,江苏省,970.13,,7515.50,,2297,2017-08-31 00:00:00,1,0,2024-07-20 23:18:08,0,2024-07-20 23:18:08,,,
2017-08,上海市,141.07,,1089.38,,2298,2017-08-31 00:00:00,1,0,2024-07-20 23:18:08,0,2024-07-20 23:18:08,,,
2017-08,黑龙江省,48.53,,311.07,,2299,2017-08-31 00:00:00,1,0,2024-07-20 23:18:08,0,2024-07-20 23:18:08,,,
2017-08,吉林省,76.41,,571.21,,2300,2017-08-31 00:00:00,1,0,2024-07-20 23:18:08,0,2024-07-20 23:18:08,,,
2017-08,辽宁省,567.37,,4263.83,,2301,2017-08-31 00:00:00,1,0,2024-07-20 23:18:08,0,2024-07-20 23:18:08,,,
2017-08,内蒙古区,163.91,,1252.00,,2302,2017-08-31 00:00:00,1,0,2024-07-20 23:18:08,0,2024-07-20 23:18:08,,,
2017-08,山西省,410.87,,2828.42,,2303,2017-08-31 00:00:00,1,0,2024-07-20 23:18:08,0,2024-07-20 23:18:08,,,
2017-08,河北省,1678.90,,13395.98,,2304,2017-08-31 00:00:00,1,0,2024-07-20 23:18:08,0,2024-07-20 23:18:08,,,
2017-08,天津市,205.42,,1456.79,,2305,2017-08-31 00:00:00,1,0,2024-07-20 23:18:08,0,2024-07-20 23:18:08,,,
2017-08,北京市,0.00,,0.00,,2306,2017-08-31 00:00:00,1,0,2024-07-20 23:18:08,0,2024-07-20 23:18:08,,,
2017-08,全国,7459.40,8.70,56640.50,5.60,2307,2017-08-31 00:00:00,1,0,2024-07-20 23:18:08,0,2024-07-20 23:18:08,,,
2017-07,新疆区,114.99,,605.87,,2308,2017-07-31 00:00:00,1,0,2024-07-20 23:18:08,0,2024-07-20 23:18:08,,,
2017-07,宁夏区,21.98,,125.64,,2309,2017-07-31 00:00:00,1,0,2024-07-20 23:18:08,0,2024-07-20 23:18:08,,,
2017-07,青海省,10.13,,64.33,,2310,2017-07-31 00:00:00,1,0,2024-07-20 23:18:08,0,2024-07-20 23:18:08,,,
2017-07,甘肃省,49.06,,311.58,,2311,2017-07-31 00:00:00,1,0,2024-07-20 23:18:11,0,2024-07-20 23:18:11,,,
2017-07,陕西省,101.66,,631.56,,2312,2017-07-31 00:00:00,1,0,2024-07-20 23:18:11,0,2024-07-20 23:18:11,,,
2017-07,西藏区,,,,,2313,2017-07-31 00:00:00,1,0,2024-07-20 23:18:11,0,2024-07-20 23:18:11,,,
2017-07,云南省,131.96,,792.21,,2314,2017-07-31 00:00:00,1,0,2024-07-20 23:18:11,0,2024-07-20 23:18:11,,,
2017-07,贵州省,39.93,,232.44,,2315,2017-07-31 00:00:00,1,0,2024-07-20 23:18:11,0,2024-07-20 23:18:11,,,
2017-07,四川省,175.53,,1255.11,,2316,2017-07-31 00:00:00,1,0,2024-07-20 23:18:11,0,2024-07-20 23:18:11,,,
2017-07,重庆市,30.15,,197.36,,2317,2017-07-31 00:00:00,1,0,2024-07-20 23:18:11,0,2024-07-20 23:18:11,,,
2017-07,海南省,0.00,,0.53,,2318,2017-07-31 00:00:00,1,0,2024-07-20 23:18:11,0,2024-07-20 23:18:11,,,
2017-07,广西区,204.94,,1294.07,,2319,2017-07-31 00:00:00,1,0,2024-07-20 23:18:11,0,2024-07-20 23:18:11,,,
2017-07,广东省,253.12,,1621.11,,2320,2017-07-31 00:00:00,1,0,2024-07-20 23:18:11,0,2024-07-20 23:18:11,,,
2017-07,湖南省,181.68,,1119.09,,2321,2017-07-31 00:00:00,1,0,2024-07-20 23:18:11,0,2024-07-20 23:18:11,,,
2017-07,湖北省,251.65,,1707.27,,2322,2017-07-31 00:00:00,1,0,2024-07-20 23:18:11,0,2024-07-20 23:18:11,,,
2017-07,河南省,262.63,,1696.08,,2323,2017-07-31 00:00:00,1,0,2024-07-20 23:18:11,0,2024-07-20 23:18:11,,,
2017-07,山东省,590.05,,4363.67,,2324,2017-07-31 00:00:00,1,0,2024-07-20 23:18:11,0,2024-07-20 23:18:11,,,
2017-07,江西省,196.22,,1363.32,,2325,2017-07-31 00:00:00,1,0,2024-07-20 23:18:11,0,2024-07-20 23:18:11,,,
2017-07,福建省,156.04,,1042.11,,2326,2017-07-31 00:00:00,1,0,2024-07-20 23:18:11,0,2024-07-20 23:18:11,,,
2017-07,安徽省,232.86,,1656.57,,2327,2017-07-31 00:00:00,1,0,2024-07-20 23:18:11,0,2024-07-20 23:18:11,,,
2017-07,浙江省,110.46,,682.59,,2328,2017-07-31 00:00:00,1,0,2024-07-20 23:18:11,0,2024-07-20 23:18:11,,,
2017-07,江苏省,956.61,,6545.27,,2329,2017-07-31 00:00:00,1,0,2024-07-20 23:18:11,0,2024-07-20 23:18:11,,,
2017-07,上海市,139.63,,948.31,,2330,2017-07-31 00:00:00,1,0,2024-07-20 23:18:11,0,2024-07-20 23:18:11,,,
2017-07,黑龙江省,44.41,,262.54,,2331,2017-07-31 00:00:00,1,0,2024-07-20 23:18:11,0,2024-07-20 23:18:11,,,
2017-07,吉林省,77.15,,494.79,,2332,2017-07-31 00:00:00,1,0,2024-07-20 23:18:11,0,2024-07-20 23:18:11,,,
2017-07,辽宁省,567.78,,3696.45,,2333,2017-07-31 00:00:00,1,0,2024-07-20 23:18:11,0,2024-07-20 23:18:11,,,
2017-07,内蒙古区,158.88,,1088.09,,2334,2017-07-31 00:00:00,1,0,2024-07-20 23:18:11,0,2024-07-20 23:18:11,,,
2017-07,山西省,388.52,,2417.55,,2335,2017-07-31 00:00:00,1,0,2024-07-20 23:18:11,0,2024-07-20 23:18:11,,,
2017-07,河北省,1746.42,,11688.36,,2336,2017-07-31 00:00:00,1,0,2024-07-20 23:18:11,0,2024-07-20 23:18:11,,,
2017-07,天津市,207.66,,1251.37,,2337,2017-07-31 00:00:00,1,0,2024-07-20 23:18:11,0,2024-07-20 23:18:11,,,
2017-07,北京市,0.00,,0.00,,2338,2017-07-31 00:00:00,1,0,2024-07-20 23:18:11,0,2024-07-20 23:18:11,,,
2017-07,全国,7402.10,10.30,49155.20,5.10,2339,2017-07-31 00:00:00,1,0,2024-07-20 23:18:11,0,2024-07-20 23:18:11,,,
2017-06,新疆区,116.31,,490.88,,2340,2017-06-30 00:00:00,1,0,2024-07-20 23:18:11,0,2024-07-20 23:18:11,,,
2017-06,宁夏区,23.39,,103.66,,2341,2017-06-30 00:00:00,1,0,2024-07-20 23:18:14,0,2024-07-20 23:18:14,,,
2017-06,青海省,9.61,,54.20,,2342,2017-06-30 00:00:00,1,0,2024-07-20 23:18:14,0,2024-07-20 23:18:14,,,
2017-06,甘肃省,42.81,,262.53,,2343,2017-06-30 00:00:00,1,0,2024-07-20 23:18:14,0,2024-07-20 23:18:14,,,
2017-06,陕西省,106.98,,529.89,,2344,2017-06-30 00:00:00,1,0,2024-07-20 23:18:14,0,2024-07-20 23:18:14,,,
2017-06,西藏区,,,,,2345,2017-06-30 00:00:00,1,0,2024-07-20 23:18:14,0,2024-07-20 23:18:14,,,
2017-06,云南省,127.38,,660.24,,2346,2017-06-30 00:00:00,1,0,2024-07-20 23:18:14,0,2024-07-20 23:18:14,,,
2017-06,贵州省,38.74,,192.51,,2347,2017-06-30 00:00:00,1,0,2024-07-20 23:18:14,0,2024-07-20 23:18:14,,,
2017-06,四川省,200.28,,1079.59,,2348,2017-06-30 00:00:00,1,0,2024-07-20 23:18:14,0,2024-07-20 23:18:14,,,
2017-06,重庆市,28.88,,167.21,,2349,2017-06-30 00:00:00,1,0,2024-07-20 23:18:14,0,2024-07-20 23:18:14,,,
2017-06,海南省,0.00,,0.53,,2350,2017-06-30 00:00:00,1,0,2024-07-20 23:18:14,0,2024-07-20 23:18:14,,,
2017-06,广西区,195.07,,1089.13,,2351,2017-06-30 00:00:00,1,0,2024-07-20 23:18:14,0,2024-07-20 23:18:14,,,
2017-06,广东省,263.39,,1486.24,,2352,2017-06-30 00:00:00,1,0,2024-07-20 23:18:14,0,2024-07-20 23:18:14,,,
2017-06,湖南省,168.37,,937.41,,2353,2017-06-30 00:00:00,1,0,2024-07-20 23:18:14,0,2024-07-20 23:18:14,,,
2017-06,湖北省,256.54,,1455.62,,2354,2017-06-30 00:00:00,1,0,2024-07-20 23:18:14,0,2024-07-20 23:18:14,,,
2017-06,河南省,247.83,,1505.65,,2355,2017-06-30 00:00:00,1,0,2024-07-20 23:18:14,0,2024-07-20 23:18:14,,,
2017-06,山东省,631.93,,3773.62,,2356,2017-06-30 00:00:00,1,0,2024-07-20 23:18:14,0,2024-07-20 23:18:14,,,
2017-06,江西省,196.91,,1167.10,,2357,2017-06-30 00:00:00,1,0,2024-07-20 23:18:14,0,2024-07-20 23:18:14,,,
2017-06,福建省,168.37,,886.07,,2358,2017-06-30 00:00:00,1,0,2024-07-20 23:18:14,0,2024-07-20 23:18:14,,,
2017-06,安徽省,228.99,,1423.71,,2359,2017-06-30 00:00:00,1,0,2024-07-20 23:18:14,0,2024-07-20 23:18:14,,,
2017-06,浙江省,106.95,,572.13,,2360,2017-06-30 00:00:00,1,0,2024-07-20 23:18:14,0,2024-07-20 23:18:14,,,
2017-06,江苏省,980.04,,5588.66,,2361,2017-06-30 00:00:00,1,0,2024-07-20 23:18:14,0,2024-07-20 23:18:14,,,
2017-06,上海市,133.02,,808.68,,2362,2017-06-30 00:00:00,1,0,2024-07-20 23:18:14,0,2024-07-20 23:18:14,,,
2017-06,黑龙江省,44.39,,219.71,,2363,2017-06-30 00:00:00,1,0,2024-07-20 23:18:14,0,2024-07-20 23:18:14,,,
2017-06,吉林省,74.96,,417.64,,2364,2017-06-30 00:00:00,1,0,2024-07-20 23:18:14,0,2024-07-20 23:18:14,,,
2017-06,辽宁省,559.22,,3128.68,,2365,2017-06-30 00:00:00,1,0,2024-07-20 23:18:14,0,2024-07-20 23:18:14,,,
2017-06,内蒙古区,154.86,,929.21,,2366,2017-06-30 00:00:00,1,0,2024-07-20 23:18:14,0,2024-07-20 23:18:14,,,
2017-06,山西省,366.65,,2029.19,,2367,2017-06-30 00:00:00,1,0,2024-07-20 23:18:14,0,2024-07-20 23:18:14,,,
2017-06,河北省,1662.21,,9971.07,,2368,2017-06-30 00:00:00,1,0,2024-07-20 23:18:14,0,2024-07-20 23:18:14,,,
2017-06,天津市,189.06,,1043.71,,2369,2017-06-30 00:00:00,1,0,2024-07-20 23:18:14,0,2024-07-20 23:18:14,,,
2017-06,北京市,0.00,,0.00,,2370,2017-06-30 00:00:00,1,0,2024-07-20 23:18:14,0,2024-07-20 23:18:14,,,
2017-06,全国,7323.10,5.70,41974.50,4.60,2371,2017-06-30 00:00:00,1,0,2024-07-20 23:18:18,0,2024-07-20 23:18:18,,,
2017-05,新疆区,112.95,,386.81,,2372,2017-05-31 00:00:00,1,0,2024-07-20 23:18:18,0,2024-07-20 23:18:18,,,
2017-05,宁夏区,24.21,,80.28,,2373,2017-05-31 00:00:00,1,0,2024-07-20 23:18:18,0,2024-07-20 23:18:18,,,
2017-05,青海省,9.04,,44.59,,2374,2017-05-31 00:00:00,1,0,2024-07-20 23:18:18,0,2024-07-20 23:18:18,,,
2017-05,甘肃省,49.33,,219.72,,2375,2017-05-31 00:00:00,1,0,2024-07-20 23:18:18,0,2024-07-20 23:18:18,,,
2017-05,陕西省,100.71,,422.91,,2376,2017-05-31 00:00:00,1,0,2024-07-20 23:18:18,0,2024-07-20 23:18:18,,,
2017-05,西藏区,,,,,2377,2017-05-31 00:00:00,1,0,2024-07-20 23:18:18,0,2024-07-20 23:18:18,,,
2017-05,云南省,122.43,,532.85,,2378,2017-05-31 00:00:00,1,0,2024-07-20 23:18:18,0,2024-07-20 23:18:18,,,
2017-05,贵州省,40.20,,190.87,,2379,2017-05-31 00:00:00,1,0,2024-07-20 23:18:18,0,2024-07-20 23:18:18,,,
2017-05,四川省,195.62,,879.31,,2380,2017-05-31 00:00:00,1,0,2024-07-20 23:18:18,0,2024-07-20 23:18:18,,,
2017-05,重庆市,29.09,,138.32,,2381,2017-05-31 00:00:00,1,0,2024-07-20 23:18:18,0,2024-07-20 23:18:18,,,
2017-05,海南省,0.00,,0.53,,2382,2017-05-31 00:00:00,1,0,2024-07-20 23:18:18,0,2024-07-20 23:18:18,,,
2017-05,广西区,192.74,,894.06,,2383,2017-05-31 00:00:00,1,0,2024-07-20 23:18:18,0,2024-07-20 23:18:18,,,
2017-05,广东省,270.00,,1206.95,,2384,2017-05-31 00:00:00,1,0,2024-07-20 23:18:18,0,2024-07-20 23:18:18,,,
2017-05,湖南省,162.74,,767.10,,2385,2017-05-31 00:00:00,1,0,2024-07-20 23:18:18,0,2024-07-20 23:18:18,,,
2017-05,湖北省,244.68,,1199.08,,2386,2017-05-31 00:00:00,1,0,2024-07-20 23:18:18,0,2024-07-20 23:18:18,,,
2017-05,河南省,274.21,,1257.82,,2387,2017-05-31 00:00:00,1,0,2024-07-20 23:18:18,0,2024-07-20 23:18:18,,,
2017-05,山东省,651.14,,3141.76,,2388,2017-05-31 00:00:00,1,0,2024-07-20 23:18:18,0,2024-07-20 23:18:18,,,
2017-05,江西省,208.30,,970.19,,2389,2017-05-31 00:00:00,1,0,2024-07-20 23:18:18,0,2024-07-20 23:18:18,,,
2017-05,福建省,149.73,,717.71,,2390,2017-05-31 00:00:00,1,0,2024-07-20 23:18:18,0,2024-07-20 23:18:18,,,
2017-05,安徽省,236.47,,1194.72,,2391,2017-05-31 00:00:00,1,0,2024-07-20 23:18:18,0,2024-07-20 23:18:18,,,
2017-05,浙江省,101.22,,465.18,,2392,2017-05-31 00:00:00,1,0,2024-07-20 23:18:18,0,2024-07-20 23:18:18,,,
2017-05,江苏省,936.29,,4608.26,,2393,2017-05-31 00:00:00,1,0,2024-07-20 23:18:18,0,2024-07-20 23:18:18,,,
2017-05,上海市,134.28,,675.66,,2394,2017-05-31 00:00:00,1,0,2024-07-20 23:18:18,0,2024-07-20 23:18:18,,,
2017-05,黑龙江省,38.07,,175.32,,2395,2017-05-31 00:00:00,1,0,2024-07-20 23:18:18,0,2024-07-20 23:18:18,,,
2017-05,吉林省,71.46,,342.68,,2396,2017-05-31 00:00:00,1,0,2024-07-20 23:18:18,0,2024-07-20 23:18:18,,,
2017-05,辽宁省,538.90,,2569.22,,2397,2017-05-31 00:00:00,1,0,2024-07-20 23:18:18,0,2024-07-20 23:18:18,,,
2017-05,内蒙古区,157.57,,774.35,,2398,2017-05-31 00:00:00,1,0,2024-07-20 23:18:18,0,2024-07-20 23:18:18,,,
2017-05,山西省,356.05,,1663.53,,2399,2017-05-31 00:00:00,1,0,2024-07-20 23:18:18,0,2024-07-20 23:18:18,,,
2017-05,河北省,1661.13,,8308.86,,2400,2017-05-31 00:00:00,1,0,2024-07-20 23:18:18,0,2024-07-20 23:18:18,,,
2017-05,天津市,157.34,,854.65,,2401,2017-05-31 00:00:00,1,0,2024-07-20 23:18:21,0,2024-07-20 23:18:21,,,
2017-05,北京市,0.00,,0.00,,2402,2017-05-31 00:00:00,1,0,2024-07-20 23:18:21,0,2024-07-20 23:18:21,,,
2017-05,全国,7225.90,1.80,34683.30,4.40,2403,2017-05-31 00:00:00,1,0,2024-07-20 23:18:21,0,2024-07-20 23:18:21,,,
2017-04,新疆区,106.18,,266.69,,2404,2017-04-30 00:00:00,1,0,2024-07-20 23:18:21,0,2024-07-20 23:18:21,,,
2017-04,宁夏区,21.24,,56.07,,2405,2017-04-30 00:00:00,1,0,2024-07-20 23:18:21,0,2024-07-20 23:18:21,,,
2017-04,青海省,9.97,,35.55,,2406,2017-04-30 00:00:00,1,0,2024-07-20 23:18:21,0,2024-07-20 23:18:21,,,
2017-04,甘肃省,45.92,,170.38,,2407,2017-04-30 00:00:00,1,0,2024-07-20 23:18:21,0,2024-07-20 23:18:21,,,
2017-04,陕西省,108.16,,322.20,,2408,2017-04-30 00:00:00,1,0,2024-07-20 23:18:21,0,2024-07-20 23:18:21,,,
2017-04,西藏区,,,,,2409,2017-04-30 00:00:00,1,0,2024-07-20 23:18:21,0,2024-07-20 23:18:21,,,
2017-04,云南省,111.06,,410.42,,2410,2017-04-30 00:00:00,1,0,2024-07-20 23:18:21,0,2024-07-20 23:18:21,,,
2017-04,贵州省,35.43,,150.66,,2411,2017-04-30 00:00:00,1,0,2024-07-20 23:18:21,0,2024-07-20 23:18:21,,,
2017-04,四川省,174.35,,664.92,,2412,2017-04-30 00:00:00,1,0,2024-07-20 23:18:21,0,2024-07-20 23:18:21,,,
2017-04,重庆市,28.91,,109.23,,2413,2017-04-30 00:00:00,1,0,2024-07-20 23:18:21,0,2024-07-20 23:18:21,,,
2017-04,海南省,0.00,,0.53,,2414,2017-04-30 00:00:00,1,0,2024-07-20 23:18:21,0,2024-07-20 23:18:21,,,
2017-04,广西区,181.56,,701.32,,2415,2017-04-30 00:00:00,1,0,2024-07-20 23:18:21,0,2024-07-20 23:18:21,,,
2017-04,广东省,242.99,,917.35,,2416,2017-04-30 00:00:00,1,0,2024-07-20 23:18:21,0,2024-07-20 23:18:21,,,
2017-04,湖南省,148.21,,604.37,,2417,2017-04-30 00:00:00,1,0,2024-07-20 23:18:21,0,2024-07-20 23:18:21,,,
2017-04,湖北省,251.54,,954.40,,2418,2017-04-30 00:00:00,1,0,2024-07-20 23:18:21,0,2024-07-20 23:18:21,,,
2017-04,河南省,268.77,,983.61,,2419,2017-04-30 00:00:00,1,0,2024-07-20 23:18:21,0,2024-07-20 23:18:21,,,
2017-04,山东省,672.84,,2490.64,,2420,2017-04-30 00:00:00,1,0,2024-07-20 23:18:21,0,2024-07-20 23:18:21,,,
2017-04,江西省,206.29,,761.89,,2421,2017-04-30 00:00:00,1,0,2024-07-20 23:18:21,0,2024-07-20 23:18:21,,,
2017-04,福建省,137.88,,567.98,,2422,2017-04-30 00:00:00,1,0,2024-07-20 23:18:21,0,2024-07-20 23:18:21,,,
2017-04,安徽省,238.41,,958.25,,2423,2017-04-30 00:00:00,1,0,2024-07-20 23:18:21,0,2024-07-20 23:18:21,,,
2017-04,浙江省,101.73,,363.86,,2424,2017-04-30 00:00:00,1,0,2024-07-20 23:18:21,0,2024-07-20 23:18:21,,,
2017-04,江苏省,929.06,,3671.96,,2425,2017-04-30 00:00:00,1,0,2024-07-20 23:18:21,0,2024-07-20 23:18:21,,,
2017-04,上海市,136.57,,541.39,,2426,2017-04-30 00:00:00,1,0,2024-07-20 23:18:21,0,2024-07-20 23:18:21,,,
2017-04,黑龙江省,34.85,,137.25,,2427,2017-04-30 00:00:00,1,0,2024-07-20 23:18:21,0,2024-07-20 23:18:21,,,
2017-04,吉林省,65.40,,271.93,,2428,2017-04-30 00:00:00,1,0,2024-07-20 23:18:21,0,2024-07-20 23:18:21,,,
2017-04,辽宁省,533.99,,2030.61,,2429,2017-04-30 00:00:00,1,0,2024-07-20 23:18:21,0,2024-07-20 23:18:21,,,
2017-04,内蒙古区,157.94,,616.79,,2430,2017-04-30 00:00:00,1,0,2024-07-20 23:18:21,0,2024-07-20 23:18:21,,,
2017-04,山西省,379.26,,1307.49,,2431,2017-04-30 00:00:00,1,0,2024-07-20 23:18:24,0,2024-07-20 23:18:24,,,
2017-04,河北省,1761.20,,6621.93,,2432,2017-04-30 00:00:00,1,0,2024-07-20 23:18:24,0,2024-07-20 23:18:24,,,
2017-04,天津市,187.98,,697.31,,2433,2017-04-30 00:00:00,1,0,2024-07-20 23:18:24,0,2024-07-20 23:18:24,,,
2017-04,北京市,0.00,,0.00,,2434,2017-04-30 00:00:00,1,0,2024-07-20 23:18:24,0,2024-07-20 23:18:24,,,
2017-04,全国,7277.70,4.90,27387.00,4.60,2435,2017-04-30 00:00:00,1,0,2024-07-20 23:18:24,0,2024-07-20 23:18:24,,,
2017-03,新疆区,68.20,,160.51,,2436,2017-03-31 00:00:00,1,0,2024-07-20 23:18:24,0,2024-07-20 23:18:24,,,
2017-03,宁夏区,21.35,,34.83,,2437,2017-03-31 00:00:00,1,0,2024-07-20 23:18:24,0,2024-07-20 23:18:24,,,
2017-03,青海省,9.44,,25.58,,2438,2017-03-31 00:00:00,1,0,2024-07-20 23:18:24,0,2024-07-20 23:18:24,,,
2017-03,甘肃省,45.19,,124.46,,2439,2017-03-31 00:00:00,1,0,2024-07-20 23:18:24,0,2024-07-20 23:18:24,,,
2017-03,陕西省,85.39,,214.04,,2440,2017-03-31 00:00:00,1,0,2024-07-20 23:18:24,0,2024-07-20 23:18:24,,,
2017-03,西藏区,,,,,2441,2017-03-31 00:00:00,1,0,2024-07-20 23:18:24,0,2024-07-20 23:18:24,,,
2017-03,云南省,106.75,,299.38,,2442,2017-03-31 00:00:00,1,0,2024-07-20 23:18:24,0,2024-07-20 23:18:24,,,
2017-03,贵州省,33.54,,115.24,,2443,2017-03-31 00:00:00,1,0,2024-07-20 23:18:24,0,2024-07-20 23:18:24,,,
2017-03,四川省,183.19,,490.57,,2444,2017-03-31 00:00:00,1,0,2024-07-20 23:18:24,0,2024-07-20 23:18:24,,,
2017-03,重庆市,24.32,,80.32,,2445,2017-03-31 00:00:00,1,0,2024-07-20 23:18:24,0,2024-07-20 23:18:24,,,
2017-03,海南省,0.00,,0.53,,2446,2017-03-31 00:00:00,1,0,2024-07-20 23:18:24,0,2024-07-20 23:18:24,,,
2017-03,广西区,191.76,,518.16,,2447,2017-03-31 00:00:00,1,0,2024-07-20 23:18:24,0,2024-07-20 23:18:24,,,
2017-03,广东省,261.68,,674.37,,2448,2017-03-31 00:00:00,1,0,2024-07-20 23:18:24,0,2024-07-20 23:18:24,,,
2017-03,湖南省,159.59,,456.15,,2449,2017-03-31 00:00:00,1,0,2024-07-20 23:18:24,0,2024-07-20 23:18:24,,,
2017-03,湖北省,250.55,,702.97,,2450,2017-03-31 00:00:00,1,0,2024-07-20 23:18:24,0,2024-07-20 23:18:24,,,
2017-03,河南省,259.13,,714.84,,2451,2017-03-31 00:00:00,1,0,2024-07-20 23:18:24,0,2024-07-20 23:18:24,,,
2017-03,山东省,643.28,,1817.80,,2452,2017-03-31 00:00:00,1,0,2024-07-20 23:18:24,0,2024-07-20 23:18:24,,,
2017-03,江西省,194.72,,555.60,,2453,2017-03-31 00:00:00,1,0,2024-07-20 23:18:24,0,2024-07-20 23:18:24,,,
2017-03,福建省,152.05,,430.09,,2454,2017-03-31 00:00:00,1,0,2024-07-20 23:18:24,0,2024-07-20 23:18:24,,,
2017-03,安徽省,248.23,,719.84,,2455,2017-03-31 00:00:00,1,0,2024-07-20 23:18:24,0,2024-07-20 23:18:24,,,
2017-03,浙江省,93.96,,262.14,,2456,2017-03-31 00:00:00,1,0,2024-07-20 23:18:24,0,2024-07-20 23:18:24,,,
2017-03,江苏省,954.16,,2744.49,,2457,2017-03-31 00:00:00,1,0,2024-07-20 23:18:24,0,2024-07-20 23:18:24,,,
2017-03,上海市,141.29,,404.82,,2458,2017-03-31 00:00:00,1,0,2024-07-20 23:18:24,0,2024-07-20 23:18:24,,,
2017-03,黑龙江省,37.40,,102.40,,2459,2017-03-31 00:00:00,1,0,2024-07-20 23:18:24,0,2024-07-20 23:18:24,,,
2017-03,吉林省,70.34,,206.53,,2460,2017-03-31 00:00:00,1,0,2024-07-20 23:18:24,0,2024-07-20 23:18:24,,,
2017-03,辽宁省,529.96,,1496.62,,2461,2017-03-31 00:00:00,1,0,2024-07-20 23:18:27,0,2024-07-20 23:18:27,,,
2017-03,内蒙古区,155.03,,459.07,,2462,2017-03-31 00:00:00,1,0,2024-07-20 23:18:27,0,2024-07-20 23:18:27,,,
2017-03,山西省,342.48,,928.23,,2463,2017-03-31 00:00:00,1,0,2024-07-20 23:18:27,0,2024-07-20 23:18:27,,,
2017-03,河北省,1749.59,,4861.04,,2464,2017-03-31 00:00:00,1,0,2024-07-20 23:18:27,0,2024-07-20 23:18:27,,,
2017-03,天津市,186.90,,509.32,,2465,2017-03-31 00:00:00,1,0,2024-07-20 23:18:27,0,2024-07-20 23:18:27,,,
2017-03,北京市,0.00,,0.00,,2466,2017-03-31 00:00:00,1,0,2024-07-20 23:18:27,0,2024-07-20 23:18:27,,,
2017-03,全国,7199.50,1.60,20109.90,4.60,2467,2017-03-31 00:00:00,1,0,2024-07-20 23:18:27,0,2024-07-20 23:18:27,,,
2017-02,新疆区,,,92.31,,2468,2017-02-28 00:00:00,1,0,2024-07-20 23:18:27,0,2024-07-20 23:18:27,,,
2017-02,宁夏区,,,13.48,,2469,2017-02-28 00:00:00,1,0,2024-07-20 23:18:27,0,2024-07-20 23:18:27,,,
2017-02,青海省,,,16.14,,2470,2017-02-28 00:00:00,1,0,2024-07-20 23:18:27,0,2024-07-20 23:18:27,,,
2017-02,甘肃省,,,79.27,,2471,2017-02-28 00:00:00,1,0,2024-07-20 23:18:27,0,2024-07-20 23:18:27,,,
2017-02,陕西省,,,128.65,,2472,2017-02-28 00:00:00,1,0,2024-07-20 23:18:27,0,2024-07-20 23:18:27,,,
2017-02,西藏区,,,,,2473,2017-02-28 00:00:00,1,0,2024-07-20 23:18:27,0,2024-07-20 23:18:27,,,
2017-02,云南省,,,192.63,,2474,2017-02-28 00:00:00,1,0,2024-07-20 23:18:27,0,2024-07-20 23:18:27,,,
2017-02,贵州省,,,81.70,,2475,2017-02-28 00:00:00,1,0,2024-07-20 23:18:27,0,2024-07-20 23:18:27,,,
2017-02,四川省,,,307.38,,2476,2017-02-28 00:00:00,1,0,2024-07-20 23:18:27,0,2024-07-20 23:18:27,,,
2017-02,重庆市,,,56.63,,2477,2017-02-28 00:00:00,1,0,2024-07-20 23:18:27,0,2024-07-20 23:18:27,,,
2017-02,海南省,,,0.53,,2478,2017-02-28 00:00:00,1,0,2024-07-20 23:18:27,0,2024-07-20 23:18:27,,,
2017-02,广西区,,,327.13,,2479,2017-02-28 00:00:00,1,0,2024-07-20 23:18:27,0,2024-07-20 23:18:27,,,
2017-02,广东省,,,359.48,,2480,2017-02-28 00:00:00,1,0,2024-07-20 23:18:27,0,2024-07-20 23:18:27,,,
2017-02,湖南省,,,309.56,,2481,2017-02-28 00:00:00,1,0,2024-07-20 23:18:27,0,2024-07-20 23:18:27,,,
2017-02,湖北省,,,452.42,,2482,2017-02-28 00:00:00,1,0,2024-07-20 23:18:27,0,2024-07-20 23:18:27,,,
2017-02,河南省,,,470.33,,2483,2017-02-28 00:00:00,1,0,2024-07-20 23:18:27,0,2024-07-20 23:18:27,,,
2017-02,山东省,,,1174.57,,2484,2017-02-28 00:00:00,1,0,2024-07-20 23:18:27,0,2024-07-20 23:18:27,,,
2017-02,江西省,,,361.10,,2485,2017-02-28 00:00:00,1,0,2024-07-20 23:18:27,0,2024-07-20 23:18:27,,,
2017-02,福建省,,,278.04,,2486,2017-02-28 00:00:00,1,0,2024-07-20 23:18:27,0,2024-07-20 23:18:27,,,
2017-02,安徽省,,,471.52,,2487,2017-02-28 00:00:00,1,0,2024-07-20 23:18:27,0,2024-07-20 23:18:27,,,
2017-02,浙江省,,,167.29,,2488,2017-02-28 00:00:00,1,0,2024-07-20 23:18:27,0,2024-07-20 23:18:27,,,
2017-02,江苏省,,,1784.89,,2489,2017-02-28 00:00:00,1,0,2024-07-20 23:18:27,0,2024-07-20 23:18:27,,,
2017-02,上海市,,,256.29,,2490,2017-02-28 00:00:00,1,0,2024-07-20 23:18:27,0,2024-07-20 23:18:27,,,
2017-02,黑龙江省,,,65.00,,2491,2017-02-28 00:00:00,1,0,2024-07-20 23:18:30,0,2024-07-20 23:18:30,,,
2017-02,吉林省,,,136.19,,2492,2017-02-28 00:00:00,1,0,2024-07-20 23:18:30,0,2024-07-20 23:18:30,,,
2017-02,辽宁省,,,966.66,,2493,2017-02-28 00:00:00,1,0,2024-07-20 23:18:30,0,2024-07-20 23:18:30,,,
2017-02,内蒙古区,,,313.94,,2494,2017-02-28 00:00:00,1,0,2024-07-20 23:18:30,0,2024-07-20 23:18:30,,,
2017-02,山西省,,,582.99,,2495,2017-02-28 00:00:00,1,0,2024-07-20 23:18:30,0,2024-07-20 23:18:30,,,
2017-02,河北省,,,3108.12,,2496,2017-02-28 00:00:00,1,0,2024-07-20 23:18:30,0,2024-07-20 23:18:30,,,
2017-02,天津市,,,322.43,,2497,2017-02-28 00:00:00,1,0,2024-07-20 23:18:30,0,2024-07-20 23:18:30,,,
2017-02,北京市,,,0.00,,2498,2017-02-28 00:00:00,1,0,2024-07-20 23:18:30,0,2024-07-20 23:18:30,,,
2017-02,全国,,,12876.70,5.80,2499,2017-02-28 00:00:00,1,0,2024-07-20 23:18:30,0,2024-07-20 23:18:30,,,
2024-09,新疆区,118.94,,993.60,,3529,2024-09-30 00:00:00,1,0,2024-11-07 02:17:22,0,2024-11-07 02:17:22,,,
2024-09,宁夏区,50.38,,425.39,,3530,2024-09-30 00:00:00,1,0,2024-11-07 02:17:22,0,2024-11-07 02:17:22,,,
2024-09,青海省,12.59,,99.28,,3531,2024-09-30 00:00:00,1,0,2024-11-07 02:17:22,0,2024-11-07 02:17:22,,,
2024-09,甘肃省,92.85,,850.34,,3532,2024-09-30 00:00:00,1,0,2024-11-07 02:17:22,0,2024-11-07 02:17:22,,,
2024-09,陕西省,120.11,,985.96,,3533,2024-09-30 00:00:00,1,0,2024-11-07 02:17:22,0,2024-11-07 02:17:22,,,
2024-09,云南省,125.40,,1507.68,,3534,2024-09-30 00:00:00,1,0,2024-11-07 02:17:22,0,2024-11-07 02:17:22,,,
2024-09,贵州省,50.40,,441.42,,3535,2024-09-30 00:00:00,1,0,2024-11-07 02:17:22,0,2024-11-07 02:17:22,,,
2024-09,四川省,243.67,,2028.78,,3536,2024-09-30 00:00:00,1,0,2024-11-07 02:17:22,0,2024-11-07 02:17:22,,,
2024-09,重庆市,71.05,,680.44,,3537,2024-09-30 00:00:00,1,0,2024-11-07 02:17:22,0,2024-11-07 02:17:22,,,
2024-09,广西区,321.45,,3478.90,,3538,2024-09-30 00:00:00,1,0,2024-11-07 02:17:22,0,2024-11-07 02:17:22,,,
2024-09,广东省,291.00,,3109.46,,3539,2024-09-30 00:00:00,1,0,2024-11-07 02:17:22,0,2024-11-07 02:17:22,,,
2024-09,湖南省,200.92,,1776.54,,3540,2024-09-30 00:00:00,1,0,2024-11-07 02:17:22,0,2024-11-07 02:17:22,,,
2024-09,湖北省,247.12,,2643.36,,3541,2024-09-30 00:00:00,1,0,2024-11-07 02:17:22,0,2024-11-07 02:17:22,,,
2024-09,河南省,223.02,,2238.73,,3542,2024-09-30 00:00:00,1,0,2024-11-07 02:17:22,0,2024-11-07 02:17:22,,,
2024-09,山东省,570.02,,5584.54,,3543,2024-09-30 00:00:00,1,0,2024-11-07 02:17:22,0,2024-11-07 02:17:22,,,
2024-09,江西省,196.46,,2036.07,,3544,2024-09-30 00:00:00,1,0,2024-11-07 02:17:22,0,2024-11-07 02:17:22,,,
2024-09,福建省,236.72,,2765.65,,3545,2024-09-30 00:00:00,1,0,2024-11-07 02:17:22,0,2024-11-07 02:17:22,,,
2024-09,安徽省,308.73,,2804.69,,3546,2024-09-30 00:00:00,1,0,2024-11-07 02:17:22,0,2024-11-07 02:17:22,,,
2024-09,浙江省,116.60,,1038.02,,3547,2024-09-30 00:00:00,1,0,2024-11-07 02:17:22,0,2024-11-07 02:17:22,,,
2024-09,江苏省,926.73,,9103.52,,3548,2024-09-30 00:00:00,1,0,2024-11-07 02:17:22,0,2024-11-07 02:17:22,,,
2024-09,上海市,137.78,,1178.63,,3549,2024-09-30 00:00:00,1,0,2024-11-07 02:17:22,0,2024-11-07 02:17:22,,,
2024-09,黑龙江省,67.59,,709.13,,3550,2024-09-30 00:00:00,1,0,2024-11-07 02:17:22,0,2024-11-07 02:17:22,,,
2024-09,吉林省,111.82,,995.76,,3551,2024-09-30 00:00:00,1,0,2024-11-07 02:17:22,0,2024-11-07 02:17:22,,,
2024-09,辽宁省,544.84,,5282.15,,3552,2024-09-30 00:00:00,1,0,2024-11-07 02:17:22,0,2024-11-07 02:17:22,,,
2024-09,内蒙古区,226.83,,2377.04,,3553,2024-09-30 00:00:00,1,0,2024-11-07 02:17:22,0,2024-11-07 02:17:22,,,
2024-09,山西省,483.59,,4584.47,,3554,2024-09-30 00:00:00,1,0,2024-11-07 02:17:22,0,2024-11-07 02:17:22,,,
2024-09,河北省,1465.79,,15864.93,,3555,2024-09-30 00:00:00,1,0,2024-11-07 02:17:22,0,2024-11-07 02:17:22,,,
2024-09,天津市,144.50,,1293.23,,3556,2024-09-30 00:00:00,1,0,2024-11-07 02:17:22,0,2024-11-07 02:17:22,,,
2024-09,全国,7706.90,-6.10,76847.70,-3.60,3557,2024-09-30 00:00:00,1,0,2024-11-07 02:17:22,0,2024-11-07 02:17:22,,,
2024-08,全国,7792.10,-10.40,69140.90,-3.30,3558,2024-08-31 00:00:00,1,0,2024-11-07 02:17:22,0,2024-11-07 02:17:22,,,
2024-08,新疆区,123.37,,874.67,,3559,2024-08-31 00:00:00,1,0,2024-11-07 02:17:25,0,2024-11-07 02:17:25,,,
2024-08,宁夏区,48.76,,375.02,,3560,2024-08-31 00:00:00,1,0,2024-11-07 02:17:25,0,2024-11-07 02:17:25,,,
2024-08,青海省,9.00,,86.69,,3561,2024-08-31 00:00:00,1,0,2024-11-07 02:17:25,0,2024-11-07 02:17:25,,,
2024-08,甘肃省,95.45,,757.50,,3562,2024-08-31 00:00:00,1,0,2024-11-07 02:17:25,0,2024-11-07 02:17:25,,,
2024-08,陕西省,120.43,,865.86,,3563,2024-08-31 00:00:00,1,0,2024-11-07 02:17:25,0,2024-11-07 02:17:25,,,
2024-08,云南省,136.76,,1382.28,,3564,2024-08-31 00:00:00,1,0,2024-11-07 02:17:25,0,2024-11-07 02:17:25,,,
2024-08,贵州省,47.99,,361.02,,3565,2024-08-31 00:00:00,1,0,2024-11-07 02:17:25,0,2024-11-07 02:17:25,,,
2024-08,四川省,226.48,,1785.11,,3566,2024-08-31 00:00:00,1,0,2024-11-07 02:17:25,0,2024-11-07 02:17:25,,,
2024-08,重庆市,58.64,,609.40,,3567,2024-08-31 00:00:00,1,0,2024-11-07 02:17:25,0,2024-11-07 02:17:25,,,
2024-08,广西区,392.47,,3157.45,,3568,2024-08-31 00:00:00,1,0,2024-11-07 02:17:25,0,2024-11-07 02:17:25,,,
2024-08,广东省,302.00,,2818.46,,3569,2024-08-31 00:00:00,1,0,2024-11-07 02:17:25,0,2024-11-07 02:17:25,,,
2024-08,湖南省,188.48,,1575.61,,3570,2024-08-31 00:00:00,1,0,2024-11-07 02:17:25,0,2024-11-07 02:17:25,,,
2024-08,湖北省,260.84,,2396.24,,3571,2024-08-31 00:00:00,1,0,2024-11-07 02:17:25,0,2024-11-07 02:17:25,,,
2024-08,河南省,222.41,,2015.72,,3572,2024-08-31 00:00:00,1,0,2024-11-07 02:17:25,0,2024-11-07 02:17:25,,,
2024-08,山东省,573.82,,5014.52,,3573,2024-08-31 00:00:00,1,0,2024-11-07 02:17:25,0,2024-11-07 02:17:25,,,
2024-08,江西省,197.46,,1839.61,,3574,2024-08-31 00:00:00,1,0,2024-11-07 02:17:25,0,2024-11-07 02:17:25,,,
2024-08,福建省,258.91,,2528.93,,3575,2024-08-31 00:00:00,1,0,2024-11-07 02:17:25,0,2024-11-07 02:17:25,,,
2024-08,安徽省,286.33,,2495.96,,3576,2024-08-31 00:00:00,1,0,2024-11-07 02:17:25,0,2024-11-07 02:17:25,,,
2024-08,浙江省,92.43,,921.42,,3577,2024-08-31 00:00:00,1,0,2024-11-07 02:17:25,0,2024-11-07 02:17:25,,,
2024-08,江苏省,935.37,,8176.79,,3578,2024-08-31 00:00:00,1,0,2024-11-07 02:17:25,0,2024-11-07 02:17:25,,,
2024-08,上海市,133.83,,1040.85,,3579,2024-08-31 00:00:00,1,0,2024-11-07 02:17:25,0,2024-11-07 02:17:25,,,
2024-08,黑龙江省,72.56,,641.55,,3580,2024-08-31 00:00:00,1,0,2024-11-07 02:17:25,0,2024-11-07 02:17:25,,,
2024-08,吉林省,106.09,,883.94,,3581,2024-08-31 00:00:00,1,0,2024-11-07 02:17:25,0,2024-11-07 02:17:25,,,
2024-08,辽宁省,564.51,,4737.31,,3582,2024-08-31 00:00:00,1,0,2024-11-07 02:17:25,0,2024-11-07 02:17:25,,,
2024-08,内蒙古区,258.37,,2150.20,,3583,2024-08-31 00:00:00,1,0,2024-11-07 02:17:25,0,2024-11-07 02:17:25,,,
2024-08,山西省,466.45,,4100.87,,3584,2024-08-31 00:00:00,1,0,2024-11-07 02:17:25,0,2024-11-07 02:17:25,,,
2024-08,河北省,1488.68,,14399.14,,3585,2024-08-31 00:00:00,1,0,2024-11-07 02:17:25,0,2024-11-07 02:17:25,,,
2024-08,天津市,124.22,,1148.73,,3586,2024-08-31 00:00:00,1,0,2024-11-07 02:17:25,0,2024-11-07 02:17:25,,,
2024-07,新疆区,131.81,,751.30,,3587,2024-07-31 00:00:00,1,0,2024-11-07 02:17:25,0,2024-11-07 02:17:25,,,
2024-07,宁夏区,58.65,,326.26,,3588,2024-07-31 00:00:00,1,0,2024-11-07 02:17:25,0,2024-11-07 02:17:25,,,
2024-07,青海省,12.76,,77.69,,3589,2024-07-31 00:00:00,1,0,2024-11-07 02:17:27,0,2024-11-07 02:17:27,,,
2024-07,甘肃省,79.55,,662.05,,3590,2024-07-31 00:00:00,1,0,2024-11-07 02:17:27,0,2024-11-07 02:17:27,,,
2024-07,陕西省,130.18,,745.43,,3591,2024-07-31 00:00:00,1,0,2024-11-07 02:17:27,0,2024-11-07 02:17:27,,,
2024-07,云南省,178.56,,1245.52,,3592,2024-07-31 00:00:00,1,0,2024-11-07 02:17:27,0,2024-11-07 02:17:27,,,
2024-07,贵州省,52.02,,313.03,,3593,2024-07-31 00:00:00,1,0,2024-11-07 02:17:27,0,2024-11-07 02:17:27,,,
2024-07,四川省,231.30,,1558.64,,3594,2024-07-31 00:00:00,1,0,2024-11-07 02:17:27,0,2024-11-07 02:17:27,,,
2024-07,重庆市,73.47,,550.75,,3595,2024-07-31 00:00:00,1,0,2024-11-07 02:17:27,0,2024-11-07 02:17:27,,,
2024-07,广西区,404.04,,2764.99,,3596,2024-07-31 00:00:00,1,0,2024-11-07 02:17:27,0,2024-11-07 02:17:27,,,
2024-07,广东省,325.15,,2520.86,,3597,2024-07-31 00:00:00,1,0,2024-11-07 02:17:27,0,2024-11-07 02:17:27,,,
2024-07,湖南省,186.19,,1387.13,,3598,2024-07-31 00:00:00,1,0,2024-11-07 02:17:27,0,2024-11-07 02:17:27,,,
2024-07,湖北省,275.29,,2135.40,,3599,2024-07-31 00:00:00,1,0,2024-11-07 02:17:27,0,2024-11-07 02:17:27,,,
2024-07,河南省,229.69,,1793.31,,3600,2024-07-31 00:00:00,1,0,2024-11-07 02:17:27,0,2024-11-07 02:17:27,,,
2024-07,山东省,630.38,,4440.70,,3601,2024-07-31 00:00:00,1,0,2024-11-07 02:17:27,0,2024-11-07 02:17:27,,,
2024-07,江西省,240.48,,1642.15,,3602,2024-07-31 00:00:00,1,0,2024-11-07 02:17:27,0,2024-11-07 02:17:27,,,
2024-07,福建省,250.04,,2270.02,,3603,2024-07-31 00:00:00,1,0,2024-11-07 02:17:27,0,2024-11-07 02:17:27,,,
2024-07,安徽省,323.11,,2209.63,,3604,2024-07-31 00:00:00,1,0,2024-11-07 02:17:27,0,2024-11-07 02:17:27,,,
2024-07,浙江省,114.05,,828.99,,3605,2024-07-31 00:00:00,1,0,2024-11-07 02:17:27,0,2024-11-07 02:17:27,,,
2024-07,江苏省,983.49,,7241.42,,3606,2024-07-31 00:00:00,1,0,2024-11-07 02:17:27,0,2024-11-07 02:17:27,,,
2024-07,上海市,131.46,,907.02,,3607,2024-07-31 00:00:00,1,0,2024-11-07 02:17:27,0,2024-11-07 02:17:27,,,
2024-07,黑龙江省,76.95,,568.99,,3608,2024-07-31 00:00:00,1,0,2024-11-07 02:17:27,0,2024-11-07 02:17:27,,,
2024-07,吉林省,118.95,,777.85,,3609,2024-07-31 00:00:00,1,0,2024-11-07 02:17:27,0,2024-11-07 02:17:27,,,
2024-07,辽宁省,585.21,,4172.80,,3610,2024-07-31 00:00:00,1,0,2024-11-07 02:17:27,0,2024-11-07 02:17:27,,,
2024-07,内蒙古区,285.60,,1891.84,,3611,2024-07-31 00:00:00,1,0,2024-11-07 02:17:27,0,2024-11-07 02:17:27,,,
2024-07,山西省,489.55,,3653.66,,3612,2024-07-31 00:00:00,1,0,2024-11-07 02:17:27,0,2024-11-07 02:17:27,,,
2024-07,河北省,1561.93,,12910.46,,3613,2024-07-31 00:00:00,1,0,2024-11-07 02:17:27,0,2024-11-07 02:17:27,,,
2024-07,天津市,134.00,,1024.51,,3614,2024-07-31 00:00:00,1,0,2024-11-07 02:17:27,0,2024-11-07 02:17:27,,,
2024-07,全国,8293.90,-9.00,61372.40,-2.20,3615,2024-07-31 00:00:00,1,0,2024-11-07 02:17:27,0,2024-11-07 02:17:27,,,
2024-10,新疆区,130.58,,1124.18,,3616,2024-10-31 00:00:00,1,0,2024-11-20 23:18:51,0,2024-11-20 23:18:51,,,
2024-10,宁夏区,56.50,,481.89,,3617,2024-10-31 00:00:00,1,0,2024-11-20 23:18:51,0,2024-11-20 23:18:51,,,
2024-10,青海省,13.37,,112.64,,3618,2024-10-31 00:00:00,1,0,2024-11-20 23:18:51,0,2024-11-20 23:18:51,,,
2024-10,甘肃省,99.31,,949.65,,3619,2024-10-31 00:00:00,1,0,2024-11-20 23:18:51,0,2024-11-20 23:18:51,,,
2024-10,陕西省,124.19,,1110.15,,3620,2024-10-31 00:00:00,1,0,2024-11-20 23:18:51,0,2024-11-20 23:18:51,,,
2024-10,云南省,174.78,,1682.47,,3621,2024-10-31 00:00:00,1,0,2024-11-20 23:18:51,0,2024-11-20 23:18:51,,,
2024-10,贵州省,55.44,,466.86,,3622,2024-10-31 00:00:00,1,0,2024-11-20 23:18:51,0,2024-11-20 23:18:51,,,
2024-10,四川省,252.99,,2281.77,,3623,2024-10-31 00:00:00,1,0,2024-11-20 23:18:51,0,2024-11-20 23:18:51,,,
2024-10,重庆市,82.47,,762.91,,3624,2024-10-31 00:00:00,1,0,2024-11-20 23:18:51,0,2024-11-20 23:18:51,,,
2024-10,广西区,339.09,,3818.00,,3625,2024-10-31 00:00:00,1,0,2024-11-20 23:18:51,0,2024-11-20 23:18:51,,,
2024-10,广东省,312.96,,3424.53,,3626,2024-10-31 00:00:00,1,0,2024-11-20 23:18:51,0,2024-11-20 23:18:51,,,
2024-10,湖南省,220.60,,1997.14,,3627,2024-10-31 00:00:00,1,0,2024-11-20 23:18:51,0,2024-11-20 23:18:51,,,
2024-10,湖北省,294.06,,2937.43,,3628,2024-10-31 00:00:00,1,0,2024-11-20 23:18:51,0,2024-11-20 23:18:51,,,
2024-10,河南省,205.53,,2444.27,,3629,2024-10-31 00:00:00,1,0,2024-11-20 23:18:51,0,2024-11-20 23:18:51,,,
2024-10,山东省,610.55,,6195.09,,3630,2024-10-31 00:00:00,1,0,2024-11-20 23:18:51,0,2024-11-20 23:18:51,,,
2024-10,江西省,195.76,,2231.83,,3631,2024-10-31 00:00:00,1,0,2024-11-20 23:18:51,0,2024-11-20 23:18:51,,,
2024-10,福建省,285.10,,3050.75,,3632,2024-10-31 00:00:00,1,0,2024-11-20 23:18:51,0,2024-11-20 23:18:51,,,
2024-10,安徽省,329.32,,3134.01,,3633,2024-10-31 00:00:00,1,0,2024-11-20 23:18:51,0,2024-11-20 23:18:51,,,
2024-10,浙江省,126.48,,1164.49,,3634,2024-10-31 00:00:00,1,0,2024-11-20 23:18:51,0,2024-11-20 23:18:51,,,
2024-10,江苏省,917.68,,10021.21,,3635,2024-10-31 00:00:00,1,0,2024-11-20 23:18:51,0,2024-11-20 23:18:51,,,
2024-10,上海市,143.75,,1322.38,,3636,2024-10-31 00:00:00,1,0,2024-11-20 23:18:51,0,2024-11-20 23:18:51,,,
2024-10,黑龙江省,78.12,,787.25,,3637,2024-10-31 00:00:00,1,0,2024-11-20 23:18:51,0,2024-11-20 23:18:51,,,
2024-10,吉林省,107.04,,1102.80,,3638,2024-10-31 00:00:00,1,0,2024-11-20 23:18:51,0,2024-11-20 23:18:51,,,
2024-10,辽宁省,600.67,,5885.81,,3639,2024-10-31 00:00:00,1,0,2024-11-20 23:18:51,0,2024-11-20 23:18:51,,,
2024-10,内蒙古区,259.91,,2669.11,,3640,2024-10-31 00:00:00,1,0,2024-11-20 23:18:51,0,2024-11-20 23:18:51,,,
2024-10,山西省,569.57,,5154.04,,3641,2024-10-31 00:00:00,1,0,2024-11-20 23:18:51,0,2024-11-20 23:18:51,,,
2024-10,河北省,1471.00,,17335.93,,3642,2024-10-31 00:00:00,1,0,2024-11-20 23:18:51,0,2024-11-20 23:18:51,,,
2024-10,天津市,131.25,,1424.48,,3643,2024-10-31 00:00:00,1,0,2024-11-20 23:18:51,0,2024-11-20 23:18:51,,,
2024-10,全国,6188.10,2.90,85073.10,-3.00,3644,2024-10-31 00:00:00,1,0,2024-11-20 23:18:51,0,2024-11-20 23:18:51,,,
2024-11,全国,7840.00,2.50,92919.00,-2.70,3645,2024-11-30 00:00:00,1,0,2024-12-17 23:18:49,0,2024-12-17 23:18:49,,,
2024-12,全国,7596.90,11.80,100509.10,-1.70,3646,2024-12-31 00:00:00,1,0,2025-01-21 23:20:49,0,2025-01-21 23:20:49,,,
2024-12,新疆区,66.96,,1290.45,,3647,2024-12-31 00:00:00,1,0,2025-01-21 23:20:49,0,2025-01-21 23:20:49,,,
2024-12,宁夏区,46.10,,581.15,,3648,2024-12-31 00:00:00,1,0,2025-01-21 23:20:49,0,2025-01-21 23:20:49,,,
2024-12,青海省,13.34,,139.69,,3649,2024-12-31 00:00:00,1,0,2025-01-21 23:20:49,0,2025-01-21 23:20:49,,,
2024-12,甘肃省,82.37,,1131.54,,3650,2024-12-31 00:00:00,1,0,2025-01-21 23:20:49,0,2025-01-21 23:20:49,,,
2024-12,陕西省,103.25,,1326.57,,3651,2024-12-31 00:00:00,1,0,2025-01-21 23:20:49,0,2025-01-21 23:20:49,,,
2024-12,云南省,214.80,,2094.47,,3652,2024-12-31 00:00:00,1,0,2025-01-21 23:20:49,0,2025-01-21 23:20:49,,,
2024-12,贵州省,38.86,,537.88,,3653,2024-12-31 00:00:00,1,0,2025-01-21 23:20:49,0,2025-01-21 23:20:49,,,
2024-12,四川省,286.47,,2832.29,,3654,2024-12-31 00:00:00,1,0,2025-01-21 23:20:49,0,2025-01-21 23:20:49,,,
2024-12,重庆市,86.51,,929.31,,3655,2024-12-31 00:00:00,1,0,2025-01-21 23:20:49,0,2025-01-21 23:20:49,,,
2024-12,广西区,201.88,,4342.82,,3656,2024-12-31 00:00:00,1,0,2025-01-21 23:20:49,0,2025-01-21 23:20:49,,,
2024-12,广东省,317.72,,4043.37,,3657,2024-12-31 00:00:00,1,0,2025-01-21 23:20:49,0,2025-01-21 23:20:49,,,
2024-12,湖南省,187.16,,2387.29,,3658,2024-12-31 00:00:00,1,0,2025-01-21 23:20:49,0,2025-01-21 23:20:49,,,
2024-12,湖北省,288.17,,3470.62,,3659,2024-12-31 00:00:00,1,0,2025-01-21 23:20:49,0,2025-01-21 23:20:49,,,
2024-12,河南省,146.49,,2762.11,,3660,2024-12-31 00:00:00,1,0,2025-01-21 23:20:49,0,2025-01-21 23:20:49,,,
2024-12,山东省,516.50,,7272.80,,3661,2024-12-31 00:00:00,1,0,2025-01-21 23:20:49,0,2025-01-21 23:20:49,,,
2024-12,江西省,217.86,,2646.43,,3662,2024-12-31 00:00:00,1,0,2025-01-21 23:20:49,0,2025-01-21 23:20:49,,,
2024-12,福建省,359.31,,3754.56,,3663,2024-12-31 00:00:00,1,0,2025-01-21 23:20:49,0,2025-01-21 23:20:49,,,
2024-12,安徽省,321.48,,3773.27,,3664,2024-12-31 00:00:00,1,0,2025-01-21 23:20:49,0,2025-01-21 23:20:49,,,
2024-12,浙江省,126.44,,1415.37,,3665,2024-12-31 00:00:00,1,0,2025-01-21 23:20:49,0,2025-01-21 23:20:49,,,
2024-12,江苏省,899.65,,11917.86,,3666,2024-12-31 00:00:00,1,0,2025-01-21 23:20:49,0,2025-01-21 23:20:49,,,
2024-12,上海市,145.07,,1603.69,,3667,2024-12-31 00:00:00,1,0,2025-01-21 23:20:49,0,2025-01-21 23:20:49,,,
2024-12,黑龙江省,68.24,,922.91,,3668,2024-12-31 00:00:00,1,0,2025-01-21 23:20:49,0,2025-01-21 23:20:49,,,
2024-12,吉林省,181.40,,1394.77,,3669,2024-12-31 00:00:00,1,0,2025-01-21 23:20:49,0,2025-01-21 23:20:49,,,
2024-12,辽宁省,604.24,,7068.20,,3670,2024-12-31 00:00:00,1,0,2025-01-21 23:20:49,0,2025-01-21 23:20:49,,,
2024-12,内蒙古区,278.45,,3223.66,,3671,2024-12-31 00:00:00,1,0,2025-01-21 23:20:49,0,2025-01-21 23:20:49,,,
2024-12,山西省,403.62,,6027.90,,3672,2024-12-31 00:00:00,1,0,2025-01-21 23:20:49,0,2025-01-21 23:20:49,,,
2024-12,河北省,1289.86,,19985.76,,3673,2024-12-31 00:00:00,1,0,2025-01-21 23:20:49,0,2025-01-21 23:20:49,,,
2024-12,天津市,104.71,,1632.39,,3674,2024-12-31 00:00:00,1,0,2025-01-21 23:20:49,0,2025-01-21 23:20:49,,,
2025-02,全国,,,16630.00,-1.50,3675,2025-02-28 00:00:00,1,0,2025-03-20 23:20:48,0,2025-03-20 23:20:48,,,
2025-02,新疆区,,,129.09,,3676,2025-02-28 00:00:00,1,0,2025-03-20 23:20:48,0,2025-03-20 23:20:48,,,
2025-02,宁夏区,,,90.55,,3677,2025-02-28 00:00:00,1,0,2025-03-20 23:20:48,0,2025-03-20 23:20:48,,,
2025-02,青海省,,,25.30,,3678,2025-02-28 00:00:00,1,0,2025-03-20 23:20:48,0,2025-03-20 23:20:48,,,
2025-02,甘肃省,,,172.92,,3679,2025-02-28 00:00:00,1,0,2025-03-20 23:20:48,0,2025-03-20 23:20:48,,,
2025-02,陕西省,,,163.21,,3680,2025-02-28 00:00:00,1,0,2025-03-20 23:20:48,0,2025-03-20 23:20:48,,,
2025-02,云南省,,,323.69,,3681,2025-02-28 00:00:00,1,0,2025-03-20 23:20:48,0,2025-03-20 23:20:48,,,
2025-02,贵州省,,,80.49,,3682,2025-02-28 00:00:00,1,0,2025-03-20 23:20:48,0,2025-03-20 23:20:48,,,
2025-02,四川省,,,450.75,,3683,2025-02-28 00:00:00,1,0,2025-03-20 23:20:48,0,2025-03-20 23:20:48,,,
2025-02,重庆市,,,157.67,,3684,2025-02-28 00:00:00,1,0,2025-03-20 23:20:48,0,2025-03-20 23:20:48,,,
2025-02,广西区,,,860.58,,3685,2025-02-28 00:00:00,1,0,2025-03-20 23:20:48,0,2025-03-20 23:20:48,,,
2025-02,广东省,,,618.44,,3686,2025-02-28 00:00:00,1,0,2025-03-20 23:20:48,0,2025-03-20 23:20:48,,,
2025-02,湖南省,,,366.44,,3687,2025-02-28 00:00:00,1,0,2025-03-20 23:20:48,0,2025-03-20 23:20:48,,,
2025-02,湖北省,,,533.62,,3688,2025-02-28 00:00:00,1,0,2025-03-20 23:20:48,0,2025-03-20 23:20:48,,,
2025-02,河南省,,,448.41,,3689,2025-02-28 00:00:00,1,0,2025-03-20 23:20:48,0,2025-03-20 23:20:48,,,
2025-02,山东省,,,1206.24,,3690,2025-02-28 00:00:00,1,0,2025-03-20 23:20:48,0,2025-03-20 23:20:48,,,
2025-02,江西省,,,434.27,,3691,2025-02-28 00:00:00,1,0,2025-03-20 23:20:48,0,2025-03-20 23:20:48,,,
2025-02,福建省,,,575.40,,3692,2025-02-28 00:00:00,1,0,2025-03-20 23:20:48,0,2025-03-20 23:20:48,,,
2025-02,安徽省,,,589.32,,3693,2025-02-28 00:00:00,1,0,2025-03-20 23:20:48,0,2025-03-20 23:20:48,,,
2025-02,浙江省,,,201.59,,3694,2025-02-28 00:00:00,1,0,2025-03-20 23:20:48,0,2025-03-20 23:20:48,,,
2025-02,江苏省,,,2005.55,,3695,2025-02-28 00:00:00,1,0,2025-03-20 23:20:48,0,2025-03-20 23:20:48,,,
2025-02,上海市,,,279.37,,3696,2025-02-28 00:00:00,1,0,2025-03-20 23:20:48,0,2025-03-20 23:20:48,,,
2025-02,黑龙江省,,,159.10,,3697,2025-02-28 00:00:00,1,0,2025-03-20 23:20:48,0,2025-03-20 23:20:48,,,
2025-02,吉林省,,,226.96,,3698,2025-02-28 00:00:00,1,0,2025-03-20 23:20:48,0,2025-03-20 23:20:48,,,
2025-02,辽宁省,,,1140.08,,3699,2025-02-28 00:00:00,1,0,2025-03-20 23:20:48,0,2025-03-20 23:20:48,,,
2025-02,内蒙古区,,,533.69,,3700,2025-02-28 00:00:00,1,0,2025-03-20 23:20:48,0,2025-03-20 23:20:48,,,
2025-02,山西省,,,1042.77,,3701,2025-02-28 00:00:00,1,0,2025-03-20 23:20:48,0,2025-03-20 23:20:48,,,
2025-02,河北省,,,3531.33,,3702,2025-02-28 00:00:00,1,0,2025-03-20 23:20:48,0,2025-03-20 23:20:48,,,
2025-02,天津市,,,282.69,,3703,2025-02-28 00:00:00,1,0,2025-03-20 23:20:48,0,2025-03-20 23:20:48,,,
2025-03,全国,9284.10,4.60,25933.20,0.60,3704,2025-03-31 00:00:00,1,0,2025-04-18 23:20:13,0,2025-04-18 23:20:13,,,
2025-03,新疆区,102.02,,231.11,,3705,2025-03-31 00:00:00,1,0,2025-04-18 23:20:13,0,2025-04-18 23:20:13,,,
2025-03,宁夏区,59.38,,149.93,,3706,2025-03-31 00:00:00,1,0,2025-04-18 23:20:13,0,2025-04-18 23:20:13,,,
2025-03,青海省,14.89,,40.19,,3707,2025-03-31 00:00:00,1,0,2025-04-18 23:20:13,0,2025-04-18 23:20:13,,,
2025-03,甘肃省,109.42,,282.34,,3708,2025-03-31 00:00:00,1,0,2025-04-18 23:20:13,0,2025-04-18 23:20:13,,,
2025-03,陕西省,98.12,,261.33,,3709,2025-03-31 00:00:00,1,0,2025-04-18 23:20:13,0,2025-04-18 23:20:13,,,
2025-03,云南省,187.56,,511.25,,3710,2025-03-31 00:00:00,1,0,2025-04-18 23:20:13,0,2025-04-18 23:20:13,,,
2025-03,贵州省,45.95,,126.44,,3711,2025-03-31 00:00:00,1,0,2025-04-18 23:20:13,0,2025-04-18 23:20:13,,,
2025-03,四川省,261.87,,712.62,,3712,2025-03-31 00:00:00,1,0,2025-04-18 23:20:13,0,2025-04-18 23:20:13,,,
2025-03,重庆市,85.14,,242.81,,3713,2025-03-31 00:00:00,1,0,2025-04-18 23:20:13,0,2025-04-18 23:20:13,,,
2025-03,广西区,489.68,,1350.26,,3714,2025-03-31 00:00:00,1,0,2025-04-18 23:20:13,0,2025-04-18 23:20:13,,,
2025-03,广东省,346.17,,964.62,,3715,2025-03-31 00:00:00,1,0,2025-04-18 23:20:13,0,2025-04-18 23:20:13,,,
2025-03,湖南省,206.51,,572.96,,3716,2025-03-31 00:00:00,1,0,2025-04-18 23:20:13,0,2025-04-18 23:20:13,,,
2025-03,湖北省,327.44,,862.22,,3717,2025-03-31 00:00:00,1,0,2025-04-18 23:20:13,0,2025-04-18 23:20:13,,,
2025-03,河南省,305.63,,754.04,,3718,2025-03-31 00:00:00,1,0,2025-04-18 23:20:13,0,2025-04-18 23:20:13,,,
2025-03,山东省,616.89,,1823.14,,3719,2025-03-31 00:00:00,1,0,2025-04-18 23:20:13,0,2025-04-18 23:20:13,,,
2025-03,江西省,215.20,,649.47,,3720,2025-03-31 00:00:00,1,0,2025-04-18 23:20:13,0,2025-04-18 23:20:13,,,
2025-03,福建省,358.96,,934.36,,3721,2025-03-31 00:00:00,1,0,2025-04-18 23:20:13,0,2025-04-18 23:20:13,,,
2025-03,安徽省,348.57,,937.89,,3722,2025-03-31 00:00:00,1,0,2025-04-18 23:20:13,0,2025-04-18 23:20:13,,,
2025-03,浙江省,129.71,,332.56,,3723,2025-03-31 00:00:00,1,0,2025-04-18 23:20:13,0,2025-04-18 23:20:13,,,
2025-03,江苏省,1121.82,,3127.37,,3724,2025-03-31 00:00:00,1,0,2025-04-18 23:20:13,0,2025-04-18 23:20:13,,,
2025-03,上海市,118.28,,397.65,,3725,2025-03-31 00:00:00,1,0,2025-04-18 23:20:13,0,2025-04-18 23:20:13,,,
2025-03,黑龙江省,85.64,,244.74,,3726,2025-03-31 00:00:00,1,0,2025-04-18 23:20:13,0,2025-04-18 23:20:13,,,
2025-03,吉林省,104.59,,331.55,,3727,2025-03-31 00:00:00,1,0,2025-04-18 23:20:13,0,2025-04-18 23:20:13,,,
2025-03,辽宁省,598.89,,1738.97,,3728,2025-03-31 00:00:00,1,0,2025-04-18 23:20:13,0,2025-04-18 23:20:13,,,
2025-03,内蒙古区,267.34,,801.04,,3729,2025-03-31 00:00:00,1,0,2025-04-18 23:20:13,0,2025-04-18 23:20:13,,,
2025-03,山西省,588.61,,1648.52,,3730,2025-03-31 00:00:00,1,0,2025-04-18 23:20:13,0,2025-04-18 23:20:13,,,
2025-03,河北省,1949.66,,5480.99,,3731,2025-03-31 00:00:00,1,0,2025-04-18 23:20:13,0,2025-04-18 23:20:13,,,
2025-03,天津市,140.20,,422.88,,3732,2025-03-31 00:00:00,1,0,2025-04-18 23:20:13,0,2025-04-18 23:20:13,,,
2025-04,新疆区,120.97,,352.08,,3733,2025-04-30 00:00:00,1,0,2025-05-21 23:20:36,0,2025-05-21 23:20:36,,,
2025-04,宁夏区,49.63,,199.56,,3734,2025-04-30 00:00:00,1,0,2025-05-21 23:20:36,0,2025-05-21 23:20:36,,,
2025-04,青海省,13.85,,54.03,,3735,2025-04-30 00:00:00,1,0,2025-05-21 23:20:36,0,2025-05-21 23:20:36,,,
2025-04,甘肃省,93.68,,376.02,,3736,2025-04-30 00:00:00,1,0,2025-05-21 23:20:36,0,2025-05-21 23:20:36,,,
2025-04,陕西省,111.34,,372.67,,3737,2025-04-30 00:00:00,1,0,2025-05-21 23:20:36,0,2025-05-21 23:20:36,,,
2025-04,云南省,178.39,,689.64,,3738,2025-04-30 00:00:00,1,0,2025-05-21 23:20:36,0,2025-05-21 23:20:36,,,
2025-04,贵州省,36.96,,163.40,,3739,2025-04-30 00:00:00,1,0,2025-05-21 23:20:36,0,2025-05-21 23:20:36,,,
2025-04,四川省,245.92,,958.54,,3740,2025-04-30 00:00:00,1,0,2025-05-21 23:20:36,0,2025-05-21 23:20:36,,,
2025-04,重庆市,76.54,,319.34,,3741,2025-04-30 00:00:00,1,0,2025-05-21 23:20:36,0,2025-05-21 23:20:36,,,
2025-04,广西区,287.89,,1638.15,,3742,2025-04-30 00:00:00,1,0,2025-05-21 23:20:36,0,2025-05-21 23:20:36,,,
2025-04,广东省,339.24,,1303.86,,3743,2025-04-30 00:00:00,1,0,2025-05-21 23:20:36,0,2025-05-21 23:20:36,,,
2025-04,湖南省,189.21,,762.16,,3744,2025-04-30 00:00:00,1,0,2025-05-21 23:20:36,0,2025-05-21 23:20:36,,,
2025-04,湖北省,284.09,,1146.31,,3745,2025-04-30 00:00:00,1,0,2025-05-21 23:20:36,0,2025-05-21 23:20:36,,,
2025-04,河南省,267.35,,1021.39,,3746,2025-04-30 00:00:00,1,0,2025-05-21 23:20:36,0,2025-05-21 23:20:36,,,
2025-04,山东省,610.82,,2433.96,,3747,2025-04-30 00:00:00,1,0,2025-05-21 23:20:36,0,2025-05-21 23:20:36,,,
2025-04,江西省,249.33,,898.80,,3748,2025-04-30 00:00:00,1,0,2025-05-21 23:20:36,0,2025-05-21 23:20:36,,,
2025-04,福建省,329.31,,1263.67,,3749,2025-04-30 00:00:00,1,0,2025-05-21 23:20:36,0,2025-05-21 23:20:36,,,
2025-04,安徽省,343.68,,1281.57,,3750,2025-04-30 00:00:00,1,0,2025-05-21 23:20:36,0,2025-05-21 23:20:36,,,
2025-04,浙江省,113.06,,445.62,,3751,2025-04-30 00:00:00,1,0,2025-05-21 23:20:36,0,2025-05-21 23:20:36,,,
2025-04,江苏省,1070.43,,4197.80,,3752,2025-04-30 00:00:00,1,0,2025-05-21 23:20:36,0,2025-05-21 23:20:36,,,
2025-04,上海市,117.72,,515.37,,3753,2025-04-30 00:00:00,1,0,2025-05-21 23:20:36,0,2025-05-21 23:20:36,,,
2025-04,黑龙江省,72.99,,317.73,,3754,2025-04-30 00:00:00,1,0,2025-05-21 23:20:36,0,2025-05-21 23:20:36,,,
2025-04,吉林省,85.36,,416.91,,3755,2025-04-30 00:00:00,1,0,2025-05-21 23:20:36,0,2025-05-21 23:20:36,,,
2025-04,辽宁省,577.06,,2316.03,,3756,2025-04-30 00:00:00,1,0,2025-05-21 23:20:36,0,2025-05-21 23:20:36,,,
2025-04,内蒙古区,245.68,,1046.72,,3757,2025-04-30 00:00:00,1,0,2025-05-21 23:20:36,0,2025-05-21 23:20:36,,,
2025-04,山西省,477.16,,2125.68,,3758,2025-04-30 00:00:00,1,0,2025-05-21 23:20:36,0,2025-05-21 23:20:36,,,
2025-04,河北省,1874.04,,7355.03,,3759,2025-04-30 00:00:00,1,0,2025-05-21 23:20:36,0,2025-05-21 23:20:36,,,
2025-04,天津市,140.22,,563.10,,3760,2025-04-30 00:00:00,1,0,2025-05-21 23:20:36,0,2025-05-21 23:20:36,,,
2025-04,全国,8601.90,0.00,34535.10,0.40,3761,2025-04-30 00:00:00,1,0,2025-05-21 23:20:36,0,2025-05-21 23:20:36,,,
2025-05,全国,8654.50,-6.90,43163.10,-1.70,3762,2025-05-31 00:00:00,1,0,2025-06-19 23:18:43,0,2025-06-19 23:18:43,,,
2025-05,新疆区,134.75,,486.82,,3763,2025-05-31 00:00:00,1,0,2025-06-19 23:18:43,0,2025-06-19 23:18:43,,,
2025-05,宁夏区,51.92,,251.48,,3764,2025-05-31 00:00:00,1,0,2025-06-19 23:18:43,0,2025-06-19 23:18:43,,,
2025-05,青海省,11.13,,65.16,,3765,2025-05-31 00:00:00,1,0,2025-06-19 23:18:43,0,2025-06-19 23:18:43,,,
2025-05,甘肃省,93.35,,469.37,,3766,2025-05-31 00:00:00,1,0,2025-06-19 23:18:43,0,2025-06-19 23:18:43,,,
2025-05,陕西省,105.21,,477.88,,3767,2025-05-31 00:00:00,1,0,2025-06-19 23:18:43,0,2025-06-19 23:18:43,,,
2025-05,云南省,177.35,,866.99,,3768,2025-05-31 00:00:00,1,0,2025-06-19 23:18:43,0,2025-06-19 23:18:43,,,
2025-05,贵州省,41.94,,205.34,,3769,2025-05-31 00:00:00,1,0,2025-06-19 23:18:43,0,2025-06-19 23:18:43,,,
2025-05,四川省,240.07,,1198.61,,3770,2025-05-31 00:00:00,1,0,2025-06-19 23:18:43,0,2025-06-19 23:18:43,,,
2025-05,重庆市,81.47,,400.81,,3771,2025-05-31 00:00:00,1,0,2025-06-19 23:18:43,0,2025-06-19 23:18:43,,,
2025-05,广西区,268.58,,1906.73,,3772,2025-05-31 00:00:00,1,0,2025-06-19 23:18:43,0,2025-06-19 23:18:43,,,
2025-05,广东省,378.53,,1682.40,,3773,2025-05-31 00:00:00,1,0,2025-06-19 23:18:43,0,2025-06-19 23:18:43,,,
2025-05,湖南省,182.44,,944.61,,3774,2025-05-31 00:00:00,1,0,2025-06-19 23:18:43,0,2025-06-19 23:18:43,,,
2025-05,湖北省,262.73,,1409.03,,3775,2025-05-31 00:00:00,1,0,2025-06-19 23:18:43,0,2025-06-19 23:18:43,,,
2025-05,河南省,247.04,,1268.43,,3776,2025-05-31 00:00:00,1,0,2025-06-19 23:18:43,0,2025-06-19 23:18:43,,,
2025-05,山东省,599.36,,3033.32,,3777,2025-05-31 00:00:00,1,0,2025-06-19 23:18:43,0,2025-06-19 23:18:43,,,
2025-05,江西省,212.70,,1111.50,,3778,2025-05-31 00:00:00,1,0,2025-06-19 23:18:43,0,2025-06-19 23:18:43,,,
2025-05,福建省,321.92,,1585.58,,3779,2025-05-31 00:00:00,1,0,2025-06-19 23:18:43,0,2025-06-19 23:18:43,,,
2025-05,安徽省,315.94,,1597.51,,3780,2025-05-31 00:00:00,1,0,2025-06-19 23:18:43,0,2025-06-19 23:18:43,,,
2025-05,浙江省,113.79,,559.41,,3781,2025-05-31 00:00:00,1,0,2025-06-19 23:18:43,0,2025-06-19 23:18:43,,,
2025-05,江苏省,1051.20,,5249.00,,3782,2025-05-31 00:00:00,1,0,2025-06-19 23:18:43,0,2025-06-19 23:18:43,,,
2025-05,上海市,133.65,,649.02,,3783,2025-05-31 00:00:00,1,0,2025-06-19 23:18:43,0,2025-06-19 23:18:43,,,
2025-05,黑龙江省,76.04,,393.77,,3784,2025-05-31 00:00:00,1,0,2025-06-19 23:18:43,0,2025-06-19 23:18:43,,,
2025-05,吉林省,106.46,,523.37,,3785,2025-05-31 00:00:00,1,0,2025-06-19 23:18:43,0,2025-06-19 23:18:43,,,
2025-05,辽宁省,613.09,,2929.12,,3786,2025-05-31 00:00:00,1,0,2025-06-19 23:18:43,0,2025-06-19 23:18:43,,,
2025-05,内蒙古区,257.98,,1304.69,,3787,2025-05-31 00:00:00,1,0,2025-06-19 23:18:43,0,2025-06-19 23:18:43,,,
2025-05,山西省,506.89,,2606.02,,3788,2025-05-31 00:00:00,1,0,2025-06-19 23:18:43,0,2025-06-19 23:18:43,,,
2025-05,河北省,1927.66,,9282.69,,3789,2025-05-31 00:00:00,1,0,2025-06-19 23:18:43,0,2025-06-19 23:18:43,,,
2025-05,天津市,141.35,,704.45,,3790,2025-05-31 00:00:00,1,0,2025-06-19 23:18:43,0,2025-06-19 23:18:43,,,
2025-06,全国,8318.40,-9.20,51482.60,-3.00,3791,2025-06-30 00:00:00,1,0,2025-07-17 23:18:51,0,2025-07-17 23:18:51,,,
2025-06,新疆区,143.34,,630.17,,3792,2025-06-30 00:00:00,1,0,2025-07-17 23:18:51,0,2025-07-17 23:18:51,,,
2025-06,宁夏区,52.41,,303.89,,3793,2025-06-30 00:00:00,1,0,2025-07-17 23:18:51,0,2025-07-17 23:18:51,,,
2025-06,青海省,13.48,,78.64,,3794,2025-06-30 00:00:00,1,0,2025-07-17 23:18:51,0,2025-07-17 23:18:51,,,
2025-06,甘肃省,97.46,,566.83,,3795,2025-06-30 00:00:00,1,0,2025-07-17 23:18:51,0,2025-07-17 23:18:51,,,
2025-06,陕西省,95.20,,573.08,,3796,2025-06-30 00:00:00,1,0,2025-07-17 23:18:51,0,2025-07-17 23:18:51,,,
2025-06,云南省,179.35,,1047.41,,3797,2025-06-30 00:00:00,1,0,2025-07-17 23:18:51,0,2025-07-17 23:18:51,,,
2025-06,贵州省,39.11,,244.45,,3798,2025-06-30 00:00:00,1,0,2025-07-17 23:18:51,0,2025-07-17 23:18:51,,,
2025-06,四川省,229.04,,1427.65,,3799,2025-06-30 00:00:00,1,0,2025-07-17 23:18:51,0,2025-07-17 23:18:51,,,
2025-06,重庆市,81.66,,482.47,,3800,2025-06-30 00:00:00,1,0,2025-07-17 23:18:51,0,2025-07-17 23:18:51,,,
2025-06,广西区,289.11,,2195.84,,3801,2025-06-30 00:00:00,1,0,2025-07-17 23:18:51,0,2025-07-17 23:18:51,,,
2025-06,广东省,340.43,,2022.83,,3802,2025-06-30 00:00:00,1,0,2025-07-17 23:18:51,0,2025-07-17 23:18:51,,,
2025-06,湖南省,175.23,,1119.84,,3803,2025-06-30 00:00:00,1,0,2025-07-17 23:18:51,0,2025-07-17 23:18:51,,,
2025-06,湖北省,270.62,,1679.65,,3804,2025-06-30 00:00:00,1,0,2025-07-17 23:18:51,0,2025-07-17 23:18:51,,,
2025-06,河南省,227.18,,1495.61,,3805,2025-06-30 00:00:00,1,0,2025-07-17 23:18:51,0,2025-07-17 23:18:51,,,
2025-06,山东省,569.65,,3602.97,,3806,2025-06-30 00:00:00,1,0,2025-07-17 23:18:51,0,2025-07-17 23:18:51,,,
2025-06,江西省,197.94,,1309.44,,3807,2025-06-30 00:00:00,1,0,2025-07-17 23:18:51,0,2025-07-17 23:18:51,,,
2025-06,福建省,275.40,,1860.98,,3808,2025-06-30 00:00:00,1,0,2025-07-17 23:18:51,0,2025-07-17 23:18:51,,,
2025-06,安徽省,306.69,,1904.20,,3809,2025-06-30 00:00:00,1,0,2025-07-17 23:18:51,0,2025-07-17 23:18:51,,,
2025-06,浙江省,109.71,,669.12,,3810,2025-06-30 00:00:00,1,0,2025-07-17 23:18:51,0,2025-07-17 23:18:51,,,
2025-06,江苏省,1014.07,,6263.07,,3811,2025-06-30 00:00:00,1,0,2025-07-17 23:18:51,0,2025-07-17 23:18:51,,,
2025-06,上海市,126.24,,775.26,,3812,2025-06-30 00:00:00,1,0,2025-07-17 23:18:51,0,2025-07-17 23:18:51,,,
2025-06,黑龙江省,78.60,,472.37,,3813,2025-06-30 00:00:00,1,0,2025-07-17 23:18:51,0,2025-07-17 23:18:51,,,
2025-06,吉林省,128.16,,651.53,,3814,2025-06-30 00:00:00,1,0,2025-07-17 23:18:51,0,2025-07-17 23:18:51,,,
2025-06,辽宁省,590.16,,3519.29,,3815,2025-06-30 00:00:00,1,0,2025-07-17 23:18:51,0,2025-07-17 23:18:51,,,
2025-06,内蒙古区,270.96,,1575.66,,3816,2025-06-30 00:00:00,1,0,2025-07-17 23:18:51,0,2025-07-17 23:18:51,,,
2025-06,山西省,447.23,,3053.25,,3817,2025-06-30 00:00:00,1,0,2025-07-17 23:18:51,0,2025-07-17 23:18:51,,,
2025-06,河北省,1833.71,,11116.40,,3818,2025-06-30 00:00:00,1,0,2025-07-17 23:18:51,0,2025-07-17 23:18:51,,,
2025-06,天津市,136.26,,840.71,,3819,2025-06-30 00:00:00,1,0,2025-07-17 23:18:51,0,2025-07-17 23:18:51,,,
2025-07,全国,7965.80,-4.00,59446.50,-3.10,3820,2025-07-31 00:00:00,1,0,2025-08-19 23:19:09,0,2025-08-19 23:19:09,,,
2025-07,新疆区,137.85,,768.01,,3821,2025-07-31 00:00:00,1,0,2025-08-19 23:19:09,0,2025-08-19 23:19:09,,,
2025-07,宁夏区,49.68,,353.57,,3822,2025-07-31 00:00:00,1,0,2025-08-19 23:19:09,0,2025-08-19 23:19:09,,,
2025-07,青海省,11.42,,90.06,,3823,2025-07-31 00:00:00,1,0,2025-08-19 23:19:09,0,2025-08-19 23:19:09,,,
2025-07,甘肃省,99.18,,666.01,,3824,2025-07-31 00:00:00,1,0,2025-08-19 23:19:09,0,2025-08-19 23:19:09,,,
2025-07,陕西省,99.24,,672.33,,3825,2025-07-31 00:00:00,1,0,2025-08-19 23:19:09,0,2025-08-19 23:19:09,,,
2025-07,云南省,168.99,,1216.40,,3826,2025-07-31 00:00:00,1,0,2025-08-19 23:19:09,0,2025-08-19 23:19:09,,,
2025-07,贵州省,28.33,,272.78,,3827,2025-07-31 00:00:00,1,0,2025-08-19 23:19:09,0,2025-08-19 23:19:09,,,
2025-07,四川省,225.30,,1652.95,,3828,2025-07-31 00:00:00,1,0,2025-08-19 23:19:09,0,2025-08-19 23:19:09,,,
2025-07,重庆市,82.57,,565.04,,3829,2025-07-31 00:00:00,1,0,2025-08-19 23:19:09,0,2025-08-19 23:19:09,,,
2025-07,广西区,273.15,,2468.99,,3830,2025-07-31 00:00:00,1,0,2025-08-19 23:19:09,0,2025-08-19 23:19:09,,,
2025-07,广东省,332.74,,2355.57,,3831,2025-07-31 00:00:00,1,0,2025-08-19 23:19:09,0,2025-08-19 23:19:09,,,
2025-07,湖南省,186.98,,1306.82,,3832,2025-07-31 00:00:00,1,0,2025-08-19 23:19:09,0,2025-08-19 23:19:09,,,
2025-07,湖北省,279.66,,1959.31,,3833,2025-07-31 00:00:00,1,0,2025-08-19 23:19:09,0,2025-08-19 23:19:09,,,
2025-07,河南省,216.78,,1712.38,,3834,2025-07-31 00:00:00,1,0,2025-08-19 23:19:09,0,2025-08-19 23:19:09,,,
2025-07,山东省,559.49,,4162.46,,3835,2025-07-31 00:00:00,1,0,2025-08-19 23:19:09,0,2025-08-19 23:19:09,,,
2025-07,江西省,190.00,,1499.45,,3836,2025-07-31 00:00:00,1,0,2025-08-19 23:19:09,0,2025-08-19 23:19:09,,,
2025-07,福建省,260.34,,2121.32,,3837,2025-07-31 00:00:00,1,0,2025-08-19 23:19:09,0,2025-08-19 23:19:09,,,
2025-07,安徽省,297.20,,2201.39,,3838,2025-07-31 00:00:00,1,0,2025-08-19 23:19:09,0,2025-08-19 23:19:09,,,
2025-07,浙江省,107.56,,776.68,,3839,2025-07-31 00:00:00,1,0,2025-08-19 23:19:09,0,2025-08-19 23:19:09,,,
2025-07,江苏省,934.96,,7195.23,,3840,2025-07-31 00:00:00,1,0,2025-08-19 23:19:09,0,2025-08-19 23:19:09,,,
2025-07,上海市,131.15,,906.41,,3841,2025-07-31 00:00:00,1,0,2025-08-19 23:19:09,0,2025-08-19 23:19:09,,,
2025-07,黑龙江省,72.57,,544.94,,3842,2025-07-31 00:00:00,1,0,2025-08-19 23:19:09,0,2025-08-19 23:19:09,,,
2025-07,吉林省,114.21,,765.74,,3843,2025-07-31 00:00:00,1,0,2025-08-19 23:19:09,0,2025-08-19 23:19:09,,,
2025-07,辽宁省,598.15,,4117.44,,3844,2025-07-31 00:00:00,1,0,2025-08-19 23:19:09,0,2025-08-19 23:19:09,,,
2025-07,内蒙古区,290.46,,1867.02,,3845,2025-07-31 00:00:00,1,0,2025-08-19 23:19:09,0,2025-08-19 23:19:09,,,
2025-07,山西省,446.95,,3500.20,,3846,2025-07-31 00:00:00,1,0,2025-08-19 23:19:09,0,2025-08-19 23:19:09,,,
2025-07,河北省,1652.00,,12768.40,,3847,2025-07-31 00:00:00,1,0,2025-08-19 23:19:09,0,2025-08-19 23:19:09,,,
2025-07,天津市,118.88,,959.60,,3848,2025-07-31 00:00:00,1,0,2025-08-19 23:19:09,0,2025-08-19 23:19:09,,,
2025-08,全国,7736.90,-0.70,67180.60,-2.80,3849,2025-08-31 00:00:00,1,0,2025-09-17 23:18:55,0,2025-09-17 23:18:55,,,
