时间,报价地区,产品名称,灰份,挥发份,硫份,粘结指数,发热量,价格(元/吨),较上期,价格类型,_ID,_DATA_TIME,_ACTIVE,_CREATE_ID,_CREATE_TIME,_UPDATE_ID,_UPDATE_TIME,_REMARK,_CHANGE_LOG,_RESERVE
2024-07-16,灵武市,烟煤末,6.00,27.50,0.25,,5500.00,775.00,0.00,出厂价,1,2024-07-16 00:00:00,1,0,2024-07-16 20:56:05,0,2024-07-16 20:56:05,,,
2024-07-16,灵武市,水洗36块,6.00,24.50,0.25,,6800.00,910.00,-5.00,出厂价,2,2024-07-16 00:00:00,1,0,2024-07-16 20:56:05,0,2024-07-16 20:56:05,,,
2024-07-15,灵武市,烟煤末,6.00,27.50,0.25,,5500.00,775.00,0.00,出厂价,3,2024-07-15 00:00:00,1,0,2024-07-16 20:56:05,0,2024-07-16 20:56:05,,,
2024-07-15,灵武市,水洗36块,6.00,24.50,0.25,,6800.00,915.00,0.00,出厂价,4,2024-07-15 00:00:00,1,0,2024-07-16 20:56:05,0,2024-07-16 20:56:05,,,
2024-07-12,灵武市,烟煤末,6.00,27.50,0.25,,5500.00,775.00,5.00,出厂价,5,2024-07-12 00:00:00,1,0,2024-07-16 20:56:05,0,2024-07-16 20:56:05,,,
2024-07-12,灵武市,水洗36块,6.00,24.50,0.25,,6800.00,915.00,0.00,出厂价,6,2024-07-12 00:00:00,1,0,2024-07-16 20:56:05,0,2024-07-16 20:56:05,,,
2024-07-11,灵武市,烟煤末,6.00,27.50,0.25,,5500.00,770.00,0.00,出厂价,7,2024-07-11 00:00:00,1,0,2024-07-16 20:56:05,0,2024-07-16 20:56:05,,,
2024-07-11,灵武市,水洗36块,6.00,24.50,0.25,,6800.00,915.00,0.00,出厂价,8,2024-07-11 00:00:00,1,0,2024-07-16 20:56:05,0,2024-07-16 20:56:05,,,
2024-07-10,灵武市,烟煤末,6.00,27.50,0.25,,5500.00,770.00,5.00,出厂价,9,2024-07-10 00:00:00,1,0,2024-07-16 20:56:05,0,2024-07-16 20:56:05,,,
2024-07-10,灵武市,水洗36块,6.00,24.50,0.25,,6800.00,915.00,0.00,出厂价,10,2024-07-10 00:00:00,1,0,2024-07-16 20:56:05,0,2024-07-16 20:56:05,,,
2024-07-09,灵武市,烟煤末,6.00,27.50,0.25,,5500.00,765.00,0.00,出厂价,11,2024-07-09 00:00:00,1,0,2024-07-16 20:56:05,0,2024-07-16 20:56:05,,,
2024-07-09,灵武市,水洗36块,6.00,24.50,0.25,,6800.00,915.00,0.00,出厂价,12,2024-07-09 00:00:00,1,0,2024-07-16 20:56:05,0,2024-07-16 20:56:05,,,
2024-07-08,灵武市,烟煤末,6.00,27.50,0.25,,5500.00,765.00,0.00,出厂价,13,2024-07-08 00:00:00,1,0,2024-07-16 20:56:05,0,2024-07-16 20:56:05,,,
2024-07-08,灵武市,水洗36块,6.00,24.50,0.25,,6800.00,915.00,0.00,出厂价,14,2024-07-08 00:00:00,1,0,2024-07-16 20:56:05,0,2024-07-16 20:56:05,,,
2024-07-05,灵武市,烟煤末,6.00,27.50,0.25,,5500.00,765.00,0.00,出厂价,15,2024-07-05 00:00:00,1,0,2024-07-16 20:56:05,0,2024-07-16 20:56:05,,,
2024-07-05,灵武市,水洗36块,6.00,24.50,0.25,,6800.00,915.00,-5.00,出厂价,16,2024-07-05 00:00:00,1,0,2024-07-16 20:56:05,0,2024-07-16 20:56:05,,,
2024-07-04,灵武市,烟煤末,6.00,27.50,0.25,,5500.00,765.00,-5.00,出厂价,17,2024-07-04 00:00:00,1,0,2024-07-16 20:56:05,0,2024-07-16 20:56:05,,,
2024-07-04,灵武市,水洗36块,6.00,24.50,0.25,,6800.00,920.00,0.00,出厂价,18,2024-07-04 00:00:00,1,0,2024-07-16 20:56:05,0,2024-07-16 20:56:05,,,
2024-07-03,灵武市,烟煤末,6.00,27.50,0.25,,5500.00,770.00,0.00,出厂价,19,2024-07-03 00:00:00,1,0,2024-07-16 20:56:05,0,2024-07-16 20:56:05,,,
2024-07-03,灵武市,水洗36块,6.00,24.50,0.25,,6800.00,920.00,-5.00,出厂价,20,2024-07-03 00:00:00,1,0,2024-07-16 20:56:05,0,2024-07-16 20:56:05,,,
2024-07-02,灵武市,烟煤末,6.00,27.50,0.25,,5500.00,770.00,0.00,出厂价,21,2024-07-02 00:00:00,1,0,2024-07-16 20:56:05,0,2024-07-16 20:56:05,,,
2024-07-02,灵武市,水洗36块,6.00,24.50,0.25,,6800.00,925.00,0.00,出厂价,22,2024-07-02 00:00:00,1,0,2024-07-16 20:56:05,0,2024-07-16 20:56:05,,,
2024-07-01,灵武市,烟煤末,6.00,27.50,0.25,,5500.00,770.00,0.00,出厂价,23,2024-07-01 00:00:00,1,0,2024-07-16 20:56:05,0,2024-07-16 20:56:05,,,
2024-07-01,灵武市,水洗36块,6.00,24.50,0.25,,6800.00,925.00,0.00,出厂价,24,2024-07-01 00:00:00,1,0,2024-07-16 20:56:05,0,2024-07-16 20:56:05,,,
2024-06-28,灵武市,烟煤末,6.00,27.50,0.25,,5500.00,770.00,0.00,出厂价,25,2024-06-28 00:00:00,1,0,2024-07-16 20:56:05,0,2024-07-16 20:56:05,,,
2024-06-28,灵武市,水洗36块,6.00,24.50,0.25,,6800.00,925.00,-5.00,出厂价,26,2024-06-28 00:00:00,1,0,2024-07-16 20:56:05,0,2024-07-16 20:56:05,,,
2024-06-27,灵武市,烟煤末,6.00,27.50,0.25,,5500.00,770.00,-5.00,出厂价,27,2024-06-27 00:00:00,1,0,2024-07-16 20:56:05,0,2024-07-16 20:56:05,,,
2024-06-27,灵武市,水洗36块,6.00,24.50,0.25,,6800.00,930.00,0.00,出厂价,28,2024-06-27 00:00:00,1,0,2024-07-16 20:56:05,0,2024-07-16 20:56:05,,,
2024-06-26,灵武市,烟煤末,6.00,27.50,0.25,,5500.00,775.00,-5.00,出厂价,29,2024-06-26 00:00:00,1,0,2024-07-16 20:56:05,0,2024-07-16 20:56:05,,,
2024-06-26,灵武市,水洗36块,6.00,24.50,0.25,,6800.00,930.00,-5.00,出厂价,30,2024-06-26 00:00:00,1,0,2024-07-16 20:56:05,0,2024-07-16 20:56:05,,,
2024-06-25,灵武市,烟煤末,6.00,27.50,0.25,,5500.00,780.00,-5.00,出厂价,31,2024-06-25 00:00:00,1,0,2024-07-16 20:56:08,0,2024-07-16 20:56:08,,,
2024-06-25,灵武市,水洗36块,6.00,24.50,0.25,,6800.00,935.00,-5.00,出厂价,32,2024-06-25 00:00:00,1,0,2024-07-16 20:56:08,0,2024-07-16 20:56:08,,,
2024-06-24,灵武市,烟煤末,6.00,27.50,0.25,,5500.00,785.00,0.00,出厂价,33,2024-06-24 00:00:00,1,0,2024-07-16 20:56:08,0,2024-07-16 20:56:08,,,
2024-06-24,灵武市,水洗36块,6.00,24.50,0.25,,6800.00,940.00,0.00,出厂价,34,2024-06-24 00:00:00,1,0,2024-07-16 20:56:08,0,2024-07-16 20:56:08,,,
2024-06-21,灵武市,烟煤末,6.00,27.50,0.25,,5500.00,785.00,-10.00,出厂价,35,2024-06-21 00:00:00,1,0,2024-07-16 20:56:08,0,2024-07-16 20:56:08,,,
2024-06-21,灵武市,水洗36块,6.00,24.50,0.25,,6800.00,940.00,0.00,出厂价,36,2024-06-21 00:00:00,1,0,2024-07-16 20:56:08,0,2024-07-16 20:56:08,,,
2024-06-20,灵武市,烟煤末,6.00,27.50,0.25,,5500.00,795.00,0.00,出厂价,37,2024-06-20 00:00:00,1,0,2024-07-16 20:56:08,0,2024-07-16 20:56:08,,,
2024-06-20,灵武市,水洗36块,6.00,24.50,0.25,,6800.00,940.00,0.00,出厂价,38,2024-06-20 00:00:00,1,0,2024-07-16 20:56:08,0,2024-07-16 20:56:08,,,
2024-06-19,灵武市,烟煤末,6.00,27.50,0.25,,5500.00,795.00,0.00,出厂价,39,2024-06-19 00:00:00,1,0,2024-07-16 20:56:08,0,2024-07-16 20:56:08,,,
2024-06-19,灵武市,水洗36块,6.00,24.50,0.25,,6800.00,940.00,0.00,出厂价,40,2024-06-19 00:00:00,1,0,2024-07-16 20:56:08,0,2024-07-16 20:56:08,,,
2024-06-18,灵武市,烟煤末,6.00,27.50,0.25,,5500.00,795.00,0.00,出厂价,41,2024-06-18 00:00:00,1,0,2024-07-16 20:56:08,0,2024-07-16 20:56:08,,,
2024-06-18,灵武市,水洗36块,6.00,24.50,0.25,,6800.00,940.00,0.00,出厂价,42,2024-06-18 00:00:00,1,0,2024-07-16 20:56:08,0,2024-07-16 20:56:08,,,
2024-06-17,灵武市,烟煤末,6.00,27.50,0.25,,5500.00,795.00,0.00,出厂价,43,2024-06-17 00:00:00,1,0,2024-07-16 20:56:08,0,2024-07-16 20:56:08,,,
2024-06-17,灵武市,水洗36块,6.00,24.50,0.25,,6800.00,940.00,0.00,出厂价,44,2024-06-17 00:00:00,1,0,2024-07-16 20:56:08,0,2024-07-16 20:56:08,,,
2024-06-14,灵武市,烟煤末,6.00,27.50,0.25,,5500.00,795.00,0.00,出厂价,45,2024-06-14 00:00:00,1,0,2024-07-16 20:56:08,0,2024-07-16 20:56:08,,,
2024-06-14,灵武市,水洗36块,6.00,24.50,0.25,,6800.00,940.00,0.00,出厂价,46,2024-06-14 00:00:00,1,0,2024-07-16 20:56:08,0,2024-07-16 20:56:08,,,
2024-06-13,灵武市,烟煤末,6.00,27.50,0.25,,5500.00,795.00,0.00,出厂价,47,2024-06-13 00:00:00,1,0,2024-07-16 20:56:08,0,2024-07-16 20:56:08,,,
2024-06-13,灵武市,水洗36块,6.00,24.50,0.25,,6800.00,940.00,0.00,出厂价,48,2024-06-13 00:00:00,1,0,2024-07-16 20:56:08,0,2024-07-16 20:56:08,,,
2024-06-12,灵武市,烟煤末,6.00,27.50,0.25,,5500.00,795.00,0.00,出厂价,49,2024-06-12 00:00:00,1,0,2024-07-16 20:56:08,0,2024-07-16 20:56:08,,,
2024-06-12,灵武市,水洗36块,6.00,24.50,0.25,,6800.00,940.00,0.00,出厂价,50,2024-06-12 00:00:00,1,0,2024-07-16 20:56:08,0,2024-07-16 20:56:08,,,
2024-06-11,灵武市,烟煤末,6.00,27.50,0.25,,5500.00,795.00,0.00,出厂价,51,2024-06-11 00:00:00,1,0,2024-07-16 20:56:08,0,2024-07-16 20:56:08,,,
2024-06-11,灵武市,水洗36块,6.00,24.50,0.25,,6800.00,940.00,0.00,出厂价,52,2024-06-11 00:00:00,1,0,2024-07-16 20:56:08,0,2024-07-16 20:56:08,,,
2024-06-07,灵武市,烟煤末,6.00,27.50,0.25,,5500.00,795.00,0.00,出厂价,53,2024-06-07 00:00:00,1,0,2024-07-16 20:56:08,0,2024-07-16 20:56:08,,,
2024-06-07,灵武市,水洗36块,6.00,24.50,0.25,,6800.00,940.00,0.00,出厂价,54,2024-06-07 00:00:00,1,0,2024-07-16 20:56:08,0,2024-07-16 20:56:08,,,
2024-06-06,灵武市,烟煤末,6.00,27.50,0.25,,5500.00,795.00,0.00,出厂价,55,2024-06-06 00:00:00,1,0,2024-07-16 20:56:08,0,2024-07-16 20:56:08,,,
2024-06-06,灵武市,水洗36块,6.00,24.50,0.25,,6800.00,940.00,0.00,出厂价,56,2024-06-06 00:00:00,1,0,2024-07-16 20:56:08,0,2024-07-16 20:56:08,,,
2024-06-05,灵武市,烟煤末,6.00,27.50,0.25,,5500.00,795.00,0.00,出厂价,57,2024-06-05 00:00:00,1,0,2024-07-16 20:56:08,0,2024-07-16 20:56:08,,,
2024-06-05,灵武市,水洗36块,6.00,24.50,0.25,,6800.00,940.00,0.00,出厂价,58,2024-06-05 00:00:00,1,0,2024-07-16 20:56:08,0,2024-07-16 20:56:08,,,
2024-06-04,灵武市,烟煤末,6.00,27.50,0.25,,5500.00,795.00,-5.00,出厂价,59,2024-06-04 00:00:00,1,0,2024-07-16 20:56:08,0,2024-07-16 20:56:08,,,
2024-06-04,灵武市,水洗36块,6.00,24.50,0.25,,6800.00,940.00,0.00,出厂价,60,2024-06-04 00:00:00,1,0,2024-07-16 20:56:08,0,2024-07-16 20:56:08,,,
2024-06-03,灵武市,烟煤末,6.00,27.50,0.25,,5500.00,800.00,0.00,出厂价,61,2024-06-03 00:00:00,1,0,2024-07-16 20:56:11,0,2024-07-16 20:56:11,,,
2024-06-03,灵武市,水洗36块,6.00,24.50,0.25,,6800.00,940.00,0.00,出厂价,62,2024-06-03 00:00:00,1,0,2024-07-16 20:56:11,0,2024-07-16 20:56:11,,,
2024-05-31,灵武市,烟煤末,6.00,27.50,0.25,,5500.00,800.00,0.00,出厂价,63,2024-05-31 00:00:00,1,0,2024-07-16 20:56:11,0,2024-07-16 20:56:11,,,
2024-05-31,灵武市,水洗36块,6.00,24.50,0.25,,6800.00,940.00,0.00,出厂价,64,2024-05-31 00:00:00,1,0,2024-07-16 20:56:11,0,2024-07-16 20:56:11,,,
2024-05-30,灵武市,烟煤末,6.00,27.50,0.25,,5500.00,800.00,0.00,出厂价,65,2024-05-30 00:00:00,1,0,2024-07-16 20:56:11,0,2024-07-16 20:56:11,,,
2024-05-30,灵武市,水洗36块,6.00,24.50,0.25,,6800.00,940.00,0.00,出厂价,66,2024-05-30 00:00:00,1,0,2024-07-16 20:56:11,0,2024-07-16 20:56:11,,,
2024-05-29,灵武市,烟煤末,6.00,27.50,0.25,,5500.00,800.00,0.00,出厂价,67,2024-05-29 00:00:00,1,0,2024-07-16 20:56:11,0,2024-07-16 20:56:11,,,
2024-05-29,灵武市,水洗36块,6.00,24.50,0.25,,6800.00,940.00,0.00,出厂价,68,2024-05-29 00:00:00,1,0,2024-07-16 20:56:11,0,2024-07-16 20:56:11,,,
2024-05-28,灵武市,烟煤末,6.00,27.50,0.25,,5500.00,800.00,10.00,出厂价,69,2024-05-28 00:00:00,1,0,2024-07-16 20:56:11,0,2024-07-16 20:56:11,,,
2024-05-28,灵武市,水洗36块,6.00,24.50,0.25,,6800.00,940.00,20.00,出厂价,70,2024-05-28 00:00:00,1,0,2024-07-16 20:56:11,0,2024-07-16 20:56:11,,,
2024-05-27,灵武市,烟煤末,6.00,27.50,0.25,,5500.00,790.00,10.00,出厂价,71,2024-05-27 00:00:00,1,0,2024-07-16 20:56:11,0,2024-07-16 20:56:11,,,
2024-05-27,灵武市,水洗36块,6.00,24.50,0.25,,6800.00,920.00,10.00,出厂价,72,2024-05-27 00:00:00,1,0,2024-07-16 20:56:11,0,2024-07-16 20:56:11,,,
2024-05-24,灵武市,烟煤末,6.00,27.50,0.25,,5500.00,780.00,5.00,出厂价,73,2024-05-24 00:00:00,1,0,2024-07-16 20:56:11,0,2024-07-16 20:56:11,,,
2024-05-24,灵武市,水洗36块,6.00,24.50,0.25,,6800.00,910.00,10.00,出厂价,74,2024-05-24 00:00:00,1,0,2024-07-16 20:56:11,0,2024-07-16 20:56:11,,,
2024-05-23,灵武市,烟煤末,6.00,27.50,0.25,,5500.00,775.00,5.00,出厂价,75,2024-05-23 00:00:00,1,0,2024-07-16 20:56:11,0,2024-07-16 20:56:11,,,
2024-05-23,灵武市,水洗36块,6.00,24.50,0.25,,6800.00,900.00,0.00,出厂价,76,2024-05-23 00:00:00,1,0,2024-07-16 20:56:11,0,2024-07-16 20:56:11,,,
2024-05-22,灵武市,烟煤末,6.00,27.50,0.25,,5500.00,770.00,5.00,出厂价,77,2024-05-22 00:00:00,1,0,2024-07-16 20:56:11,0,2024-07-16 20:56:11,,,
2024-05-22,灵武市,水洗36块,6.00,24.50,0.25,,6800.00,900.00,0.00,出厂价,78,2024-05-22 00:00:00,1,0,2024-07-16 20:56:11,0,2024-07-16 20:56:11,,,
2024-05-21,灵武市,烟煤末,6.00,27.50,0.25,,5500.00,765.00,0.00,出厂价,79,2024-05-21 00:00:00,1,0,2024-07-16 20:56:11,0,2024-07-16 20:56:11,,,
2024-05-21,灵武市,水洗36块,6.00,24.50,0.25,,6800.00,900.00,0.00,出厂价,80,2024-05-21 00:00:00,1,0,2024-07-16 20:56:11,0,2024-07-16 20:56:11,,,
2024-05-20,灵武市,烟煤末,6.00,27.50,0.25,,5500.00,765.00,0.00,出厂价,81,2024-05-20 00:00:00,1,0,2024-07-16 20:56:11,0,2024-07-16 20:56:11,,,
2024-05-20,灵武市,水洗36块,6.00,24.50,0.25,,6800.00,900.00,-10.00,出厂价,82,2024-05-20 00:00:00,1,0,2024-07-16 20:56:11,0,2024-07-16 20:56:11,,,
2024-05-17,灵武市,烟煤末,6.00,27.50,0.25,,5500.00,765.00,-5.00,出厂价,83,2024-05-17 00:00:00,1,0,2024-07-16 20:56:11,0,2024-07-16 20:56:11,,,
2024-05-17,灵武市,水洗36块,6.00,24.50,0.25,,6800.00,910.00,0.00,出厂价,84,2024-05-17 00:00:00,1,0,2024-07-16 20:56:11,0,2024-07-16 20:56:11,,,
2024-05-15,灵武市,烟煤末,6.00,27.50,0.25,,5500.00,770.00,0.00,出厂价,85,2024-05-15 00:00:00,1,0,2024-07-16 20:56:11,0,2024-07-16 20:56:11,,,
2024-05-15,灵武市,水洗36块,6.00,24.50,0.25,,6800.00,910.00,0.00,出厂价,86,2024-05-15 00:00:00,1,0,2024-07-16 20:56:11,0,2024-07-16 20:56:11,,,
2024-05-14,灵武市,烟煤末,6.00,27.50,0.25,,5500.00,770.00,0.00,出厂价,87,2024-05-14 00:00:00,1,0,2024-07-16 20:56:11,0,2024-07-16 20:56:11,,,
2024-05-14,灵武市,水洗36块,6.00,24.50,0.25,,6800.00,910.00,0.00,出厂价,88,2024-05-14 00:00:00,1,0,2024-07-16 20:56:11,0,2024-07-16 20:56:11,,,
2024-05-13,灵武市,烟煤末,6.00,27.50,0.25,,5500.00,770.00,10.00,出厂价,89,2024-05-13 00:00:00,1,0,2024-07-16 20:56:11,0,2024-07-16 20:56:11,,,
2024-05-13,灵武市,水洗36块,6.00,24.50,0.25,,6800.00,910.00,0.00,出厂价,90,2024-05-13 00:00:00,1,0,2024-07-16 20:56:11,0,2024-07-16 20:56:11,,,
2024-05-11,灵武市,烟煤末,6.00,27.50,0.25,,5500.00,760.00,10.00,出厂价,91,2024-05-11 00:00:00,1,0,2024-07-16 20:56:14,0,2024-07-16 20:56:14,,,
2024-05-11,灵武市,水洗36块,6.00,24.50,0.25,,6800.00,910.00,10.00,出厂价,92,2024-05-11 00:00:00,1,0,2024-07-16 20:56:14,0,2024-07-16 20:56:14,,,
2024-05-10,灵武市,烟煤末,6.00,27.50,0.25,,5500.00,750.00,0.00,出厂价,93,2024-05-10 00:00:00,1,0,2024-07-16 20:56:14,0,2024-07-16 20:56:14,,,
2024-05-10,灵武市,水洗36块,6.00,24.50,0.25,,6800.00,900.00,5.00,出厂价,94,2024-05-10 00:00:00,1,0,2024-07-16 20:56:14,0,2024-07-16 20:56:14,,,
2024-05-09,灵武市,烟煤末,6.00,27.50,0.25,,5500.00,750.00,5.00,出厂价,95,2024-05-09 00:00:00,1,0,2024-07-16 20:56:14,0,2024-07-16 20:56:14,,,
2024-05-09,灵武市,水洗36块,6.00,24.50,0.25,,6800.00,895.00,5.00,出厂价,96,2024-05-09 00:00:00,1,0,2024-07-16 20:56:14,0,2024-07-16 20:56:14,,,
2024-05-08,灵武市,烟煤末,6.00,27.50,0.25,,5500.00,745.00,10.00,出厂价,97,2024-05-08 00:00:00,1,0,2024-07-16 20:56:14,0,2024-07-16 20:56:14,,,
2024-05-08,灵武市,水洗36块,6.00,24.50,0.25,,6800.00,890.00,0.00,出厂价,98,2024-05-08 00:00:00,1,0,2024-07-16 20:56:14,0,2024-07-16 20:56:14,,,
2024-05-07,灵武市,烟煤末,6.00,27.50,0.25,,5500.00,735.00,5.00,出厂价,99,2024-05-07 00:00:00,1,0,2024-07-16 20:56:14,0,2024-07-16 20:56:14,,,
2024-05-07,灵武市,水洗36块,6.00,24.50,0.25,,6800.00,890.00,10.00,出厂价,100,2024-05-07 00:00:00,1,0,2024-07-16 20:56:14,0,2024-07-16 20:56:14,,,
2024-05-06,灵武市,烟煤末,6.00,27.50,0.25,,5500.00,730.00,5.00,出厂价,101,2024-05-06 00:00:00,1,0,2024-07-16 20:56:14,0,2024-07-16 20:56:14,,,
2024-05-06,灵武市,水洗36块,6.00,24.50,0.25,,6800.00,880.00,5.00,出厂价,102,2024-05-06 00:00:00,1,0,2024-07-16 20:56:14,0,2024-07-16 20:56:14,,,
2024-04-30,灵武市,烟煤末,6.00,27.50,0.25,,5500.00,725.00,5.00,出厂价,103,2024-04-30 00:00:00,1,0,2024-07-16 20:56:14,0,2024-07-16 20:56:14,,,
2024-04-30,灵武市,水洗36块,6.00,24.50,0.25,,6800.00,875.00,10.00,出厂价,104,2024-04-30 00:00:00,1,0,2024-07-16 20:56:14,0,2024-07-16 20:56:14,,,
2024-04-29,灵武市,烟煤末,6.00,27.50,0.25,,5500.00,720.00,0.00,出厂价,105,2024-04-29 00:00:00,1,0,2024-07-16 20:56:14,0,2024-07-16 20:56:14,,,
2024-04-29,灵武市,水洗36块,6.00,24.50,0.25,,6800.00,865.00,0.00,出厂价,106,2024-04-29 00:00:00,1,0,2024-07-16 20:56:14,0,2024-07-16 20:56:14,,,
2024-04-28,灵武市,烟煤末,6.00,27.50,0.25,,5500.00,720.00,5.00,出厂价,107,2024-04-28 00:00:00,1,0,2024-07-16 20:56:14,0,2024-07-16 20:56:14,,,
2024-04-28,灵武市,水洗36块,6.00,24.50,0.25,,6800.00,865.00,0.00,出厂价,108,2024-04-28 00:00:00,1,0,2024-07-16 20:56:14,0,2024-07-16 20:56:14,,,
2024-04-26,灵武市,烟煤末,6.00,27.50,0.25,,5500.00,715.00,0.00,出厂价,109,2024-04-26 00:00:00,1,0,2024-07-16 20:56:14,0,2024-07-16 20:56:14,,,
2024-04-26,灵武市,水洗36块,6.00,24.50,0.25,,6800.00,865.00,0.00,出厂价,110,2024-04-26 00:00:00,1,0,2024-07-16 20:56:14,0,2024-07-16 20:56:14,,,
2024-04-25,灵武市,烟煤末,6.00,27.50,0.25,,5500.00,715.00,0.00,出厂价,111,2024-04-25 00:00:00,1,0,2024-07-16 20:56:14,0,2024-07-16 20:56:14,,,
2024-04-25,灵武市,水洗36块,6.00,24.50,0.25,,6800.00,865.00,5.00,出厂价,112,2024-04-25 00:00:00,1,0,2024-07-16 20:56:14,0,2024-07-16 20:56:14,,,
2024-04-24,灵武市,烟煤末,6.00,27.50,0.25,,5500.00,715.00,0.00,出厂价,113,2024-04-24 00:00:00,1,0,2024-07-16 20:56:14,0,2024-07-16 20:56:14,,,
2024-04-24,灵武市,水洗36块,6.00,24.50,0.25,,6800.00,860.00,0.00,出厂价,114,2024-04-24 00:00:00,1,0,2024-07-16 20:56:14,0,2024-07-16 20:56:14,,,
2024-04-23,灵武市,烟煤末,6.00,27.50,0.25,,5500.00,715.00,5.00,出厂价,115,2024-04-23 00:00:00,1,0,2024-07-16 20:56:14,0,2024-07-16 20:56:14,,,
2024-04-23,灵武市,水洗36块,6.00,24.50,0.25,,6800.00,860.00,5.00,出厂价,116,2024-04-23 00:00:00,1,0,2024-07-16 20:56:14,0,2024-07-16 20:56:14,,,
2024-04-22,灵武市,烟煤末,6.00,27.50,0.25,,5500.00,710.00,0.00,出厂价,117,2024-04-22 00:00:00,1,0,2024-07-16 20:56:14,0,2024-07-16 20:56:14,,,
2024-04-22,灵武市,水洗36块,6.00,24.50,0.25,,6800.00,855.00,0.00,出厂价,118,2024-04-22 00:00:00,1,0,2024-07-16 20:56:14,0,2024-07-16 20:56:14,,,
2024-04-19,灵武市,烟煤末,6.00,27.50,0.25,,5500.00,710.00,5.00,出厂价,119,2024-04-19 00:00:00,1,0,2024-07-16 20:56:14,0,2024-07-16 20:56:14,,,
2024-04-19,灵武市,水洗36块,6.00,24.50,0.25,,6800.00,855.00,5.00,出厂价,120,2024-04-19 00:00:00,1,0,2024-07-16 20:56:14,0,2024-07-16 20:56:14,,,
2024-04-18,灵武市,烟煤末,6.00,27.50,0.25,,5500.00,705.00,5.00,出厂价,121,2024-04-18 00:00:00,1,0,2024-07-16 20:56:17,0,2024-07-16 20:56:17,,,
2024-04-18,灵武市,水洗36块,6.00,24.50,0.25,,6800.00,850.00,5.00,出厂价,122,2024-04-18 00:00:00,1,0,2024-07-16 20:56:17,0,2024-07-16 20:56:17,,,
2024-04-17,灵武市,烟煤末,6.00,27.50,0.25,,5500.00,700.00,0.00,出厂价,123,2024-04-17 00:00:00,1,0,2024-07-16 20:56:17,0,2024-07-16 20:56:17,,,
2024-04-17,灵武市,水洗36块,6.00,24.50,0.25,,6800.00,845.00,5.00,出厂价,124,2024-04-17 00:00:00,1,0,2024-07-16 20:56:17,0,2024-07-16 20:56:17,,,
2024-04-16,灵武市,烟煤末,6.00,27.50,0.25,,5500.00,700.00,10.00,出厂价,125,2024-04-16 00:00:00,1,0,2024-07-16 20:56:17,0,2024-07-16 20:56:17,,,
2024-04-16,灵武市,水洗36块,6.00,24.50,0.25,,6800.00,840.00,5.00,出厂价,126,2024-04-16 00:00:00,1,0,2024-07-16 20:56:17,0,2024-07-16 20:56:17,,,
2024-04-15,灵武市,烟煤末,6.00,27.50,0.25,,5500.00,690.00,0.00,出厂价,127,2024-04-15 00:00:00,1,0,2024-07-16 20:56:17,0,2024-07-16 20:56:17,,,
2024-04-15,灵武市,水洗36块,6.00,24.50,0.25,,6800.00,835.00,0.00,出厂价,128,2024-04-15 00:00:00,1,0,2024-07-16 20:56:17,0,2024-07-16 20:56:17,,,
2024-04-12,灵武市,烟煤末,6.00,27.50,0.25,,5500.00,690.00,0.00,出厂价,129,2024-04-12 00:00:00,1,0,2024-07-16 20:56:17,0,2024-07-16 20:56:17,,,
2024-04-12,灵武市,水洗36块,6.00,24.50,0.25,,6800.00,835.00,0.00,出厂价,130,2024-04-12 00:00:00,1,0,2024-07-16 20:56:17,0,2024-07-16 20:56:17,,,
2024-04-11,灵武市,烟煤末,6.00,27.50,0.25,,5500.00,690.00,-5.00,出厂价,131,2024-04-11 00:00:00,1,0,2024-07-16 20:56:17,0,2024-07-16 20:56:17,,,
2024-04-11,灵武市,水洗36块,6.00,24.50,0.25,,6800.00,835.00,-5.00,出厂价,132,2024-04-11 00:00:00,1,0,2024-07-16 20:56:17,0,2024-07-16 20:56:17,,,
2024-04-10,灵武市,烟煤末,6.00,27.50,0.25,,5500.00,695.00,-5.00,出厂价,133,2024-04-10 00:00:00,1,0,2024-07-16 20:56:17,0,2024-07-16 20:56:17,,,
2024-04-10,灵武市,水洗36块,6.00,24.50,0.25,,6800.00,840.00,0.00,出厂价,134,2024-04-10 00:00:00,1,0,2024-07-16 20:56:17,0,2024-07-16 20:56:17,,,
2024-04-09,灵武市,烟煤末,6.00,27.50,0.25,,5500.00,700.00,-10.00,出厂价,135,2024-04-09 00:00:00,1,0,2024-07-16 20:56:17,0,2024-07-16 20:56:17,,,
2024-04-09,灵武市,水洗36块,6.00,24.50,0.25,,6800.00,840.00,0.00,出厂价,136,2024-04-09 00:00:00,1,0,2024-07-16 20:56:17,0,2024-07-16 20:56:17,,,
2024-04-08,灵武市,烟煤末,6.00,27.50,0.25,,5500.00,710.00,-10.00,出厂价,137,2024-04-08 00:00:00,1,0,2024-07-16 20:56:17,0,2024-07-16 20:56:17,,,
2024-04-08,灵武市,水洗36块,6.00,24.50,0.25,,6800.00,840.00,-10.00,出厂价,138,2024-04-08 00:00:00,1,0,2024-07-16 20:56:17,0,2024-07-16 20:56:17,,,
2024-04-07,灵武市,烟煤末,6.00,27.50,0.25,,5500.00,720.00,0.00,出厂价,139,2024-04-07 00:00:00,1,0,2024-07-16 20:56:17,0,2024-07-16 20:56:17,,,
2024-04-07,灵武市,水洗36块,6.00,24.50,0.25,,6800.00,850.00,0.00,出厂价,140,2024-04-07 00:00:00,1,0,2024-07-16 20:56:17,0,2024-07-16 20:56:17,,,
2024-04-03,灵武市,烟煤末,6.00,27.50,0.25,,5500.00,720.00,0.00,出厂价,141,2024-04-03 00:00:00,1,0,2024-07-16 20:56:17,0,2024-07-16 20:56:17,,,
2024-04-03,灵武市,水洗36块,6.00,24.50,0.25,,6800.00,850.00,0.00,出厂价,142,2024-04-03 00:00:00,1,0,2024-07-16 20:56:17,0,2024-07-16 20:56:17,,,
2024-04-02,灵武市,烟煤末,6.00,27.50,0.25,,5500.00,720.00,0.00,出厂价,143,2024-04-02 00:00:00,1,0,2024-07-16 20:56:17,0,2024-07-16 20:56:17,,,
2024-04-02,灵武市,水洗36块,6.00,24.50,0.25,,6800.00,850.00,0.00,出厂价,144,2024-04-02 00:00:00,1,0,2024-07-16 20:56:17,0,2024-07-16 20:56:17,,,
2024-04-01,灵武市,烟煤末,6.00,27.50,0.25,,5500.00,720.00,5.00,出厂价,145,2024-04-01 00:00:00,1,0,2024-07-16 20:56:17,0,2024-07-16 20:56:17,,,
2024-04-01,灵武市,水洗36块,6.00,24.50,0.25,,6800.00,850.00,0.00,出厂价,146,2024-04-01 00:00:00,1,0,2024-07-16 20:56:17,0,2024-07-16 20:56:17,,,
2024-03-29,灵武市,烟煤末,6.00,27.50,0.25,,5500.00,715.00,0.00,出厂价,147,2024-03-29 00:00:00,1,0,2024-07-16 20:56:17,0,2024-07-16 20:56:17,,,
2024-03-29,灵武市,水洗36块,6.00,24.50,0.25,,6800.00,850.00,0.00,出厂价,148,2024-03-29 00:00:00,1,0,2024-07-16 20:56:17,0,2024-07-16 20:56:17,,,
2024-03-28,灵武市,烟煤末,6.00,27.50,0.25,,5500.00,715.00,0.00,出厂价,149,2024-03-28 00:00:00,1,0,2024-07-16 20:56:17,0,2024-07-16 20:56:17,,,
2024-03-28,灵武市,水洗36块,6.00,24.50,0.25,,6800.00,850.00,0.00,出厂价,150,2024-03-28 00:00:00,1,0,2024-07-16 20:56:17,0,2024-07-16 20:56:17,,,
2024-03-27,灵武市,烟煤末,6.00,27.50,0.25,,5500.00,715.00,0.00,出厂价,151,2024-03-27 00:00:00,1,0,2024-07-16 20:56:19,0,2024-07-16 20:56:19,,,
2024-03-27,灵武市,水洗36块,6.00,24.50,0.25,,6800.00,850.00,-10.00,出厂价,152,2024-03-27 00:00:00,1,0,2024-07-16 20:56:19,0,2024-07-16 20:56:19,,,
2024-03-26,灵武市,烟煤末,6.00,27.50,0.25,,5500.00,715.00,0.00,出厂价,153,2024-03-26 00:00:00,1,0,2024-07-16 20:56:19,0,2024-07-16 20:56:19,,,
2024-03-26,灵武市,水洗36块,6.00,24.50,0.25,,6800.00,860.00,0.00,出厂价,154,2024-03-26 00:00:00,1,0,2024-07-16 20:56:19,0,2024-07-16 20:56:19,,,
2024-03-25,灵武市,烟煤末,6.00,27.50,0.25,,5500.00,715.00,0.00,出厂价,155,2024-03-25 00:00:00,1,0,2024-07-16 20:56:19,0,2024-07-16 20:56:19,,,
2024-03-25,灵武市,水洗36块,6.00,24.50,0.25,,6800.00,860.00,0.00,出厂价,156,2024-03-25 00:00:00,1,0,2024-07-16 20:56:19,0,2024-07-16 20:56:19,,,
2024-03-22,灵武市,烟煤末,6.00,27.50,0.25,,5500.00,715.00,-5.00,出厂价,157,2024-03-22 00:00:00,1,0,2024-07-16 20:56:19,0,2024-07-16 20:56:19,,,
2024-03-22,灵武市,水洗36块,6.00,24.50,0.25,,6800.00,860.00,-20.00,出厂价,158,2024-03-22 00:00:00,1,0,2024-07-16 20:56:19,0,2024-07-16 20:56:19,,,
2024-03-21,灵武市,烟煤末,6.00,27.50,0.25,,5500.00,720.00,-10.00,出厂价,159,2024-03-21 00:00:00,1,0,2024-07-16 20:56:19,0,2024-07-16 20:56:19,,,
2024-03-21,灵武市,水洗36块,6.00,24.50,0.25,,6800.00,880.00,-20.00,出厂价,160,2024-03-21 00:00:00,1,0,2024-07-16 20:56:19,0,2024-07-16 20:56:19,,,
2024-03-20,灵武市,烟煤末,6.00,27.50,0.25,,5500.00,730.00,-15.00,出厂价,161,2024-03-20 00:00:00,1,0,2024-07-16 20:56:19,0,2024-07-16 20:56:19,,,
2024-03-20,灵武市,水洗36块,6.00,24.50,0.25,,6800.00,900.00,-10.00,出厂价,162,2024-03-20 00:00:00,1,0,2024-07-16 20:56:19,0,2024-07-16 20:56:19,,,
2024-03-19,灵武市,烟煤末,6.00,27.50,0.25,,5500.00,745.00,-15.00,出厂价,163,2024-03-19 00:00:00,1,0,2024-07-16 20:56:19,0,2024-07-16 20:56:19,,,
2024-03-19,灵武市,水洗36块,6.00,24.50,0.25,,6800.00,910.00,-20.00,出厂价,164,2024-03-19 00:00:00,1,0,2024-07-16 20:56:19,0,2024-07-16 20:56:19,,,
2024-03-18,灵武市,烟煤末,6.00,27.50,0.25,,5500.00,760.00,-10.00,出厂价,165,2024-03-18 00:00:00,1,0,2024-07-16 20:56:19,0,2024-07-16 20:56:19,,,
2024-03-18,灵武市,水洗36块,6.00,24.50,0.25,,6800.00,930.00,-10.00,出厂价,166,2024-03-18 00:00:00,1,0,2024-07-16 20:56:19,0,2024-07-16 20:56:19,,,
2024-03-15,灵武市,烟煤末,6.00,27.50,0.25,,5500.00,770.00,-10.00,出厂价,167,2024-03-15 00:00:00,1,0,2024-07-16 20:56:19,0,2024-07-16 20:56:19,,,
2024-03-15,灵武市,水洗36块,6.00,24.50,0.25,,6800.00,940.00,-15.00,出厂价,168,2024-03-15 00:00:00,1,0,2024-07-16 20:56:19,0,2024-07-16 20:56:19,,,
2024-03-14,灵武市,烟煤末,6.00,27.50,0.25,,5500.00,780.00,-5.00,出厂价,169,2024-03-14 00:00:00,1,0,2024-07-16 20:56:19,0,2024-07-16 20:56:19,,,
2024-03-14,灵武市,水洗36块,6.00,24.50,0.25,,6800.00,955.00,-10.00,出厂价,170,2024-03-14 00:00:00,1,0,2024-07-16 20:56:19,0,2024-07-16 20:56:19,,,
2024-03-13,灵武市,烟煤末,6.00,27.50,0.25,,5500.00,785.00,-10.00,出厂价,171,2024-03-13 00:00:00,1,0,2024-07-16 20:56:19,0,2024-07-16 20:56:19,,,
2024-03-13,灵武市,水洗36块,6.00,24.50,0.25,,6800.00,965.00,-15.00,出厂价,172,2024-03-13 00:00:00,1,0,2024-07-16 20:56:19,0,2024-07-16 20:56:19,,,
2024-03-12,灵武市,烟煤末,6.00,27.50,0.25,,5500.00,795.00,-10.00,出厂价,173,2024-03-12 00:00:00,1,0,2024-07-16 20:56:19,0,2024-07-16 20:56:19,,,
2024-03-12,灵武市,水洗36块,6.00,24.50,0.25,,6800.00,980.00,-10.00,出厂价,174,2024-03-12 00:00:00,1,0,2024-07-16 20:56:19,0,2024-07-16 20:56:19,,,
2024-03-11,灵武市,烟煤末,6.00,27.50,0.25,,5500.00,805.00,0.00,出厂价,175,2024-03-11 00:00:00,1,0,2024-07-16 20:56:19,0,2024-07-16 20:56:19,,,
2024-03-11,灵武市,水洗36块,6.00,24.50,0.25,,6800.00,990.00,-5.00,出厂价,176,2024-03-11 00:00:00,1,0,2024-07-16 20:56:19,0,2024-07-16 20:56:19,,,
2024-03-08,灵武市,烟煤末,6.00,27.50,0.25,,5500.00,805.00,0.00,出厂价,177,2024-03-08 00:00:00,1,0,2024-07-16 20:56:19,0,2024-07-16 20:56:19,,,
2024-03-08,灵武市,水洗36块,6.00,24.50,0.25,,6800.00,995.00,0.00,出厂价,178,2024-03-08 00:00:00,1,0,2024-07-16 20:56:19,0,2024-07-16 20:56:19,,,
2024-03-07,灵武市,烟煤末,6.00,27.50,0.25,,5500.00,805.00,0.00,出厂价,179,2024-03-07 00:00:00,1,0,2024-07-16 20:56:19,0,2024-07-16 20:56:19,,,
2024-03-07,灵武市,水洗36块,6.00,24.50,0.25,,6800.00,995.00,0.00,出厂价,180,2024-03-07 00:00:00,1,0,2024-07-16 20:56:19,0,2024-07-16 20:56:19,,,
2024-03-06,灵武市,烟煤末,6.00,27.50,0.25,,5500.00,805.00,0.00,出厂价,181,2024-03-06 00:00:00,1,0,2024-07-16 20:56:22,0,2024-07-16 20:56:22,,,
2024-03-06,灵武市,水洗36块,6.00,24.50,0.25,,6800.00,995.00,0.00,出厂价,182,2024-03-06 00:00:00,1,0,2024-07-16 20:56:22,0,2024-07-16 20:56:22,,,
2024-03-05,灵武市,烟煤末,6.00,27.50,0.25,,5500.00,805.00,0.00,出厂价,183,2024-03-05 00:00:00,1,0,2024-07-16 20:56:22,0,2024-07-16 20:56:22,,,
2024-03-05,灵武市,水洗36块,6.00,24.50,0.25,,6800.00,995.00,0.00,出厂价,184,2024-03-05 00:00:00,1,0,2024-07-16 20:56:22,0,2024-07-16 20:56:22,,,
2024-03-04,灵武市,烟煤末,6.00,27.50,0.25,,5500.00,805.00,0.00,出厂价,185,2024-03-04 00:00:00,1,0,2024-07-16 20:56:22,0,2024-07-16 20:56:22,,,
2024-03-04,灵武市,水洗36块,6.00,24.50,0.25,,6800.00,995.00,0.00,出厂价,186,2024-03-04 00:00:00,1,0,2024-07-16 20:56:22,0,2024-07-16 20:56:22,,,
2024-03-01,灵武市,烟煤末,6.00,27.50,0.25,,5500.00,805.00,0.00,出厂价,187,2024-03-01 00:00:00,1,0,2024-07-16 20:56:22,0,2024-07-16 20:56:22,,,
2024-03-01,灵武市,水洗36块,6.00,24.50,0.25,,6800.00,995.00,0.00,出厂价,188,2024-03-01 00:00:00,1,0,2024-07-16 20:56:22,0,2024-07-16 20:56:22,,,
2024-02-29,灵武市,烟煤末,6.00,27.50,0.25,,5500.00,805.00,5.00,出厂价,189,2024-02-29 00:00:00,1,0,2024-07-16 20:56:22,0,2024-07-16 20:56:22,,,
2024-02-29,灵武市,水洗36块,6.00,24.50,0.25,,6800.00,995.00,0.00,出厂价,190,2024-02-29 00:00:00,1,0,2024-07-16 20:56:22,0,2024-07-16 20:56:22,,,
2024-02-28,灵武市,烟煤末,6.00,27.50,0.25,,5500.00,800.00,0.00,出厂价,191,2024-02-28 00:00:00,1,0,2024-07-16 20:56:22,0,2024-07-16 20:56:22,,,
2024-02-28,灵武市,水洗36块,6.00,24.50,0.25,,6800.00,995.00,-10.00,出厂价,192,2024-02-28 00:00:00,1,0,2024-07-16 20:56:22,0,2024-07-16 20:56:22,,,
2024-02-27,灵武市,烟煤末,6.00,27.50,0.25,,5500.00,800.00,0.00,出厂价,193,2024-02-27 00:00:00,1,0,2024-07-16 20:56:22,0,2024-07-16 20:56:22,,,
2024-02-27,灵武市,水洗36块,6.00,24.50,0.25,,6800.00,1005.00,0.00,出厂价,194,2024-02-27 00:00:00,1,0,2024-07-16 20:56:22,0,2024-07-16 20:56:22,,,
2024-02-26,灵武市,烟煤末,6.00,27.50,0.25,,5500.00,800.00,0.00,出厂价,195,2024-02-26 00:00:00,1,0,2024-07-16 20:56:22,0,2024-07-16 20:56:22,,,
2024-02-26,灵武市,水洗36块,6.00,24.50,0.25,,6800.00,1005.00,0.00,出厂价,196,2024-02-26 00:00:00,1,0,2024-07-16 20:56:22,0,2024-07-16 20:56:22,,,
2024-02-23,灵武市,烟煤末,6.00,27.50,0.25,,5500.00,800.00,0.00,出厂价,197,2024-02-23 00:00:00,1,0,2024-07-16 20:56:22,0,2024-07-16 20:56:22,,,
2024-02-23,灵武市,水洗36块,6.00,24.50,0.25,,6800.00,1005.00,0.00,出厂价,198,2024-02-23 00:00:00,1,0,2024-07-16 20:56:22,0,2024-07-16 20:56:22,,,
2024-02-22,灵武市,烟煤末,6.00,27.50,0.25,,5500.00,800.00,0.00,出厂价,199,2024-02-22 00:00:00,1,0,2024-07-16 20:56:22,0,2024-07-16 20:56:22,,,
2024-02-22,灵武市,水洗36块,6.00,24.50,0.25,,6800.00,1005.00,0.00,出厂价,200,2024-02-22 00:00:00,1,0,2024-07-16 20:56:22,0,2024-07-16 20:56:22,,,
2024-02-21,灵武市,烟煤末,6.00,27.50,0.25,,5500.00,800.00,5.00,出厂价,201,2024-02-21 00:00:00,1,0,2024-07-16 20:56:22,0,2024-07-16 20:56:22,,,
2024-02-21,灵武市,水洗36块,6.00,24.50,0.25,,6800.00,1005.00,0.00,出厂价,202,2024-02-21 00:00:00,1,0,2024-07-16 20:56:22,0,2024-07-16 20:56:22,,,
2024-02-20,灵武市,烟煤末,6.00,27.50,0.25,,5500.00,795.00,5.00,出厂价,203,2024-02-20 00:00:00,1,0,2024-07-16 20:56:22,0,2024-07-16 20:56:22,,,
2024-02-20,灵武市,水洗36块,6.00,24.50,0.25,,6800.00,1005.00,0.00,出厂价,204,2024-02-20 00:00:00,1,0,2024-07-16 20:56:22,0,2024-07-16 20:56:22,,,
2024-02-19,灵武市,烟煤末,6.00,27.50,0.25,,5500.00,790.00,0.00,出厂价,205,2024-02-19 00:00:00,1,0,2024-07-16 20:56:22,0,2024-07-16 20:56:22,,,
2024-02-19,灵武市,水洗36块,6.00,24.50,0.25,,6800.00,1005.00,0.00,出厂价,206,2024-02-19 00:00:00,1,0,2024-07-16 20:56:22,0,2024-07-16 20:56:22,,,
2024-02-18,灵武市,烟煤末,6.00,27.50,0.25,,5500.00,790.00,0.00,出厂价,207,2024-02-18 00:00:00,1,0,2024-07-16 20:56:22,0,2024-07-16 20:56:22,,,
2024-02-18,灵武市,水洗36块,6.00,24.50,0.25,,6800.00,1005.00,0.00,出厂价,208,2024-02-18 00:00:00,1,0,2024-07-16 20:56:22,0,2024-07-16 20:56:22,,,
2024-02-09,灵武市,烟煤末,6.00,27.50,0.25,,5500.00,790.00,0.00,出厂价,209,2024-02-09 00:00:00,1,0,2024-07-16 20:56:22,0,2024-07-16 20:56:22,,,
2024-02-09,灵武市,水洗36块,6.00,24.50,0.25,,6800.00,1005.00,0.00,出厂价,210,2024-02-09 00:00:00,1,0,2024-07-16 20:56:22,0,2024-07-16 20:56:22,,,
2024-02-08,灵武市,烟煤末,6.00,27.50,0.25,,5500.00,790.00,0.00,出厂价,211,2024-02-08 00:00:00,1,0,2024-07-16 20:56:25,0,2024-07-16 20:56:25,,,
2024-02-08,灵武市,水洗36块,6.00,24.50,0.25,,6800.00,1005.00,0.00,出厂价,212,2024-02-08 00:00:00,1,0,2024-07-16 20:56:25,0,2024-07-16 20:56:25,,,
2024-02-07,灵武市,烟煤末,6.00,27.50,0.25,,5500.00,790.00,0.00,出厂价,213,2024-02-07 00:00:00,1,0,2024-07-16 20:56:25,0,2024-07-16 20:56:25,,,
2024-02-07,灵武市,水洗36块,6.00,24.50,0.25,,6800.00,1005.00,0.00,出厂价,214,2024-02-07 00:00:00,1,0,2024-07-16 20:56:25,0,2024-07-16 20:56:25,,,
2024-02-06,灵武市,烟煤末,6.00,27.50,0.25,,5500.00,790.00,0.00,出厂价,215,2024-02-06 00:00:00,1,0,2024-07-16 20:56:25,0,2024-07-16 20:56:25,,,
2024-02-06,灵武市,水洗36块,6.00,24.50,0.25,,6800.00,1005.00,0.00,出厂价,216,2024-02-06 00:00:00,1,0,2024-07-16 20:56:25,0,2024-07-16 20:56:25,,,
2024-02-05,灵武市,烟煤末,6.00,27.50,0.25,,5500.00,790.00,0.00,出厂价,217,2024-02-05 00:00:00,1,0,2024-07-16 20:56:25,0,2024-07-16 20:56:25,,,
2024-02-05,灵武市,水洗36块,6.00,24.50,0.25,,6800.00,1005.00,0.00,出厂价,218,2024-02-05 00:00:00,1,0,2024-07-16 20:56:25,0,2024-07-16 20:56:25,,,
2024-02-04,灵武市,烟煤末,6.00,27.50,0.25,,5500.00,790.00,0.00,出厂价,219,2024-02-04 00:00:00,1,0,2024-07-16 20:56:25,0,2024-07-16 20:56:25,,,
2024-02-04,灵武市,水洗36块,6.00,24.50,0.25,,6800.00,1005.00,0.00,出厂价,220,2024-02-04 00:00:00,1,0,2024-07-16 20:56:25,0,2024-07-16 20:56:25,,,
2024-02-02,灵武市,烟煤末,6.00,27.50,0.25,,5500.00,790.00,0.00,出厂价,221,2024-02-02 00:00:00,1,0,2024-07-16 20:56:25,0,2024-07-16 20:56:25,,,
2024-02-02,灵武市,水洗36块,6.00,24.50,0.25,,6800.00,1005.00,0.00,出厂价,222,2024-02-02 00:00:00,1,0,2024-07-16 20:56:25,0,2024-07-16 20:56:25,,,
2024-02-01,灵武市,烟煤末,6.00,27.50,0.25,,5500.00,790.00,5.00,出厂价,223,2024-02-01 00:00:00,1,0,2024-07-16 20:56:25,0,2024-07-16 20:56:25,,,
2024-02-01,灵武市,水洗36块,6.00,24.50,0.25,,6800.00,1005.00,0.00,出厂价,224,2024-02-01 00:00:00,1,0,2024-07-16 20:56:25,0,2024-07-16 20:56:25,,,
2024-01-31,灵武市,烟煤末,6.00,27.50,0.25,,5500.00,785.00,0.00,出厂价,225,2024-01-31 00:00:00,1,0,2024-07-16 20:56:25,0,2024-07-16 20:56:25,,,
2024-01-31,灵武市,水洗36块,6.00,24.50,0.25,,6800.00,1005.00,0.00,出厂价,226,2024-01-31 00:00:00,1,0,2024-07-16 20:56:25,0,2024-07-16 20:56:25,,,
2024-01-30,灵武市,烟煤末,6.00,27.50,0.25,,5500.00,785.00,0.00,出厂价,227,2024-01-30 00:00:00,1,0,2024-07-16 20:56:25,0,2024-07-16 20:56:25,,,
2024-01-30,灵武市,水洗36块,6.00,24.50,0.25,,6800.00,1005.00,0.00,出厂价,228,2024-01-30 00:00:00,1,0,2024-07-16 20:56:25,0,2024-07-16 20:56:25,,,
2024-01-29,灵武市,烟煤末,6.00,27.50,0.25,,5500.00,785.00,0.00,出厂价,229,2024-01-29 00:00:00,1,0,2024-07-16 20:56:25,0,2024-07-16 20:56:25,,,
2024-01-29,灵武市,水洗36块,6.00,24.50,0.25,,6800.00,1005.00,0.00,出厂价,230,2024-01-29 00:00:00,1,0,2024-07-16 20:56:25,0,2024-07-16 20:56:25,,,
2024-01-26,灵武市,烟煤末,6.00,27.50,0.25,,5500.00,785.00,0.00,出厂价,231,2024-01-26 00:00:00,1,0,2024-07-16 20:56:25,0,2024-07-16 20:56:25,,,
2024-01-26,灵武市,水洗36块,6.00,24.50,0.25,,6800.00,1005.00,0.00,出厂价,232,2024-01-26 00:00:00,1,0,2024-07-16 20:56:25,0,2024-07-16 20:56:25,,,
2024-01-25,灵武市,烟煤末,6.00,27.50,0.25,,5500.00,785.00,0.00,出厂价,233,2024-01-25 00:00:00,1,0,2024-07-16 20:56:25,0,2024-07-16 20:56:25,,,
2024-01-25,灵武市,水洗36块,6.00,24.50,0.25,,6800.00,1005.00,0.00,出厂价,234,2024-01-25 00:00:00,1,0,2024-07-16 20:56:25,0,2024-07-16 20:56:25,,,
2024-01-24,灵武市,烟煤末,6.00,27.50,0.25,,5500.00,785.00,-5.00,出厂价,235,2024-01-24 00:00:00,1,0,2024-07-16 20:56:25,0,2024-07-16 20:56:25,,,
2024-01-24,灵武市,水洗36块,6.00,24.50,0.25,,6800.00,1005.00,0.00,出厂价,236,2024-01-24 00:00:00,1,0,2024-07-16 20:56:25,0,2024-07-16 20:56:25,,,
2024-01-23,灵武市,烟煤末,6.00,27.50,0.25,,5500.00,790.00,-5.00,出厂价,237,2024-01-23 00:00:00,1,0,2024-07-16 20:56:25,0,2024-07-16 20:56:25,,,
2024-01-23,灵武市,水洗36块,6.00,24.50,0.25,,6800.00,1005.00,0.00,出厂价,238,2024-01-23 00:00:00,1,0,2024-07-16 20:56:25,0,2024-07-16 20:56:25,,,
2024-01-22,灵武市,烟煤末,6.00,27.50,0.25,,5500.00,795.00,0.00,出厂价,239,2024-01-22 00:00:00,1,0,2024-07-16 20:56:25,0,2024-07-16 20:56:25,,,
2024-01-22,灵武市,水洗36块,6.00,24.50,0.25,,6800.00,1005.00,-5.00,出厂价,240,2024-01-22 00:00:00,1,0,2024-07-16 20:56:25,0,2024-07-16 20:56:25,,,
2024-01-19,灵武市,烟煤末,6.00,27.50,0.25,,5500.00,795.00,0.00,出厂价,241,2024-01-19 00:00:00,1,0,2024-07-16 20:56:29,0,2024-07-16 20:56:29,,,
2024-01-19,灵武市,水洗36块,6.00,24.50,0.25,,6800.00,1010.00,0.00,出厂价,242,2024-01-19 00:00:00,1,0,2024-07-16 20:56:29,0,2024-07-16 20:56:29,,,
2024-01-18,灵武市,烟煤末,6.00,27.50,0.25,,5500.00,795.00,0.00,出厂价,243,2024-01-18 00:00:00,1,0,2024-07-16 20:56:29,0,2024-07-16 20:56:29,,,
2024-01-18,灵武市,水洗36块,6.00,24.50,0.25,,6800.00,1010.00,0.00,出厂价,244,2024-01-18 00:00:00,1,0,2024-07-16 20:56:29,0,2024-07-16 20:56:29,,,
2024-01-17,灵武市,烟煤末,6.00,27.50,0.25,,5500.00,795.00,0.00,出厂价,245,2024-01-17 00:00:00,1,0,2024-07-16 20:56:29,0,2024-07-16 20:56:29,,,
2024-01-17,灵武市,水洗36块,6.00,24.50,0.25,,6800.00,1010.00,0.00,出厂价,246,2024-01-17 00:00:00,1,0,2024-07-16 20:56:29,0,2024-07-16 20:56:29,,,
2024-01-16,灵武市,烟煤末,6.00,27.50,0.25,,5500.00,795.00,-5.00,出厂价,247,2024-01-16 00:00:00,1,0,2024-07-16 20:56:29,0,2024-07-16 20:56:29,,,
2024-01-16,灵武市,水洗36块,6.00,24.50,0.25,,6800.00,1010.00,0.00,出厂价,248,2024-01-16 00:00:00,1,0,2024-07-16 20:56:29,0,2024-07-16 20:56:29,,,
2024-01-15,灵武市,烟煤末,6.00,27.50,0.25,,5500.00,800.00,0.00,出厂价,249,2024-01-15 00:00:00,1,0,2024-07-16 20:56:29,0,2024-07-16 20:56:29,,,
2024-01-15,灵武市,水洗36块,6.00,24.50,0.25,,6800.00,1010.00,0.00,出厂价,250,2024-01-15 00:00:00,1,0,2024-07-16 20:56:29,0,2024-07-16 20:56:29,,,
2024-01-12,灵武市,烟煤末,6.00,27.50,0.25,,5500.00,800.00,-5.00,出厂价,251,2024-01-12 00:00:00,1,0,2024-07-16 20:56:29,0,2024-07-16 20:56:29,,,
2024-01-12,灵武市,水洗36块,6.00,24.50,0.25,,6800.00,1010.00,0.00,出厂价,252,2024-01-12 00:00:00,1,0,2024-07-16 20:56:29,0,2024-07-16 20:56:29,,,
2024-01-11,灵武市,烟煤末,6.00,27.50,0.25,,5500.00,805.00,-5.00,出厂价,253,2024-01-11 00:00:00,1,0,2024-07-16 20:56:29,0,2024-07-16 20:56:29,,,
2024-01-11,灵武市,水洗36块,6.00,24.50,0.25,,6800.00,1010.00,0.00,出厂价,254,2024-01-11 00:00:00,1,0,2024-07-16 20:56:29,0,2024-07-16 20:56:29,,,
2024-01-10,灵武市,烟煤末,6.00,27.50,0.25,,5500.00,810.00,0.00,出厂价,255,2024-01-10 00:00:00,1,0,2024-07-16 20:56:29,0,2024-07-16 20:56:29,,,
2024-01-10,灵武市,水洗36块,6.00,24.50,0.25,,6800.00,1010.00,0.00,出厂价,256,2024-01-10 00:00:00,1,0,2024-07-16 20:56:29,0,2024-07-16 20:56:29,,,
2024-01-09,灵武市,烟煤末,6.00,27.50,0.25,,5500.00,810.00,0.00,出厂价,257,2024-01-09 00:00:00,1,0,2024-07-16 20:56:29,0,2024-07-16 20:56:29,,,
2024-01-09,灵武市,水洗36块,6.00,24.50,0.25,,6800.00,1010.00,0.00,出厂价,258,2024-01-09 00:00:00,1,0,2024-07-16 20:56:29,0,2024-07-16 20:56:29,,,
2024-01-08,灵武市,烟煤末,6.00,27.50,0.25,,5500.00,810.00,0.00,出厂价,259,2024-01-08 00:00:00,1,0,2024-07-16 20:56:29,0,2024-07-16 20:56:29,,,
2024-01-08,灵武市,水洗36块,6.00,24.50,0.25,,6800.00,1010.00,0.00,出厂价,260,2024-01-08 00:00:00,1,0,2024-07-16 20:56:29,0,2024-07-16 20:56:29,,,
2024-01-05,灵武市,烟煤末,6.00,27.50,0.25,,5500.00,810.00,0.00,出厂价,261,2024-01-05 00:00:00,1,0,2024-07-16 20:56:29,0,2024-07-16 20:56:29,,,
2024-01-05,灵武市,水洗36块,6.00,24.50,0.25,,6800.00,1010.00,0.00,出厂价,262,2024-01-05 00:00:00,1,0,2024-07-16 20:56:29,0,2024-07-16 20:56:29,,,
2024-01-04,灵武市,烟煤末,6.00,27.50,0.25,,5500.00,810.00,-5.00,出厂价,263,2024-01-04 00:00:00,1,0,2024-07-16 20:56:29,0,2024-07-16 20:56:29,,,
2024-01-04,灵武市,水洗36块,6.00,24.50,0.25,,6800.00,1010.00,0.00,出厂价,264,2024-01-04 00:00:00,1,0,2024-07-16 20:56:29,0,2024-07-16 20:56:29,,,
2024-01-03,灵武市,烟煤末,6.00,27.50,0.25,,5500.00,815.00,0.00,出厂价,265,2024-01-03 00:00:00,1,0,2024-07-16 20:56:29,0,2024-07-16 20:56:29,,,
2024-01-03,灵武市,水洗36块,6.00,24.50,0.25,,6800.00,1010.00,0.00,出厂价,266,2024-01-03 00:00:00,1,0,2024-07-16 20:56:29,0,2024-07-16 20:56:29,,,
2024-01-02,灵武市,烟煤末,6.00,27.50,0.25,,5500.00,815.00,-5.00,出厂价,267,2024-01-02 00:00:00,1,0,2024-07-16 20:56:29,0,2024-07-16 20:56:29,,,
2024-01-02,灵武市,水洗36块,6.00,24.50,0.25,,6800.00,1010.00,0.00,出厂价,268,2024-01-02 00:00:00,1,0,2024-07-16 20:56:29,0,2024-07-16 20:56:29,,,
2023-12-29,灵武市,烟煤末,6.00,27.50,0.25,,5500.00,820.00,0.00,出厂价,269,2023-12-29 00:00:00,1,0,2024-07-16 20:56:29,0,2024-07-16 20:56:29,,,
2023-12-29,灵武市,水洗36块,6.00,24.50,0.25,,6800.00,1010.00,0.00,出厂价,270,2023-12-29 00:00:00,1,0,2024-07-16 20:56:29,0,2024-07-16 20:56:29,,,
2023-12-28,灵武市,烟煤末,6.00,27.50,0.25,,5500.00,820.00,0.00,出厂价,271,2023-12-28 00:00:00,1,0,2024-07-16 20:56:33,0,2024-07-16 20:56:33,,,
2023-12-28,灵武市,水洗36块,6.00,24.50,0.25,,6800.00,1010.00,0.00,出厂价,272,2023-12-28 00:00:00,1,0,2024-07-16 20:56:33,0,2024-07-16 20:56:33,,,
2023-12-27,灵武市,烟煤末,6.00,27.50,0.25,,5500.00,820.00,0.00,出厂价,273,2023-12-27 00:00:00,1,0,2024-07-16 20:56:33,0,2024-07-16 20:56:33,,,
2023-12-27,灵武市,水洗36块,6.00,24.50,0.25,,6800.00,1010.00,0.00,出厂价,274,2023-12-27 00:00:00,1,0,2024-07-16 20:56:33,0,2024-07-16 20:56:33,,,
2023-12-26,灵武市,烟煤末,6.00,27.50,0.25,,5500.00,820.00,0.00,出厂价,275,2023-12-26 00:00:00,1,0,2024-07-16 20:56:33,0,2024-07-16 20:56:33,,,
2023-12-26,灵武市,水洗36块,6.00,24.50,0.25,,6800.00,1010.00,0.00,出厂价,276,2023-12-26 00:00:00,1,0,2024-07-16 20:56:33,0,2024-07-16 20:56:33,,,
2023-12-25,灵武市,烟煤末,6.00,27.50,0.25,,5500.00,820.00,0.00,出厂价,277,2023-12-25 00:00:00,1,0,2024-07-16 20:56:33,0,2024-07-16 20:56:33,,,
2023-12-25,灵武市,水洗36块,6.00,24.50,0.25,,6800.00,1010.00,-5.00,出厂价,278,2023-12-25 00:00:00,1,0,2024-07-16 20:56:33,0,2024-07-16 20:56:33,,,
2023-12-22,灵武市,烟煤末,6.00,27.50,0.25,,5500.00,820.00,-10.00,出厂价,279,2023-12-22 00:00:00,1,0,2024-07-16 20:56:33,0,2024-07-16 20:56:33,,,
2023-12-22,灵武市,水洗36块,6.00,24.50,0.25,,6800.00,1015.00,0.00,出厂价,280,2023-12-22 00:00:00,1,0,2024-07-16 20:56:33,0,2024-07-16 20:56:33,,,
2023-12-21,灵武市,烟煤末,6.00,27.50,0.25,,5500.00,830.00,0.00,出厂价,281,2023-12-21 00:00:00,1,0,2024-07-16 20:56:33,0,2024-07-16 20:56:33,,,
2023-12-21,灵武市,水洗36块,6.00,24.50,0.25,,6800.00,1015.00,0.00,出厂价,282,2023-12-21 00:00:00,1,0,2024-07-16 20:56:33,0,2024-07-16 20:56:33,,,
2023-12-20,灵武市,烟煤末,6.00,27.50,0.25,,5500.00,830.00,0.00,出厂价,283,2023-12-20 00:00:00,1,0,2024-07-16 20:56:33,0,2024-07-16 20:56:33,,,
2023-12-20,灵武市,水洗36块,6.00,24.50,0.25,,6800.00,1015.00,0.00,出厂价,284,2023-12-20 00:00:00,1,0,2024-07-16 20:56:33,0,2024-07-16 20:56:33,,,
2023-12-19,灵武市,烟煤末,6.00,27.50,0.25,,5500.00,830.00,0.00,出厂价,285,2023-12-19 00:00:00,1,0,2024-07-16 20:56:33,0,2024-07-16 20:56:33,,,
2023-12-19,灵武市,水洗36块,6.00,24.50,0.25,,6800.00,1015.00,-15.00,出厂价,286,2023-12-19 00:00:00,1,0,2024-07-16 20:56:33,0,2024-07-16 20:56:33,,,
2023-12-18,灵武市,烟煤末,6.00,27.50,0.25,,5500.00,830.00,0.00,出厂价,287,2023-12-18 00:00:00,1,0,2024-07-16 20:56:33,0,2024-07-16 20:56:33,,,
2023-12-18,灵武市,水洗36块,6.00,24.50,0.25,,6800.00,1030.00,0.00,出厂价,288,2023-12-18 00:00:00,1,0,2024-07-16 20:56:33,0,2024-07-16 20:56:33,,,
2023-12-15,灵武市,烟煤末,6.00,27.50,0.25,,5500.00,830.00,0.00,出厂价,289,2023-12-15 00:00:00,1,0,2024-07-16 20:56:33,0,2024-07-16 20:56:33,,,
2023-12-15,灵武市,水洗36块,6.00,24.50,0.25,,6800.00,1030.00,0.00,出厂价,290,2023-12-15 00:00:00,1,0,2024-07-16 20:56:33,0,2024-07-16 20:56:33,,,
2023-12-14,灵武市,烟煤末,6.00,27.50,0.25,,5500.00,830.00,5.00,出厂价,291,2023-12-14 00:00:00,1,0,2024-07-16 20:56:33,0,2024-07-16 20:56:33,,,
2023-12-14,灵武市,水洗36块,6.00,24.50,0.25,,6800.00,1030.00,0.00,出厂价,292,2023-12-14 00:00:00,1,0,2024-07-16 20:56:33,0,2024-07-16 20:56:33,,,
2023-12-13,灵武市,烟煤末,6.00,27.50,0.25,,5500.00,825.00,0.00,出厂价,293,2023-12-13 00:00:00,1,0,2024-07-16 20:56:33,0,2024-07-16 20:56:33,,,
2023-12-13,灵武市,水洗36块,6.00,24.50,0.25,,6800.00,1030.00,0.00,出厂价,294,2023-12-13 00:00:00,1,0,2024-07-16 20:56:33,0,2024-07-16 20:56:33,,,
2023-12-12,灵武市,烟煤末,6.00,27.50,0.25,,5500.00,825.00,0.00,出厂价,295,2023-12-12 00:00:00,1,0,2024-07-16 20:56:33,0,2024-07-16 20:56:33,,,
2023-12-12,灵武市,水洗36块,6.00,24.50,0.25,,6800.00,1030.00,0.00,出厂价,296,2023-12-12 00:00:00,1,0,2024-07-16 20:56:33,0,2024-07-16 20:56:33,,,
2023-12-11,灵武市,烟煤末,6.00,27.50,0.25,,5500.00,825.00,0.00,出厂价,297,2023-12-11 00:00:00,1,0,2024-07-16 20:56:33,0,2024-07-16 20:56:33,,,
2023-12-11,灵武市,水洗36块,6.00,24.50,0.25,,6800.00,1030.00,0.00,出厂价,298,2023-12-11 00:00:00,1,0,2024-07-16 20:56:33,0,2024-07-16 20:56:33,,,
2023-12-08,灵武市,烟煤末,6.00,27.50,0.25,,5500.00,825.00,0.00,出厂价,299,2023-12-08 00:00:00,1,0,2024-07-16 20:56:33,0,2024-07-16 20:56:33,,,
2023-12-08,灵武市,水洗36块,6.00,24.50,0.25,,6800.00,1030.00,0.00,出厂价,300,2023-12-08 00:00:00,1,0,2024-07-16 20:56:33,0,2024-07-16 20:56:33,,,
2023-12-07,灵武市,烟煤末,6.00,27.50,0.25,,5500.00,825.00,0.00,出厂价,301,2023-12-07 00:00:00,1,0,2024-07-16 20:56:36,0,2024-07-16 20:56:36,,,
2023-12-07,灵武市,水洗36块,6.00,24.50,0.25,,6800.00,1030.00,0.00,出厂价,302,2023-12-07 00:00:00,1,0,2024-07-16 20:56:36,0,2024-07-16 20:56:36,,,
2023-12-06,灵武市,烟煤末,6.00,27.50,0.25,,5500.00,825.00,0.00,出厂价,303,2023-12-06 00:00:00,1,0,2024-07-16 20:56:36,0,2024-07-16 20:56:36,,,
2023-12-06,灵武市,水洗36块,6.00,24.50,0.25,,6800.00,1030.00,0.00,出厂价,304,2023-12-06 00:00:00,1,0,2024-07-16 20:56:36,0,2024-07-16 20:56:36,,,
2023-12-05,灵武市,烟煤末,6.00,27.50,0.25,,5500.00,825.00,-5.00,出厂价,305,2023-12-05 00:00:00,1,0,2024-07-16 20:56:36,0,2024-07-16 20:56:36,,,
2023-12-05,灵武市,水洗36块,6.00,24.50,0.25,,6800.00,1030.00,0.00,出厂价,306,2023-12-05 00:00:00,1,0,2024-07-16 20:56:36,0,2024-07-16 20:56:36,,,
2023-12-04,灵武市,烟煤末,6.00,27.50,0.25,,5500.00,830.00,-10.00,出厂价,307,2023-12-04 00:00:00,1,0,2024-07-16 20:56:36,0,2024-07-16 20:56:36,,,
2023-12-04,灵武市,水洗36块,6.00,24.50,0.25,,6800.00,1030.00,-5.00,出厂价,308,2023-12-04 00:00:00,1,0,2024-07-16 20:56:36,0,2024-07-16 20:56:36,,,
2023-12-01,灵武市,烟煤末,6.00,27.50,0.25,,5500.00,840.00,0.00,出厂价,309,2023-12-01 00:00:00,1,0,2024-07-16 20:56:36,0,2024-07-16 20:56:36,,,
2023-12-01,灵武市,水洗36块,6.00,24.50,0.25,,6800.00,1035.00,0.00,出厂价,310,2023-12-01 00:00:00,1,0,2024-07-16 20:56:36,0,2024-07-16 20:56:36,,,
2023-11-30,灵武市,烟煤末,6.00,27.50,0.25,,5500.00,840.00,-5.00,出厂价,311,2023-11-30 00:00:00,1,0,2024-07-16 20:56:36,0,2024-07-16 20:56:36,,,
2023-11-30,灵武市,水洗36块,6.00,24.50,0.25,,6800.00,1035.00,0.00,出厂价,312,2023-11-30 00:00:00,1,0,2024-07-16 20:56:36,0,2024-07-16 20:56:36,,,
2023-11-29,灵武市,烟煤末,6.00,27.50,0.25,,5500.00,845.00,0.00,出厂价,313,2023-11-29 00:00:00,1,0,2024-07-16 20:56:36,0,2024-07-16 20:56:36,,,
2023-11-29,灵武市,水洗36块,6.00,24.50,0.25,,6800.00,1035.00,-5.00,出厂价,314,2023-11-29 00:00:00,1,0,2024-07-16 20:56:36,0,2024-07-16 20:56:36,,,
2023-11-28,灵武市,烟煤末,6.00,27.50,0.25,,5500.00,845.00,0.00,出厂价,315,2023-11-28 00:00:00,1,0,2024-07-16 20:56:36,0,2024-07-16 20:56:36,,,
2023-11-28,灵武市,水洗36块,6.00,24.50,0.25,,6800.00,1040.00,0.00,出厂价,316,2023-11-28 00:00:00,1,0,2024-07-16 20:56:36,0,2024-07-16 20:56:36,,,
2023-11-27,灵武市,烟煤末,6.00,27.50,0.25,,5500.00,845.00,0.00,出厂价,317,2023-11-27 00:00:00,1,0,2024-07-16 20:56:36,0,2024-07-16 20:56:36,,,
2023-11-27,灵武市,水洗36块,6.00,24.50,0.25,,6800.00,1040.00,0.00,出厂价,318,2023-11-27 00:00:00,1,0,2024-07-16 20:56:36,0,2024-07-16 20:56:36,,,
2023-11-24,灵武市,烟煤末,6.00,27.50,0.25,,5500.00,845.00,0.00,出厂价,319,2023-11-24 00:00:00,1,0,2024-07-16 20:56:36,0,2024-07-16 20:56:36,,,
2023-11-24,灵武市,水洗36块,6.00,24.50,0.25,,6800.00,1040.00,0.00,出厂价,320,2023-11-24 00:00:00,1,0,2024-07-16 20:56:36,0,2024-07-16 20:56:36,,,
2023-11-23,灵武市,烟煤末,6.00,27.50,0.25,,5500.00,845.00,0.00,出厂价,321,2023-11-23 00:00:00,1,0,2024-07-16 20:56:36,0,2024-07-16 20:56:36,,,
2023-11-23,灵武市,水洗36块,6.00,24.50,0.25,,6800.00,1040.00,0.00,出厂价,322,2023-11-23 00:00:00,1,0,2024-07-16 20:56:36,0,2024-07-16 20:56:36,,,
2023-11-22,灵武市,烟煤末,6.00,27.50,0.25,,5500.00,845.00,-5.00,出厂价,323,2023-11-22 00:00:00,1,0,2024-07-16 20:56:36,0,2024-07-16 20:56:36,,,
2023-11-22,灵武市,水洗36块,6.00,24.50,0.25,,6800.00,1040.00,0.00,出厂价,324,2023-11-22 00:00:00,1,0,2024-07-16 20:56:36,0,2024-07-16 20:56:36,,,
2023-11-21,灵武市,烟煤末,6.00,27.50,0.25,,5500.00,850.00,-10.00,出厂价,325,2023-11-21 00:00:00,1,0,2024-07-16 20:56:36,0,2024-07-16 20:56:36,,,
2023-11-21,灵武市,水洗36块,6.00,24.50,0.25,,6800.00,1040.00,0.00,出厂价,326,2023-11-21 00:00:00,1,0,2024-07-16 20:56:36,0,2024-07-16 20:56:36,,,
2023-11-20,灵武市,烟煤末,6.00,27.50,0.25,,5500.00,860.00,-5.00,出厂价,327,2023-11-20 00:00:00,1,0,2024-07-16 20:56:36,0,2024-07-16 20:56:36,,,
2023-11-20,灵武市,水洗36块,6.00,24.50,0.25,,6800.00,1040.00,0.00,出厂价,328,2023-11-20 00:00:00,1,0,2024-07-16 20:56:36,0,2024-07-16 20:56:36,,,
2023-11-17,灵武市,烟煤末,6.00,27.50,0.25,,5500.00,865.00,0.00,出厂价,329,2023-11-17 00:00:00,1,0,2024-07-16 20:56:36,0,2024-07-16 20:56:36,,,
2023-11-17,灵武市,水洗36块,6.00,24.50,0.25,,6800.00,1040.00,0.00,出厂价,330,2023-11-17 00:00:00,1,0,2024-07-16 20:56:36,0,2024-07-16 20:56:36,,,
2023-11-16,灵武市,烟煤末,6.00,27.50,0.25,,5500.00,865.00,0.00,出厂价,331,2023-11-16 00:00:00,1,0,2024-07-16 20:56:39,0,2024-07-16 20:56:39,,,
2023-11-16,灵武市,水洗36块,6.00,24.50,0.25,,6800.00,1040.00,0.00,出厂价,332,2023-11-16 00:00:00,1,0,2024-07-16 20:56:39,0,2024-07-16 20:56:39,,,
2023-11-15,灵武市,烟煤末,6.00,27.50,0.25,,5500.00,865.00,15.00,出厂价,333,2023-11-15 00:00:00,1,0,2024-07-16 20:56:39,0,2024-07-16 20:56:39,,,
2023-11-15,灵武市,水洗36块,6.00,24.50,0.25,,6800.00,1040.00,0.00,出厂价,334,2023-11-15 00:00:00,1,0,2024-07-16 20:56:39,0,2024-07-16 20:56:39,,,
2023-11-14,灵武市,烟煤末,6.00,27.50,0.25,,5500.00,850.00,10.00,出厂价,335,2023-11-14 00:00:00,1,0,2024-07-16 20:56:39,0,2024-07-16 20:56:39,,,
2023-11-14,灵武市,水洗36块,6.00,24.50,0.25,,6800.00,1040.00,10.00,出厂价,336,2023-11-14 00:00:00,1,0,2024-07-16 20:56:39,0,2024-07-16 20:56:39,,,
2023-11-13,灵武市,烟煤末,6.00,27.50,0.25,,5500.00,840.00,10.00,出厂价,337,2023-11-13 00:00:00,1,0,2024-07-16 20:56:39,0,2024-07-16 20:56:39,,,
2023-11-13,灵武市,水洗36块,6.00,24.50,0.25,,6800.00,1030.00,0.00,出厂价,338,2023-11-13 00:00:00,1,0,2024-07-16 20:56:39,0,2024-07-16 20:56:39,,,
2023-11-10,灵武市,烟煤末,6.00,27.50,0.25,,5500.00,830.00,5.00,出厂价,339,2023-11-10 00:00:00,1,0,2024-07-16 20:56:39,0,2024-07-16 20:56:39,,,
2023-11-10,灵武市,水洗36块,6.00,24.50,0.25,,6800.00,1030.00,5.00,出厂价,340,2023-11-10 00:00:00,1,0,2024-07-16 20:56:39,0,2024-07-16 20:56:39,,,
2023-11-09,灵武市,烟煤末,6.00,27.50,0.25,,5500.00,825.00,0.00,出厂价,341,2023-11-09 00:00:00,1,0,2024-07-16 20:56:39,0,2024-07-16 20:56:39,,,
2023-11-09,灵武市,水洗36块,6.00,24.50,0.25,,6800.00,1025.00,0.00,出厂价,342,2023-11-09 00:00:00,1,0,2024-07-16 20:56:39,0,2024-07-16 20:56:39,,,
2023-11-08,灵武市,烟煤末,6.00,27.50,0.25,,5500.00,825.00,0.00,出厂价,343,2023-11-08 00:00:00,1,0,2024-07-16 20:56:39,0,2024-07-16 20:56:39,,,
2023-11-08,灵武市,水洗36块,6.00,24.50,0.25,,6800.00,1025.00,-5.00,出厂价,344,2023-11-08 00:00:00,1,0,2024-07-16 20:56:39,0,2024-07-16 20:56:39,,,
2023-11-07,灵武市,烟煤末,6.00,27.50,0.25,,5500.00,825.00,-20.00,出厂价,345,2023-11-07 00:00:00,1,0,2024-07-16 20:56:39,0,2024-07-16 20:56:39,,,
2023-11-07,灵武市,水洗36块,6.00,24.50,0.25,,6800.00,1030.00,-20.00,出厂价,346,2023-11-07 00:00:00,1,0,2024-07-16 20:56:39,0,2024-07-16 20:56:39,,,
2023-11-06,灵武市,烟煤末,6.00,27.50,0.25,,5500.00,845.00,-10.00,出厂价,347,2023-11-06 00:00:00,1,0,2024-07-16 20:56:39,0,2024-07-16 20:56:39,,,
2023-11-06,灵武市,水洗36块,6.00,24.50,0.25,,6800.00,1050.00,0.00,出厂价,348,2023-11-06 00:00:00,1,0,2024-07-16 20:56:39,0,2024-07-16 20:56:39,,,
2023-11-03,灵武市,烟煤末,6.00,27.50,0.25,,5500.00,855.00,-10.00,出厂价,349,2023-11-03 00:00:00,1,0,2024-07-16 20:56:39,0,2024-07-16 20:56:39,,,
2023-11-03,灵武市,水洗36块,6.00,24.50,0.25,,6800.00,1050.00,-5.00,出厂价,350,2023-11-03 00:00:00,1,0,2024-07-16 20:56:39,0,2024-07-16 20:56:39,,,
2023-11-02,灵武市,烟煤末,6.00,27.50,0.25,,5500.00,865.00,-15.00,出厂价,351,2023-11-02 00:00:00,1,0,2024-07-16 20:56:39,0,2024-07-16 20:56:39,,,
2023-11-02,灵武市,水洗36块,6.00,24.50,0.25,,6800.00,1055.00,-20.00,出厂价,352,2023-11-02 00:00:00,1,0,2024-07-16 20:56:39,0,2024-07-16 20:56:39,,,
2023-11-01,灵武市,烟煤末,6.00,27.50,0.25,,5500.00,880.00,0.00,出厂价,353,2023-11-01 00:00:00,1,0,2024-07-16 20:56:39,0,2024-07-16 20:56:39,,,
2023-11-01,灵武市,水洗36块,6.00,24.50,0.25,,6800.00,1075.00,0.00,出厂价,354,2023-11-01 00:00:00,1,0,2024-07-16 20:56:39,0,2024-07-16 20:56:39,,,
2023-10-31,灵武市,烟煤末,6.00,27.50,0.25,,5500.00,880.00,-10.00,出厂价,355,2023-10-31 00:00:00,1,0,2024-07-16 20:56:39,0,2024-07-16 20:56:39,,,
2023-10-31,灵武市,水洗36块,6.00,24.50,0.25,,6800.00,1075.00,-10.00,出厂价,356,2023-10-31 00:00:00,1,0,2024-07-16 20:56:39,0,2024-07-16 20:56:39,,,
2023-10-30,灵武市,烟煤末,6.00,27.50,0.25,,5500.00,890.00,-5.00,出厂价,357,2023-10-30 00:00:00,1,0,2024-07-16 20:56:39,0,2024-07-16 20:56:39,,,
2023-10-30,灵武市,水洗36块,6.00,24.50,0.25,,6800.00,1085.00,-5.00,出厂价,358,2023-10-30 00:00:00,1,0,2024-07-16 20:56:39,0,2024-07-16 20:56:39,,,
2023-10-27,灵武市,烟煤末,6.00,27.50,0.25,,5500.00,895.00,-10.00,出厂价,359,2023-10-27 00:00:00,1,0,2024-07-16 20:56:39,0,2024-07-16 20:56:39,,,
2023-10-27,灵武市,水洗36块,6.00,24.50,0.25,,6800.00,1090.00,-5.00,出厂价,360,2023-10-27 00:00:00,1,0,2024-07-16 20:56:39,0,2024-07-16 20:56:39,,,
2023-10-26,灵武市,烟煤末,6.00,27.50,0.25,,5500.00,905.00,0.00,出厂价,361,2023-10-26 00:00:00,1,0,2024-07-16 20:56:43,0,2024-07-16 20:56:43,,,
2023-10-26,灵武市,水洗36块,6.00,24.50,0.25,,6800.00,1095.00,-15.00,出厂价,362,2023-10-26 00:00:00,1,0,2024-07-16 20:56:43,0,2024-07-16 20:56:43,,,
2023-10-25,灵武市,烟煤末,6.00,27.50,0.25,,5500.00,905.00,-5.00,出厂价,363,2023-10-25 00:00:00,1,0,2024-07-16 20:56:43,0,2024-07-16 20:56:43,,,
2023-10-25,灵武市,水洗36块,6.00,24.50,0.25,,6800.00,1110.00,0.00,出厂价,364,2023-10-25 00:00:00,1,0,2024-07-16 20:56:43,0,2024-07-16 20:56:43,,,
2023-10-24,灵武市,烟煤末,6.00,27.50,0.25,,5500.00,910.00,0.00,出厂价,365,2023-10-24 00:00:00,1,0,2024-07-16 20:56:43,0,2024-07-16 20:56:43,,,
2023-10-24,灵武市,水洗36块,6.00,24.50,0.25,,6800.00,1110.00,0.00,出厂价,366,2023-10-24 00:00:00,1,0,2024-07-16 20:56:43,0,2024-07-16 20:56:43,,,
2023-10-23,灵武市,烟煤末,6.00,27.50,0.25,,5500.00,910.00,0.00,出厂价,367,2023-10-23 00:00:00,1,0,2024-07-16 20:56:43,0,2024-07-16 20:56:43,,,
2023-10-23,灵武市,水洗36块,6.00,24.50,0.25,,6800.00,1110.00,0.00,出厂价,368,2023-10-23 00:00:00,1,0,2024-07-16 20:56:43,0,2024-07-16 20:56:43,,,
2023-10-20,灵武市,烟煤末,6.00,27.50,0.25,,5500.00,910.00,0.00,出厂价,369,2023-10-20 00:00:00,1,0,2024-07-16 20:56:43,0,2024-07-16 20:56:43,,,
2023-10-20,灵武市,水洗36块,6.00,24.50,0.25,,6800.00,1110.00,0.00,出厂价,370,2023-10-20 00:00:00,1,0,2024-07-16 20:56:43,0,2024-07-16 20:56:43,,,
2023-10-19,灵武市,烟煤末,6.00,27.50,0.25,,5500.00,910.00,0.00,出厂价,371,2023-10-19 00:00:00,1,0,2024-07-16 20:56:43,0,2024-07-16 20:56:43,,,
2023-10-19,灵武市,水洗36块,6.00,24.50,0.25,,6800.00,1110.00,0.00,出厂价,372,2023-10-19 00:00:00,1,0,2024-07-16 20:56:43,0,2024-07-16 20:56:43,,,
2023-10-18,灵武市,烟煤末,6.00,27.50,0.25,,5500.00,910.00,-5.00,出厂价,373,2023-10-18 00:00:00,1,0,2024-07-16 20:56:43,0,2024-07-16 20:56:43,,,
2023-10-18,灵武市,水洗36块,6.00,24.50,0.25,,6800.00,1110.00,0.00,出厂价,374,2023-10-18 00:00:00,1,0,2024-07-16 20:56:43,0,2024-07-16 20:56:43,,,
2023-10-17,灵武市,烟煤末,6.00,27.50,0.25,,5500.00,915.00,0.00,出厂价,375,2023-10-17 00:00:00,1,0,2024-07-16 20:56:43,0,2024-07-16 20:56:43,,,
2023-10-17,灵武市,水洗36块,6.00,24.50,0.25,,6800.00,1110.00,-10.00,出厂价,376,2023-10-17 00:00:00,1,0,2024-07-16 20:56:43,0,2024-07-16 20:56:43,,,
2023-10-16,灵武市,烟煤末,6.00,27.50,0.25,,5500.00,915.00,-5.00,出厂价,377,2023-10-16 00:00:00,1,0,2024-07-16 20:56:43,0,2024-07-16 20:56:43,,,
2023-10-16,灵武市,水洗36块,6.00,24.50,0.25,,6800.00,1120.00,0.00,出厂价,378,2023-10-16 00:00:00,1,0,2024-07-16 20:56:43,0,2024-07-16 20:56:43,,,
2023-10-13,灵武市,烟煤末,6.00,27.50,0.25,,5500.00,920.00,0.00,出厂价,379,2023-10-13 00:00:00,1,0,2024-07-16 20:56:43,0,2024-07-16 20:56:43,,,
2023-10-13,灵武市,水洗36块,6.00,24.50,0.25,,6800.00,1120.00,0.00,出厂价,380,2023-10-13 00:00:00,1,0,2024-07-16 20:56:43,0,2024-07-16 20:56:43,,,
2023-10-12,灵武市,烟煤末,6.00,27.50,0.25,,5500.00,920.00,0.00,出厂价,381,2023-10-12 00:00:00,1,0,2024-07-16 20:56:43,0,2024-07-16 20:56:43,,,
2023-10-12,灵武市,水洗36块,6.00,24.50,0.25,,6800.00,1120.00,0.00,出厂价,382,2023-10-12 00:00:00,1,0,2024-07-16 20:56:43,0,2024-07-16 20:56:43,,,
2023-10-11,灵武市,烟煤末,6.00,27.50,0.25,,5500.00,920.00,5.00,出厂价,383,2023-10-11 00:00:00,1,0,2024-07-16 20:56:43,0,2024-07-16 20:56:43,,,
2023-10-11,灵武市,水洗36块,6.00,24.50,0.25,,6800.00,1120.00,0.00,出厂价,384,2023-10-11 00:00:00,1,0,2024-07-16 20:56:43,0,2024-07-16 20:56:43,,,
2023-10-10,灵武市,烟煤末,6.00,27.50,0.25,,5500.00,915.00,15.00,出厂价,385,2023-10-10 00:00:00,1,0,2024-07-16 20:56:43,0,2024-07-16 20:56:43,,,
2023-10-10,灵武市,水洗36块,6.00,24.50,0.25,,6800.00,1120.00,5.00,出厂价,386,2023-10-10 00:00:00,1,0,2024-07-16 20:56:43,0,2024-07-16 20:56:43,,,
2023-10-09,灵武市,烟煤末,6.00,27.50,0.25,,5500.00,900.00,10.00,出厂价,387,2023-10-09 00:00:00,1,0,2024-07-16 20:56:43,0,2024-07-16 20:56:43,,,
2023-10-09,灵武市,水洗36块,6.00,24.50,0.25,,6800.00,1115.00,0.00,出厂价,388,2023-10-09 00:00:00,1,0,2024-07-16 20:56:43,0,2024-07-16 20:56:43,,,
2023-10-08,灵武市,烟煤末,6.00,27.50,0.25,,5500.00,890.00,0.00,出厂价,389,2023-10-08 00:00:00,1,0,2024-07-16 20:56:43,0,2024-07-16 20:56:43,,,
2023-10-08,灵武市,水洗36块,6.00,24.50,0.25,,6800.00,1115.00,0.00,出厂价,390,2023-10-08 00:00:00,1,0,2024-07-16 20:56:43,0,2024-07-16 20:56:43,,,
2023-10-07,灵武市,烟煤末,6.00,27.50,0.25,,5500.00,890.00,0.00,出厂价,391,2023-10-07 00:00:00,1,0,2024-07-16 20:56:46,0,2024-07-16 20:56:46,,,
2023-10-07,灵武市,水洗36块,6.00,24.50,0.25,,6800.00,1115.00,-20.00,出厂价,392,2023-10-07 00:00:00,1,0,2024-07-16 20:56:46,0,2024-07-16 20:56:46,,,
2023-09-28,灵武市,烟煤末,6.00,27.50,0.25,,5500.00,890.00,-5.00,出厂价,393,2023-09-28 00:00:00,1,0,2024-07-16 20:56:46,0,2024-07-16 20:56:46,,,
2023-09-28,灵武市,水洗36块,6.00,24.50,0.25,,6800.00,1135.00,-5.00,出厂价,394,2023-09-28 00:00:00,1,0,2024-07-16 20:56:46,0,2024-07-16 20:56:46,,,
2023-09-27,灵武市,烟煤末,6.00,27.50,0.25,,5500.00,895.00,0.00,出厂价,395,2023-09-27 00:00:00,1,0,2024-07-16 20:56:46,0,2024-07-16 20:56:46,,,
2023-09-27,灵武市,水洗36块,6.00,24.50,0.25,,6800.00,1140.00,0.00,出厂价,396,2023-09-27 00:00:00,1,0,2024-07-16 20:56:46,0,2024-07-16 20:56:46,,,
2023-09-26,灵武市,烟煤末,6.00,27.50,0.25,,5500.00,895.00,0.00,出厂价,397,2023-09-26 00:00:00,1,0,2024-07-16 20:56:46,0,2024-07-16 20:56:46,,,
2023-09-26,灵武市,水洗36块,6.00,24.50,0.25,,6800.00,1140.00,0.00,出厂价,398,2023-09-26 00:00:00,1,0,2024-07-16 20:56:46,0,2024-07-16 20:56:46,,,
2023-09-25,灵武市,烟煤末,6.00,27.50,0.25,,5500.00,895.00,10.00,出厂价,399,2023-09-25 00:00:00,1,0,2024-07-16 20:56:46,0,2024-07-16 20:56:46,,,
2023-09-25,灵武市,水洗36块,6.00,24.50,0.25,,6800.00,1140.00,30.00,出厂价,400,2023-09-25 00:00:00,1,0,2024-07-16 20:56:46,0,2024-07-16 20:56:46,,,
2023-09-22,灵武市,烟煤末,6.00,27.50,0.25,,5500.00,885.00,20.00,出厂价,401,2023-09-22 00:00:00,1,0,2024-07-16 20:56:46,0,2024-07-16 20:56:46,,,
2023-09-22,灵武市,水洗36块,6.00,24.50,0.25,,6800.00,1110.00,25.00,出厂价,402,2023-09-22 00:00:00,1,0,2024-07-16 20:56:46,0,2024-07-16 20:56:46,,,
2023-09-21,灵武市,烟煤末,6.00,27.50,0.25,,5500.00,865.00,15.00,出厂价,403,2023-09-21 00:00:00,1,0,2024-07-16 20:56:46,0,2024-07-16 20:56:46,,,
2023-09-21,灵武市,水洗36块,6.00,24.50,0.25,,6800.00,1085.00,10.00,出厂价,404,2023-09-21 00:00:00,1,0,2024-07-16 20:56:46,0,2024-07-16 20:56:46,,,
2023-09-20,灵武市,烟煤末,6.00,27.50,0.25,,5500.00,850.00,20.00,出厂价,405,2023-09-20 00:00:00,1,0,2024-07-16 20:56:46,0,2024-07-16 20:56:46,,,
2023-09-20,灵武市,水洗36块,6.00,24.50,0.25,,6800.00,1075.00,10.00,出厂价,406,2023-09-20 00:00:00,1,0,2024-07-16 20:56:46,0,2024-07-16 20:56:46,,,
2023-09-19,灵武市,烟煤末,6.00,27.50,0.25,,5500.00,830.00,20.00,出厂价,407,2023-09-19 00:00:00,1,0,2024-07-16 20:56:46,0,2024-07-16 20:56:46,,,
2023-09-19,灵武市,水洗36块,6.00,24.50,0.25,,6800.00,1065.00,5.00,出厂价,408,2023-09-19 00:00:00,1,0,2024-07-16 20:56:46,0,2024-07-16 20:56:46,,,
2023-09-18,灵武市,烟煤末,6.00,27.50,0.25,,5500.00,810.00,5.00,出厂价,409,2023-09-18 00:00:00,1,0,2024-07-16 20:56:46,0,2024-07-16 20:56:46,,,
2023-09-18,灵武市,水洗36块,6.00,24.50,0.25,,6800.00,1060.00,20.00,出厂价,410,2023-09-18 00:00:00,1,0,2024-07-16 20:56:46,0,2024-07-16 20:56:46,,,
2023-09-15,灵武市,烟煤末,6.00,27.50,0.25,,5500.00,805.00,5.00,出厂价,411,2023-09-15 00:00:00,1,0,2024-07-16 20:56:46,0,2024-07-16 20:56:46,,,
2023-09-15,灵武市,水洗36块,6.00,24.50,0.25,,6800.00,1040.00,10.00,出厂价,412,2023-09-15 00:00:00,1,0,2024-07-16 20:56:46,0,2024-07-16 20:56:46,,,
2023-09-14,灵武市,烟煤末,6.00,27.50,0.25,,5500.00,800.00,5.00,出厂价,413,2023-09-14 00:00:00,1,0,2024-07-16 20:56:46,0,2024-07-16 20:56:46,,,
2023-09-14,灵武市,水洗36块,6.00,24.50,0.25,,6800.00,1030.00,15.00,出厂价,414,2023-09-14 00:00:00,1,0,2024-07-16 20:56:46,0,2024-07-16 20:56:46,,,
2023-09-13,灵武市,烟煤末,6.00,27.50,0.25,,5500.00,795.00,5.00,出厂价,415,2023-09-13 00:00:00,1,0,2024-07-16 20:56:46,0,2024-07-16 20:56:46,,,
2023-09-13,灵武市,水洗36块,6.00,24.50,0.25,,6800.00,1015.00,0.00,出厂价,416,2023-09-13 00:00:00,1,0,2024-07-16 20:56:46,0,2024-07-16 20:56:46,,,
2023-09-12,灵武市,烟煤末,6.00,27.50,0.25,,5500.00,790.00,0.00,出厂价,417,2023-09-12 00:00:00,1,0,2024-07-16 20:56:46,0,2024-07-16 20:56:46,,,
2023-09-12,灵武市,水洗36块,6.00,24.50,0.25,,6800.00,1015.00,0.00,出厂价,418,2023-09-12 00:00:00,1,0,2024-07-16 20:56:46,0,2024-07-16 20:56:46,,,
2023-09-11,灵武市,烟煤末,6.00,27.50,0.25,,5500.00,790.00,0.00,出厂价,419,2023-09-11 00:00:00,1,0,2024-07-16 20:56:46,0,2024-07-16 20:56:46,,,
2023-09-11,灵武市,水洗36块,6.00,24.50,0.25,,6800.00,1015.00,10.00,出厂价,420,2023-09-11 00:00:00,1,0,2024-07-16 20:56:46,0,2024-07-16 20:56:46,,,
2023-09-08,灵武市,烟煤末,6.00,27.50,0.25,,5500.00,790.00,5.00,出厂价,421,2023-09-08 00:00:00,1,0,2024-07-16 20:56:49,0,2024-07-16 20:56:49,,,
2023-09-08,灵武市,水洗36块,6.00,24.50,0.25,,6800.00,1005.00,15.00,出厂价,422,2023-09-08 00:00:00,1,0,2024-07-16 20:56:49,0,2024-07-16 20:56:49,,,
2023-09-07,灵武市,烟煤末,6.00,27.50,0.25,,5500.00,785.00,15.00,出厂价,423,2023-09-07 00:00:00,1,0,2024-07-16 20:56:49,0,2024-07-16 20:56:49,,,
2023-09-07,灵武市,水洗36块,6.00,24.50,0.25,,6800.00,990.00,10.00,出厂价,424,2023-09-07 00:00:00,1,0,2024-07-16 20:56:49,0,2024-07-16 20:56:49,,,
2023-09-06,灵武市,烟煤末,6.00,27.50,0.25,,5500.00,770.00,0.00,出厂价,425,2023-09-06 00:00:00,1,0,2024-07-16 20:56:49,0,2024-07-16 20:56:49,,,
2023-09-06,灵武市,水洗36块,6.00,24.50,0.25,,6800.00,980.00,0.00,出厂价,426,2023-09-06 00:00:00,1,0,2024-07-16 20:56:49,0,2024-07-16 20:56:49,,,
2023-09-05,灵武市,烟煤末,6.00,27.50,0.25,,5500.00,770.00,10.00,出厂价,427,2023-09-05 00:00:00,1,0,2024-07-16 20:56:49,0,2024-07-16 20:56:49,,,
2023-09-05,灵武市,水洗36块,6.00,24.50,0.25,,6800.00,980.00,0.00,出厂价,428,2023-09-05 00:00:00,1,0,2024-07-16 20:56:49,0,2024-07-16 20:56:49,,,
2023-09-04,灵武市,烟煤末,6.00,27.50,0.25,,5500.00,760.00,10.00,出厂价,429,2023-09-04 00:00:00,1,0,2024-07-16 20:56:49,0,2024-07-16 20:56:49,,,
2023-09-04,灵武市,水洗36块,6.00,24.50,0.25,,6800.00,980.00,10.00,出厂价,430,2023-09-04 00:00:00,1,0,2024-07-16 20:56:49,0,2024-07-16 20:56:49,,,
2023-09-01,灵武市,烟煤末,6.00,27.50,0.25,,5500.00,750.00,0.00,出厂价,431,2023-09-01 00:00:00,1,0,2024-07-16 20:56:49,0,2024-07-16 20:56:49,,,
2023-09-01,灵武市,水洗36块,6.00,24.50,0.25,,6800.00,970.00,0.00,出厂价,432,2023-09-01 00:00:00,1,0,2024-07-16 20:56:49,0,2024-07-16 20:56:49,,,
2023-08-31,灵武市,烟煤末,6.00,27.50,0.25,,5500.00,750.00,0.00,出厂价,433,2023-08-31 00:00:00,1,0,2024-07-16 20:56:49,0,2024-07-16 20:56:49,,,
2023-08-31,灵武市,水洗36块,6.00,24.50,0.25,,6800.00,970.00,0.00,出厂价,434,2023-08-31 00:00:00,1,0,2024-07-16 20:56:49,0,2024-07-16 20:56:49,,,
2023-08-30,灵武市,烟煤末,6.00,27.50,0.25,,5500.00,750.00,5.00,出厂价,435,2023-08-30 00:00:00,1,0,2024-07-16 20:56:49,0,2024-07-16 20:56:49,,,
2023-08-30,灵武市,水洗36块,6.00,24.50,0.25,,6800.00,970.00,5.00,出厂价,436,2023-08-30 00:00:00,1,0,2024-07-16 20:56:49,0,2024-07-16 20:56:49,,,
2023-08-29,灵武市,烟煤末,6.00,27.50,0.25,,5500.00,745.00,5.00,出厂价,437,2023-08-29 00:00:00,1,0,2024-07-16 20:56:49,0,2024-07-16 20:56:49,,,
2023-08-29,灵武市,水洗36块,6.00,24.50,0.25,,6800.00,965.00,0.00,出厂价,438,2023-08-29 00:00:00,1,0,2024-07-16 20:56:49,0,2024-07-16 20:56:49,,,
2023-08-28,灵武市,烟煤末,6.00,27.50,0.25,,5500.00,740.00,0.00,出厂价,439,2023-08-28 00:00:00,1,0,2024-07-16 20:56:49,0,2024-07-16 20:56:49,,,
2023-08-28,灵武市,水洗36块,6.00,24.50,0.25,,6800.00,965.00,0.00,出厂价,440,2023-08-28 00:00:00,1,0,2024-07-16 20:56:49,0,2024-07-16 20:56:49,,,
2023-08-25,灵武市,烟煤末,6.00,27.50,0.25,,5500.00,740.00,5.00,出厂价,441,2023-08-25 00:00:00,1,0,2024-07-16 20:56:49,0,2024-07-16 20:56:49,,,
2023-08-25,灵武市,水洗36块,6.00,24.50,0.25,,6800.00,965.00,0.00,出厂价,442,2023-08-25 00:00:00,1,0,2024-07-16 20:56:49,0,2024-07-16 20:56:49,,,
2023-08-24,灵武市,烟煤末,6.00,27.50,0.25,,5500.00,735.00,0.00,出厂价,443,2023-08-24 00:00:00,1,0,2024-07-16 20:56:49,0,2024-07-16 20:56:49,,,
2023-08-24,灵武市,水洗36块,6.00,24.50,0.25,,6800.00,965.00,0.00,出厂价,444,2023-08-24 00:00:00,1,0,2024-07-16 20:56:49,0,2024-07-16 20:56:49,,,
2023-08-23,灵武市,烟煤末,6.00,27.50,0.25,,5500.00,735.00,0.00,出厂价,445,2023-08-23 00:00:00,1,0,2024-07-16 20:56:49,0,2024-07-16 20:56:49,,,
2023-08-23,灵武市,水洗36块,6.00,24.50,0.25,,6800.00,965.00,0.00,出厂价,446,2023-08-23 00:00:00,1,0,2024-07-16 20:56:49,0,2024-07-16 20:56:49,,,
2023-08-22,灵武市,烟煤末,6.00,27.50,0.25,,5500.00,735.00,0.00,出厂价,447,2023-08-22 00:00:00,1,0,2024-07-16 20:56:49,0,2024-07-16 20:56:49,,,
2023-08-22,灵武市,水洗36块,6.00,24.50,0.25,,6800.00,965.00,0.00,出厂价,448,2023-08-22 00:00:00,1,0,2024-07-16 20:56:49,0,2024-07-16 20:56:49,,,
2023-08-21,灵武市,烟煤末,6.00,27.50,0.25,,5500.00,735.00,-5.00,出厂价,449,2023-08-21 00:00:00,1,0,2024-07-16 20:56:49,0,2024-07-16 20:56:49,,,
2023-08-21,灵武市,水洗36块,6.00,24.50,0.25,,6800.00,965.00,0.00,出厂价,450,2023-08-21 00:00:00,1,0,2024-07-16 20:56:49,0,2024-07-16 20:56:49,,,
2023-08-18,灵武市,烟煤末,6.00,27.50,0.25,,5500.00,740.00,-10.00,出厂价,451,2023-08-18 00:00:00,1,0,2024-07-16 20:56:53,0,2024-07-16 20:56:53,,,
2023-08-18,灵武市,水洗36块,6.00,24.50,0.25,,6800.00,965.00,0.00,出厂价,452,2023-08-18 00:00:00,1,0,2024-07-16 20:56:53,0,2024-07-16 20:56:53,,,
2023-08-17,灵武市,烟煤末,6.00,27.50,0.25,,5500.00,750.00,0.00,出厂价,453,2023-08-17 00:00:00,1,0,2024-07-16 20:56:53,0,2024-07-16 20:56:53,,,
2023-08-17,灵武市,水洗36块,6.00,24.50,0.25,,6800.00,965.00,0.00,出厂价,454,2023-08-17 00:00:00,1,0,2024-07-16 20:56:53,0,2024-07-16 20:56:53,,,
2023-08-16,灵武市,烟煤末,6.00,27.50,0.25,,5500.00,750.00,-5.00,出厂价,455,2023-08-16 00:00:00,1,0,2024-07-16 20:56:53,0,2024-07-16 20:56:53,,,
2023-08-16,灵武市,水洗36块,6.00,24.50,0.25,,6800.00,965.00,0.00,出厂价,456,2023-08-16 00:00:00,1,0,2024-07-16 20:56:53,0,2024-07-16 20:56:53,,,
2023-08-15,灵武市,烟煤末,6.00,27.50,0.25,,5500.00,755.00,0.00,出厂价,457,2023-08-15 00:00:00,1,0,2024-07-16 20:56:53,0,2024-07-16 20:56:53,,,
2023-08-15,灵武市,水洗36块,6.00,24.50,0.25,,6800.00,965.00,0.00,出厂价,458,2023-08-15 00:00:00,1,0,2024-07-16 20:56:53,0,2024-07-16 20:56:53,,,
2023-08-14,灵武市,烟煤末,6.00,27.50,0.25,,5500.00,755.00,-5.00,出厂价,459,2023-08-14 00:00:00,1,0,2024-07-16 20:56:53,0,2024-07-16 20:56:53,,,
2023-08-14,灵武市,水洗36块,6.00,24.50,0.25,,6800.00,965.00,0.00,出厂价,460,2023-08-14 00:00:00,1,0,2024-07-16 20:56:53,0,2024-07-16 20:56:53,,,
2023-08-11,灵武市,烟煤末,6.00,27.50,0.25,,5500.00,760.00,0.00,出厂价,461,2023-08-11 00:00:00,1,0,2024-07-16 20:56:53,0,2024-07-16 20:56:53,,,
2023-08-11,灵武市,水洗36块,6.00,24.50,0.25,,6800.00,965.00,0.00,出厂价,462,2023-08-11 00:00:00,1,0,2024-07-16 20:56:53,0,2024-07-16 20:56:53,,,
2023-08-10,灵武市,烟煤末,6.00,27.50,0.25,,5500.00,760.00,0.00,出厂价,463,2023-08-10 00:00:00,1,0,2024-07-16 20:56:53,0,2024-07-16 20:56:53,,,
2023-08-10,灵武市,水洗36块,6.00,24.50,0.25,,6800.00,965.00,0.00,出厂价,464,2023-08-10 00:00:00,1,0,2024-07-16 20:56:53,0,2024-07-16 20:56:53,,,
2023-08-09,灵武市,烟煤末,6.00,27.50,0.25,,5500.00,760.00,0.00,出厂价,465,2023-08-09 00:00:00,1,0,2024-07-16 20:56:53,0,2024-07-16 20:56:53,,,
2023-08-09,灵武市,水洗36块,6.00,24.50,0.25,,6800.00,965.00,0.00,出厂价,466,2023-08-09 00:00:00,1,0,2024-07-16 20:56:53,0,2024-07-16 20:56:53,,,
2023-08-08,灵武市,烟煤末,6.00,27.50,0.25,,5500.00,760.00,0.00,出厂价,467,2023-08-08 00:00:00,1,0,2024-07-16 20:56:53,0,2024-07-16 20:56:53,,,
2023-08-08,灵武市,水洗36块,6.00,24.50,0.25,,6800.00,965.00,0.00,出厂价,468,2023-08-08 00:00:00,1,0,2024-07-16 20:56:53,0,2024-07-16 20:56:53,,,
2023-08-07,灵武市,烟煤末,6.00,27.50,0.25,,5500.00,760.00,-5.00,出厂价,469,2023-08-07 00:00:00,1,0,2024-07-16 20:56:53,0,2024-07-16 20:56:53,,,
2023-08-07,灵武市,水洗36块,6.00,24.50,0.25,,6800.00,965.00,-5.00,出厂价,470,2023-08-07 00:00:00,1,0,2024-07-16 20:56:53,0,2024-07-16 20:56:53,,,
2023-08-04,灵武市,烟煤末,6.00,27.50,0.25,,5500.00,765.00,-5.00,出厂价,471,2023-08-04 00:00:00,1,0,2024-07-16 20:56:53,0,2024-07-16 20:56:53,,,
2023-08-04,灵武市,水洗36块,6.00,24.50,0.25,,6800.00,970.00,0.00,出厂价,472,2023-08-04 00:00:00,1,0,2024-07-16 20:56:53,0,2024-07-16 20:56:53,,,
2023-08-03,灵武市,烟煤末,6.00,27.50,0.25,,5500.00,770.00,0.00,出厂价,473,2023-08-03 00:00:00,1,0,2024-07-16 20:56:53,0,2024-07-16 20:56:53,,,
2023-08-03,灵武市,水洗36块,6.00,24.50,0.25,,6800.00,970.00,0.00,出厂价,474,2023-08-03 00:00:00,1,0,2024-07-16 20:56:53,0,2024-07-16 20:56:53,,,
2023-08-02,灵武市,烟煤末,6.00,27.50,0.25,,5500.00,770.00,0.00,出厂价,475,2023-08-02 00:00:00,1,0,2024-07-16 20:56:53,0,2024-07-16 20:56:53,,,
2023-08-02,灵武市,水洗36块,6.00,24.50,0.25,,6800.00,970.00,-15.00,出厂价,476,2023-08-02 00:00:00,1,0,2024-07-16 20:56:53,0,2024-07-16 20:56:53,,,
2023-08-01,灵武市,烟煤末,6.00,27.50,0.25,,5500.00,770.00,-5.00,出厂价,477,2023-08-01 00:00:00,1,0,2024-07-16 20:56:53,0,2024-07-16 20:56:53,,,
2023-08-01,灵武市,水洗36块,6.00,24.50,0.25,,6800.00,985.00,-5.00,出厂价,478,2023-08-01 00:00:00,1,0,2024-07-16 20:56:53,0,2024-07-16 20:56:53,,,
2023-07-31,灵武市,烟煤末,6.00,27.50,0.25,,5500.00,775.00,0.00,出厂价,479,2023-07-31 00:00:00,1,0,2024-07-16 20:56:53,0,2024-07-16 20:56:53,,,
2023-07-31,灵武市,水洗36块,6.00,24.50,0.25,,6800.00,990.00,0.00,出厂价,480,2023-07-31 00:00:00,1,0,2024-07-16 20:56:53,0,2024-07-16 20:56:53,,,
2023-07-28,灵武市,烟煤末,6.00,27.50,0.25,,5500.00,775.00,0.00,出厂价,481,2023-07-28 00:00:00,1,0,2024-07-16 20:56:55,0,2024-07-16 20:56:55,,,
2023-07-28,灵武市,水洗36块,6.00,24.50,0.25,,6800.00,990.00,0.00,出厂价,482,2023-07-28 00:00:00,1,0,2024-07-16 20:56:55,0,2024-07-16 20:56:55,,,
2023-07-27,灵武市,烟煤末,6.00,27.50,0.25,,5500.00,775.00,0.00,出厂价,483,2023-07-27 00:00:00,1,0,2024-07-16 20:56:55,0,2024-07-16 20:56:55,,,
2023-07-27,灵武市,水洗36块,6.00,24.50,0.25,,6800.00,990.00,0.00,出厂价,484,2023-07-27 00:00:00,1,0,2024-07-16 20:56:55,0,2024-07-16 20:56:55,,,
2023-07-26,灵武市,烟煤末,6.00,27.50,0.25,,5500.00,775.00,0.00,出厂价,485,2023-07-26 00:00:00,1,0,2024-07-16 20:56:55,0,2024-07-16 20:56:55,,,
2023-07-26,灵武市,水洗36块,6.00,24.50,0.25,,6800.00,990.00,0.00,出厂价,486,2023-07-26 00:00:00,1,0,2024-07-16 20:56:55,0,2024-07-16 20:56:55,,,
2023-07-25,灵武市,烟煤末,6.00,27.50,0.25,,5500.00,775.00,0.00,出厂价,487,2023-07-25 00:00:00,1,0,2024-07-16 20:56:55,0,2024-07-16 20:56:55,,,
2023-07-25,灵武市,水洗36块,6.00,24.50,0.25,,6800.00,990.00,0.00,出厂价,488,2023-07-25 00:00:00,1,0,2024-07-16 20:56:55,0,2024-07-16 20:56:55,,,
2023-07-24,灵武市,烟煤末,6.00,27.50,0.25,,5500.00,775.00,0.00,出厂价,489,2023-07-24 00:00:00,1,0,2024-07-16 20:56:55,0,2024-07-16 20:56:55,,,
2023-07-24,灵武市,水洗36块,6.00,24.50,0.25,,6800.00,990.00,20.00,出厂价,490,2023-07-24 00:00:00,1,0,2024-07-16 20:56:55,0,2024-07-16 20:56:55,,,
2023-07-21,灵武市,烟煤末,6.00,27.50,0.25,,5500.00,775.00,5.00,出厂价,491,2023-07-21 00:00:00,1,0,2024-07-16 20:56:55,0,2024-07-16 20:56:55,,,
2023-07-21,灵武市,水洗36块,6.00,24.50,0.25,,6800.00,970.00,20.00,出厂价,492,2023-07-21 00:00:00,1,0,2024-07-16 20:56:55,0,2024-07-16 20:56:55,,,
2023-07-20,灵武市,烟煤末,6.00,27.50,0.25,,5500.00,770.00,5.00,出厂价,493,2023-07-20 00:00:00,1,0,2024-07-16 20:56:55,0,2024-07-16 20:56:55,,,
2023-07-20,灵武市,水洗36块,6.00,24.50,0.25,,6800.00,950.00,10.00,出厂价,494,2023-07-20 00:00:00,1,0,2024-07-16 20:56:55,0,2024-07-16 20:56:55,,,
2023-07-19,灵武市,烟煤末,6.00,27.50,0.25,,5500.00,765.00,5.00,出厂价,495,2023-07-19 00:00:00,1,0,2024-07-16 20:56:55,0,2024-07-16 20:56:55,,,
2023-07-19,灵武市,水洗36块,6.00,24.50,0.25,,6800.00,940.00,0.00,出厂价,496,2023-07-19 00:00:00,1,0,2024-07-16 20:56:55,0,2024-07-16 20:56:55,,,
2023-07-18,灵武市,烟煤末,6.00,27.50,0.25,,5500.00,760.00,0.00,出厂价,497,2023-07-18 00:00:00,1,0,2024-07-16 20:56:55,0,2024-07-16 20:56:55,,,
2023-07-18,灵武市,水洗36块,6.00,24.50,0.25,,6800.00,940.00,0.00,出厂价,498,2023-07-18 00:00:00,1,0,2024-07-16 20:56:55,0,2024-07-16 20:56:55,,,
2023-07-17,灵武市,烟煤末,6.00,27.50,0.25,,5500.00,760.00,0.00,出厂价,499,2023-07-17 00:00:00,1,0,2024-07-16 20:56:55,0,2024-07-16 20:56:55,,,
2023-07-17,灵武市,水洗36块,6.00,24.50,0.25,,6800.00,940.00,0.00,出厂价,500,2023-07-17 00:00:00,1,0,2024-07-16 20:56:55,0,2024-07-16 20:56:55,,,
2023-07-14,灵武市,烟煤末,6.00,27.50,0.25,,5500.00,760.00,0.00,出厂价,501,2023-07-14 00:00:00,1,0,2024-07-16 20:56:55,0,2024-07-16 20:56:55,,,
2023-07-14,灵武市,水洗36块,6.00,24.50,0.25,,6800.00,940.00,0.00,出厂价,502,2023-07-14 00:00:00,1,0,2024-07-16 20:56:55,0,2024-07-16 20:56:55,,,
2023-07-13,灵武市,烟煤末,6.00,27.50,0.25,,5500.00,760.00,0.00,出厂价,503,2023-07-13 00:00:00,1,0,2024-07-16 20:56:55,0,2024-07-16 20:56:55,,,
2023-07-13,灵武市,水洗36块,6.00,24.50,0.25,,6800.00,940.00,0.00,出厂价,504,2023-07-13 00:00:00,1,0,2024-07-16 20:56:55,0,2024-07-16 20:56:55,,,
2023-07-12,灵武市,烟煤末,6.00,27.50,0.25,,5500.00,760.00,0.00,出厂价,505,2023-07-12 00:00:00,1,0,2024-07-16 20:56:55,0,2024-07-16 20:56:55,,,
2023-07-12,灵武市,水洗36块,6.00,24.50,0.25,,6800.00,940.00,0.00,出厂价,506,2023-07-12 00:00:00,1,0,2024-07-16 20:56:55,0,2024-07-16 20:56:55,,,
2023-07-11,灵武市,烟煤末,6.00,27.50,0.25,,5500.00,760.00,0.00,出厂价,507,2023-07-11 00:00:00,1,0,2024-07-16 20:56:55,0,2024-07-16 20:56:55,,,
2023-07-11,灵武市,水洗36块,6.00,24.50,0.25,,6800.00,940.00,0.00,出厂价,508,2023-07-11 00:00:00,1,0,2024-07-16 20:56:55,0,2024-07-16 20:56:55,,,
2023-07-10,灵武市,烟煤末,6.00,27.50,0.25,,5500.00,760.00,10.00,出厂价,509,2023-07-10 00:00:00,1,0,2024-07-16 20:56:55,0,2024-07-16 20:56:55,,,
2023-07-10,灵武市,水洗36块,6.00,24.50,0.25,,6800.00,940.00,10.00,出厂价,510,2023-07-10 00:00:00,1,0,2024-07-16 20:56:55,0,2024-07-16 20:56:55,,,
2023-07-07,灵武市,烟煤末,6.00,27.50,0.25,,5500.00,750.00,10.00,出厂价,511,2023-07-07 00:00:00,1,0,2024-07-16 20:56:59,0,2024-07-16 20:56:59,,,
2023-07-07,灵武市,水洗36块,6.00,24.50,0.25,,6800.00,930.00,5.00,出厂价,512,2023-07-07 00:00:00,1,0,2024-07-16 20:56:59,0,2024-07-16 20:56:59,,,
2023-07-06,灵武市,烟煤末,6.00,27.50,0.25,,5500.00,740.00,20.00,出厂价,513,2023-07-06 00:00:00,1,0,2024-07-16 20:56:59,0,2024-07-16 20:56:59,,,
2023-07-06,灵武市,水洗36块,6.00,24.50,0.25,,6800.00,925.00,30.00,出厂价,514,2023-07-06 00:00:00,1,0,2024-07-16 20:56:59,0,2024-07-16 20:56:59,,,
2023-07-05,灵武市,烟煤末,6.00,27.50,0.25,,5500.00,720.00,5.00,出厂价,515,2023-07-05 00:00:00,1,0,2024-07-16 20:56:59,0,2024-07-16 20:56:59,,,
2023-07-05,灵武市,水洗36块,6.00,24.50,0.25,,6800.00,895.00,15.00,出厂价,516,2023-07-05 00:00:00,1,0,2024-07-16 20:56:59,0,2024-07-16 20:56:59,,,
2023-07-04,灵武市,烟煤末,6.00,27.50,0.25,,5500.00,715.00,10.00,出厂价,517,2023-07-04 00:00:00,1,0,2024-07-16 20:56:59,0,2024-07-16 20:56:59,,,
2023-07-04,灵武市,水洗36块,6.00,24.50,0.25,,6800.00,880.00,5.00,出厂价,518,2023-07-04 00:00:00,1,0,2024-07-16 20:56:59,0,2024-07-16 20:56:59,,,
2023-07-03,灵武市,烟煤末,6.00,27.50,0.25,,5500.00,705.00,0.00,出厂价,519,2023-07-03 00:00:00,1,0,2024-07-16 20:56:59,0,2024-07-16 20:56:59,,,
2023-07-03,灵武市,水洗36块,6.00,24.50,0.25,,6800.00,875.00,0.00,出厂价,520,2023-07-03 00:00:00,1,0,2024-07-16 20:56:59,0,2024-07-16 20:56:59,,,
2023-06-30,灵武市,烟煤末,6.00,27.50,0.25,,5500.00,705.00,0.00,出厂价,521,2023-06-30 00:00:00,1,0,2024-07-16 20:56:59,0,2024-07-16 20:56:59,,,
2023-06-30,灵武市,水洗36块,6.00,24.50,0.25,,6800.00,875.00,0.00,出厂价,522,2023-06-30 00:00:00,1,0,2024-07-16 20:56:59,0,2024-07-16 20:56:59,,,
2023-06-29,灵武市,烟煤末,6.00,27.50,0.25,,5500.00,705.00,0.00,出厂价,523,2023-06-29 00:00:00,1,0,2024-07-16 20:56:59,0,2024-07-16 20:56:59,,,
2023-06-29,灵武市,水洗36块,6.00,24.50,0.25,,6800.00,875.00,0.00,出厂价,524,2023-06-29 00:00:00,1,0,2024-07-16 20:56:59,0,2024-07-16 20:56:59,,,
2023-06-28,灵武市,烟煤末,6.00,27.50,0.25,,5500.00,705.00,0.00,出厂价,525,2023-06-28 00:00:00,1,0,2024-07-16 20:56:59,0,2024-07-16 20:56:59,,,
2023-06-28,灵武市,水洗36块,6.00,24.50,0.25,,6800.00,875.00,0.00,出厂价,526,2023-06-28 00:00:00,1,0,2024-07-16 20:56:59,0,2024-07-16 20:56:59,,,
2023-06-27,灵武市,烟煤末,6.00,27.50,0.25,,5500.00,705.00,-5.00,出厂价,527,2023-06-27 00:00:00,1,0,2024-07-16 20:56:59,0,2024-07-16 20:56:59,,,
2023-06-27,灵武市,水洗36块,6.00,24.50,0.25,,6800.00,875.00,-20.00,出厂价,528,2023-06-27 00:00:00,1,0,2024-07-16 20:56:59,0,2024-07-16 20:56:59,,,
2023-06-26,灵武市,烟煤末,6.00,27.50,0.25,,5500.00,710.00,0.00,出厂价,529,2023-06-26 00:00:00,1,0,2024-07-16 20:56:59,0,2024-07-16 20:56:59,,,
2023-06-26,灵武市,水洗36块,6.00,24.50,0.25,,6800.00,895.00,15.00,出厂价,530,2023-06-26 00:00:00,1,0,2024-07-16 20:56:59,0,2024-07-16 20:56:59,,,
2023-06-25,灵武市,烟煤末,6.00,27.50,0.25,,5500.00,710.00,20.00,出厂价,531,2023-06-25 00:00:00,1,0,2024-07-16 20:56:59,0,2024-07-16 20:56:59,,,
2023-06-25,灵武市,水洗36块,6.00,24.50,0.25,,6800.00,880.00,20.00,出厂价,532,2023-06-25 00:00:00,1,0,2024-07-16 20:56:59,0,2024-07-16 20:56:59,,,
2023-06-21,灵武市,烟煤末,6.00,27.50,0.25,,5500.00,690.00,20.00,出厂价,533,2023-06-21 00:00:00,1,0,2024-07-16 20:56:59,0,2024-07-16 20:56:59,,,
2023-06-21,灵武市,水洗36块,6.00,24.50,0.25,,6800.00,860.00,10.00,出厂价,534,2023-06-21 00:00:00,1,0,2024-07-16 20:56:59,0,2024-07-16 20:56:59,,,
2023-06-20,灵武市,烟煤末,6.00,27.50,0.25,,5500.00,670.00,10.00,出厂价,535,2023-06-20 00:00:00,1,0,2024-07-16 20:56:59,0,2024-07-16 20:56:59,,,
2023-06-20,灵武市,水洗36块,6.00,24.50,0.25,,6800.00,850.00,10.00,出厂价,536,2023-06-20 00:00:00,1,0,2024-07-16 20:56:59,0,2024-07-16 20:56:59,,,
2023-06-19,灵武市,烟煤末,6.00,27.50,0.25,,5500.00,660.00,5.00,出厂价,537,2023-06-19 00:00:00,1,0,2024-07-16 20:56:59,0,2024-07-16 20:56:59,,,
2023-06-19,灵武市,水洗36块,6.00,24.50,0.25,,6800.00,840.00,10.00,出厂价,538,2023-06-19 00:00:00,1,0,2024-07-16 20:56:59,0,2024-07-16 20:56:59,,,
2023-06-16,灵武市,烟煤末,6.00,27.50,0.25,,5500.00,655.00,0.00,出厂价,539,2023-06-16 00:00:00,1,0,2024-07-16 20:56:59,0,2024-07-16 20:56:59,,,
2023-06-16,灵武市,水洗36块,6.00,24.50,0.25,,6800.00,830.00,0.00,出厂价,540,2023-06-16 00:00:00,1,0,2024-07-16 20:56:59,0,2024-07-16 20:56:59,,,
2023-06-15,灵武市,烟煤末,6.00,27.50,0.25,,5500.00,655.00,0.00,出厂价,541,2023-06-15 00:00:00,1,0,2024-07-16 20:57:02,0,2024-07-16 20:57:02,,,
2023-06-15,灵武市,水洗36块,6.00,24.50,0.25,,6800.00,830.00,0.00,出厂价,542,2023-06-15 00:00:00,1,0,2024-07-16 20:57:02,0,2024-07-16 20:57:02,,,
2023-06-14,灵武市,烟煤末,6.00,27.50,0.25,,5500.00,655.00,0.00,出厂价,543,2023-06-14 00:00:00,1,0,2024-07-16 20:57:02,0,2024-07-16 20:57:02,,,
2023-06-14,灵武市,水洗36块,6.00,24.50,0.25,,6800.00,830.00,0.00,出厂价,544,2023-06-14 00:00:00,1,0,2024-07-16 20:57:02,0,2024-07-16 20:57:02,,,
2023-06-13,灵武市,烟煤末,6.00,27.50,0.25,,5500.00,655.00,0.00,出厂价,545,2023-06-13 00:00:00,1,0,2024-07-16 20:57:02,0,2024-07-16 20:57:02,,,
2023-06-13,灵武市,水洗36块,6.00,24.50,0.25,,6800.00,830.00,0.00,出厂价,546,2023-06-13 00:00:00,1,0,2024-07-16 20:57:02,0,2024-07-16 20:57:02,,,
2023-06-12,灵武市,烟煤末,6.00,27.50,0.25,,5500.00,655.00,0.00,出厂价,547,2023-06-12 00:00:00,1,0,2024-07-16 20:57:02,0,2024-07-16 20:57:02,,,
2023-06-12,灵武市,水洗36块,6.00,24.50,0.25,,6800.00,830.00,0.00,出厂价,548,2023-06-12 00:00:00,1,0,2024-07-16 20:57:02,0,2024-07-16 20:57:02,,,
2023-06-09,灵武市,烟煤末,6.00,27.50,0.25,,5500.00,655.00,0.00,出厂价,549,2023-06-09 00:00:00,1,0,2024-07-16 20:57:02,0,2024-07-16 20:57:02,,,
2023-06-09,灵武市,水洗36块,6.00,24.50,0.25,,6800.00,830.00,0.00,出厂价,550,2023-06-09 00:00:00,1,0,2024-07-16 20:57:02,0,2024-07-16 20:57:02,,,
2023-06-08,灵武市,烟煤末,6.00,27.50,0.25,,5500.00,655.00,0.00,出厂价,551,2023-06-08 00:00:00,1,0,2024-07-16 20:57:02,0,2024-07-16 20:57:02,,,
2023-06-08,灵武市,水洗36块,6.00,24.50,0.25,,6800.00,830.00,0.00,出厂价,552,2023-06-08 00:00:00,1,0,2024-07-16 20:57:02,0,2024-07-16 20:57:02,,,
2023-06-07,灵武市,烟煤末,6.00,27.50,0.25,,5500.00,655.00,0.00,出厂价,553,2023-06-07 00:00:00,1,0,2024-07-16 20:57:02,0,2024-07-16 20:57:02,,,
2023-06-07,灵武市,水洗36块,6.00,24.50,0.25,,6800.00,830.00,-20.00,出厂价,554,2023-06-07 00:00:00,1,0,2024-07-16 20:57:02,0,2024-07-16 20:57:02,,,
2023-06-06,灵武市,烟煤末,6.00,27.50,0.25,,5500.00,655.00,-55.00,出厂价,555,2023-06-06 00:00:00,1,0,2024-07-16 20:57:02,0,2024-07-16 20:57:02,,,
2023-06-06,灵武市,水洗36块,6.00,24.50,0.25,,6800.00,850.00,-70.00,出厂价,556,2023-06-06 00:00:00,1,0,2024-07-16 20:57:02,0,2024-07-16 20:57:02,,,
2023-06-05,灵武市,烟煤末,6.00,27.50,0.25,,5500.00,710.00,-20.00,出厂价,557,2023-06-05 00:00:00,1,0,2024-07-16 20:57:02,0,2024-07-16 20:57:02,,,
2023-06-05,灵武市,水洗36块,6.00,24.50,0.25,,6800.00,920.00,-30.00,出厂价,558,2023-06-05 00:00:00,1,0,2024-07-16 20:57:02,0,2024-07-16 20:57:02,,,
2023-06-02,灵武市,烟煤末,6.00,27.50,0.25,,5500.00,730.00,-15.00,出厂价,559,2023-06-02 00:00:00,1,0,2024-07-16 20:57:02,0,2024-07-16 20:57:02,,,
2023-06-02,灵武市,水洗36块,6.00,24.50,0.25,,6800.00,950.00,-15.00,出厂价,560,2023-06-02 00:00:00,1,0,2024-07-16 20:57:02,0,2024-07-16 20:57:02,,,
2023-06-01,灵武市,烟煤末,6.00,27.50,0.25,,5500.00,745.00,-15.00,出厂价,561,2023-06-01 00:00:00,1,0,2024-07-16 20:57:02,0,2024-07-16 20:57:02,,,
2023-06-01,灵武市,水洗36块,6.00,24.50,0.25,,6800.00,965.00,-25.00,出厂价,562,2023-06-01 00:00:00,1,0,2024-07-16 20:57:02,0,2024-07-16 20:57:02,,,
2023-05-31,灵武市,烟煤末,6.00,27.50,0.25,,5500.00,760.00,-15.00,出厂价,563,2023-05-31 00:00:00,1,0,2024-07-16 20:57:02,0,2024-07-16 20:57:02,,,
2023-05-31,灵武市,水洗36块,6.00,24.50,0.25,,6800.00,990.00,-40.00,出厂价,564,2023-05-31 00:00:00,1,0,2024-07-16 20:57:02,0,2024-07-16 20:57:02,,,
2023-05-30,灵武市,烟煤末,6.00,27.50,0.25,,5500.00,775.00,-40.00,出厂价,565,2023-05-30 00:00:00,1,0,2024-07-16 20:57:02,0,2024-07-16 20:57:02,,,
2023-05-30,灵武市,水洗36块,6.00,24.50,0.25,,6800.00,1030.00,-35.00,出厂价,566,2023-05-30 00:00:00,1,0,2024-07-16 20:57:02,0,2024-07-16 20:57:02,,,
2023-05-29,灵武市,烟煤末,6.00,27.50,0.25,,5500.00,815.00,-15.00,出厂价,567,2023-05-29 00:00:00,1,0,2024-07-16 20:57:02,0,2024-07-16 20:57:02,,,
2023-05-29,灵武市,水洗36块,6.00,24.50,0.25,,6800.00,1065.00,-15.00,出厂价,568,2023-05-29 00:00:00,1,0,2024-07-16 20:57:02,0,2024-07-16 20:57:02,,,
2023-05-26,灵武市,烟煤末,6.00,27.50,0.25,,5500.00,830.00,-10.00,出厂价,569,2023-05-26 00:00:00,1,0,2024-07-16 20:57:02,0,2024-07-16 20:57:02,,,
2023-05-26,灵武市,水洗36块,6.00,24.50,0.25,,6800.00,1080.00,0.00,出厂价,570,2023-05-26 00:00:00,1,0,2024-07-16 20:57:02,0,2024-07-16 20:57:02,,,
2023-05-25,灵武市,烟煤末,6.00,27.50,0.25,,5500.00,840.00,-5.00,出厂价,571,2023-05-25 00:00:00,1,0,2024-07-16 20:57:06,0,2024-07-16 20:57:06,,,
2023-05-25,灵武市,水洗36块,6.00,24.50,0.25,,6800.00,1080.00,-5.00,出厂价,572,2023-05-25 00:00:00,1,0,2024-07-16 20:57:06,0,2024-07-16 20:57:06,,,
2023-05-24,灵武市,烟煤末,6.00,27.50,0.25,,5500.00,845.00,0.00,出厂价,573,2023-05-24 00:00:00,1,0,2024-07-16 20:57:06,0,2024-07-16 20:57:06,,,
2023-05-24,灵武市,水洗36块,6.00,24.50,0.25,,6800.00,1085.00,0.00,出厂价,574,2023-05-24 00:00:00,1,0,2024-07-16 20:57:06,0,2024-07-16 20:57:06,,,
2023-05-23,灵武市,烟煤末,6.00,27.50,0.25,,5500.00,845.00,0.00,出厂价,575,2023-05-23 00:00:00,1,0,2024-07-16 20:57:06,0,2024-07-16 20:57:06,,,
2023-05-23,灵武市,水洗36块,6.00,24.50,0.25,,6800.00,1085.00,-5.00,出厂价,576,2023-05-23 00:00:00,1,0,2024-07-16 20:57:06,0,2024-07-16 20:57:06,,,
2023-05-22,灵武市,烟煤末,6.00,27.50,0.25,,5500.00,845.00,0.00,出厂价,577,2023-05-22 00:00:00,1,0,2024-07-16 20:57:06,0,2024-07-16 20:57:06,,,
2023-05-22,灵武市,水洗36块,6.00,24.50,0.25,,6800.00,1090.00,0.00,出厂价,578,2023-05-22 00:00:00,1,0,2024-07-16 20:57:06,0,2024-07-16 20:57:06,,,
2023-05-19,灵武市,烟煤末,6.00,27.50,0.25,,5500.00,845.00,0.00,出厂价,579,2023-05-19 00:00:00,1,0,2024-07-16 20:57:06,0,2024-07-16 20:57:06,,,
2023-05-19,灵武市,水洗36块,6.00,24.50,0.25,,6800.00,1090.00,0.00,出厂价,580,2023-05-19 00:00:00,1,0,2024-07-16 20:57:06,0,2024-07-16 20:57:06,,,
2023-05-18,灵武市,烟煤末,6.00,27.50,0.25,,5500.00,845.00,0.00,出厂价,581,2023-05-18 00:00:00,1,0,2024-07-16 20:57:06,0,2024-07-16 20:57:06,,,
2023-05-18,灵武市,水洗36块,6.00,24.50,0.25,,6800.00,1090.00,0.00,出厂价,582,2023-05-18 00:00:00,1,0,2024-07-16 20:57:06,0,2024-07-16 20:57:06,,,
2023-05-17,灵武市,烟煤末,6.00,27.50,0.25,,5500.00,845.00,-5.00,出厂价,583,2023-05-17 00:00:00,1,0,2024-07-16 20:57:06,0,2024-07-16 20:57:06,,,
2023-05-17,灵武市,水洗36块,6.00,24.50,0.25,,6800.00,1090.00,0.00,出厂价,584,2023-05-17 00:00:00,1,0,2024-07-16 20:57:06,0,2024-07-16 20:57:06,,,
2023-05-16,灵武市,烟煤末,6.00,27.50,0.25,,5500.00,850.00,-10.00,出厂价,585,2023-05-16 00:00:00,1,0,2024-07-16 20:57:06,0,2024-07-16 20:57:06,,,
2023-05-16,灵武市,水洗36块,6.00,24.50,0.25,,6800.00,1090.00,-5.00,出厂价,586,2023-05-16 00:00:00,1,0,2024-07-16 20:57:06,0,2024-07-16 20:57:06,,,
2023-05-15,灵武市,烟煤末,6.00,27.50,0.25,,5500.00,860.00,-5.00,出厂价,587,2023-05-15 00:00:00,1,0,2024-07-16 20:57:06,0,2024-07-16 20:57:06,,,
2023-05-15,灵武市,水洗36块,6.00,24.50,0.25,,6800.00,1095.00,0.00,出厂价,588,2023-05-15 00:00:00,1,0,2024-07-16 20:57:06,0,2024-07-16 20:57:06,,,
2023-05-12,灵武市,烟煤末,6.00,27.50,0.25,,5500.00,865.00,-15.00,出厂价,589,2023-05-12 00:00:00,1,0,2024-07-16 20:57:06,0,2024-07-16 20:57:06,,,
2023-05-12,灵武市,水洗36块,6.00,24.50,0.25,,6800.00,1095.00,5.00,出厂价,590,2023-05-12 00:00:00,1,0,2024-07-16 20:57:06,0,2024-07-16 20:57:06,,,
2023-05-11,灵武市,烟煤末,6.00,27.50,0.25,,5500.00,880.00,0.00,出厂价,591,2023-05-11 00:00:00,1,0,2024-07-16 20:57:06,0,2024-07-16 20:57:06,,,
2023-05-11,灵武市,水洗36块,6.00,24.50,0.25,,6800.00,1090.00,0.00,出厂价,592,2023-05-11 00:00:00,1,0,2024-07-16 20:57:06,0,2024-07-16 20:57:06,,,
2023-05-10,灵武市,烟煤末,6.00,27.50,0.25,,5500.00,880.00,0.00,出厂价,593,2023-05-10 00:00:00,1,0,2024-07-16 20:57:06,0,2024-07-16 20:57:06,,,
2023-05-10,灵武市,水洗36块,6.00,24.50,0.25,,6800.00,1090.00,0.00,出厂价,594,2023-05-10 00:00:00,1,0,2024-07-16 20:57:06,0,2024-07-16 20:57:06,,,
2023-05-09,灵武市,烟煤末,6.00,27.50,0.25,,5500.00,880.00,0.00,出厂价,595,2023-05-09 00:00:00,1,0,2024-07-16 20:57:06,0,2024-07-16 20:57:06,,,
2023-05-09,灵武市,水洗36块,6.00,24.50,0.25,,6800.00,1090.00,0.00,出厂价,596,2023-05-09 00:00:00,1,0,2024-07-16 20:57:06,0,2024-07-16 20:57:06,,,
2023-05-08,灵武市,烟煤末,6.00,27.50,0.25,,5500.00,880.00,0.00,出厂价,597,2023-05-08 00:00:00,1,0,2024-07-16 20:57:06,0,2024-07-16 20:57:06,,,
2023-05-08,灵武市,水洗36块,6.00,24.50,0.25,,6800.00,1090.00,0.00,出厂价,598,2023-05-08 00:00:00,1,0,2024-07-16 20:57:06,0,2024-07-16 20:57:06,,,
2023-05-06,灵武市,烟煤末,6.00,27.50,0.25,,5500.00,880.00,0.00,出厂价,599,2023-05-06 00:00:00,1,0,2024-07-16 20:57:06,0,2024-07-16 20:57:06,,,
2023-05-06,灵武市,水洗36块,6.00,24.50,0.25,,6800.00,1090.00,0.00,出厂价,600,2023-05-06 00:00:00,1,0,2024-07-16 20:57:06,0,2024-07-16 20:57:06,,,
2023-05-05,灵武市,烟煤末,6.00,27.50,0.25,,5500.00,880.00,0.00,出厂价,601,2023-05-05 00:00:00,1,0,2024-07-16 20:57:10,0,2024-07-16 20:57:10,,,
2023-05-05,灵武市,水洗36块,6.00,24.50,0.25,,6800.00,1090.00,0.00,出厂价,602,2023-05-05 00:00:00,1,0,2024-07-16 20:57:10,0,2024-07-16 20:57:10,,,
2023-05-04,灵武市,烟煤末,6.00,27.50,0.25,,5500.00,880.00,0.00,出厂价,603,2023-05-04 00:00:00,1,0,2024-07-16 20:57:10,0,2024-07-16 20:57:10,,,
2023-05-04,灵武市,水洗36块,6.00,24.50,0.25,,6800.00,1090.00,0.00,出厂价,604,2023-05-04 00:00:00,1,0,2024-07-16 20:57:10,0,2024-07-16 20:57:10,,,
2023-04-28,灵武市,烟煤末,6.00,27.50,0.25,,5500.00,880.00,0.00,出厂价,605,2023-04-28 00:00:00,1,0,2024-07-16 20:57:10,0,2024-07-16 20:57:10,,,
2023-04-28,灵武市,水洗36块,6.00,24.50,0.25,,6800.00,1090.00,0.00,出厂价,606,2023-04-28 00:00:00,1,0,2024-07-16 20:57:10,0,2024-07-16 20:57:10,,,
2023-04-27,灵武市,烟煤末,6.00,27.50,0.25,,5500.00,880.00,0.00,出厂价,607,2023-04-27 00:00:00,1,0,2024-07-16 20:57:10,0,2024-07-16 20:57:10,,,
2023-04-27,灵武市,水洗36块,6.00,24.50,0.25,,6800.00,1090.00,0.00,出厂价,608,2023-04-27 00:00:00,1,0,2024-07-16 20:57:10,0,2024-07-16 20:57:10,,,
2023-04-26,灵武市,烟煤末,6.00,27.50,0.25,,5500.00,880.00,-5.00,出厂价,609,2023-04-26 00:00:00,1,0,2024-07-16 20:57:10,0,2024-07-16 20:57:10,,,
2023-04-26,灵武市,水洗36块,6.00,24.50,0.25,,6800.00,1090.00,0.00,出厂价,610,2023-04-26 00:00:00,1,0,2024-07-16 20:57:10,0,2024-07-16 20:57:10,,,
2023-04-25,灵武市,烟煤末,6.00,27.50,0.25,,5500.00,885.00,0.00,出厂价,611,2023-04-25 00:00:00,1,0,2024-07-16 20:57:10,0,2024-07-16 20:57:10,,,
2023-04-25,灵武市,水洗36块,6.00,24.50,0.25,,6800.00,1090.00,0.00,出厂价,612,2023-04-25 00:00:00,1,0,2024-07-16 20:57:10,0,2024-07-16 20:57:10,,,
2023-04-24,灵武市,烟煤末,6.00,27.50,0.25,,5500.00,885.00,0.00,出厂价,613,2023-04-24 00:00:00,1,0,2024-07-16 20:57:10,0,2024-07-16 20:57:10,,,
2023-04-24,灵武市,水洗36块,6.00,24.50,0.25,,6800.00,1090.00,0.00,出厂价,614,2023-04-24 00:00:00,1,0,2024-07-16 20:57:10,0,2024-07-16 20:57:10,,,
2023-04-23,灵武市,烟煤末,6.00,27.50,0.25,,5500.00,885.00,0.00,出厂价,615,2023-04-23 00:00:00,1,0,2024-07-16 20:57:10,0,2024-07-16 20:57:10,,,
2023-04-23,灵武市,水洗36块,6.00,24.50,0.25,,6800.00,1090.00,0.00,出厂价,616,2023-04-23 00:00:00,1,0,2024-07-16 20:57:10,0,2024-07-16 20:57:10,,,
2023-04-21,灵武市,烟煤末,6.00,27.50,0.25,,5500.00,885.00,0.00,出厂价,617,2023-04-21 00:00:00,1,0,2024-07-16 20:57:10,0,2024-07-16 20:57:10,,,
2023-04-21,灵武市,水洗36块,6.00,24.50,0.25,,6800.00,1090.00,0.00,出厂价,618,2023-04-21 00:00:00,1,0,2024-07-16 20:57:10,0,2024-07-16 20:57:10,,,
2023-04-20,灵武市,烟煤末,6.00,27.50,0.25,,5500.00,885.00,-5.00,出厂价,619,2023-04-20 00:00:00,1,0,2024-07-16 20:57:10,0,2024-07-16 20:57:10,,,
2023-04-20,灵武市,水洗36块,6.00,24.50,0.25,,6800.00,1090.00,0.00,出厂价,620,2023-04-20 00:00:00,1,0,2024-07-16 20:57:10,0,2024-07-16 20:57:10,,,
2023-04-19,灵武市,烟煤末,6.00,27.50,0.25,,5500.00,890.00,0.00,出厂价,621,2023-04-19 00:00:00,1,0,2024-07-16 20:57:10,0,2024-07-16 20:57:10,,,
2023-04-19,灵武市,水洗36块,6.00,24.50,0.25,,6800.00,1090.00,0.00,出厂价,622,2023-04-19 00:00:00,1,0,2024-07-16 20:57:10,0,2024-07-16 20:57:10,,,
2023-04-18,灵武市,烟煤末,6.00,27.50,0.25,,5500.00,890.00,0.00,出厂价,623,2023-04-18 00:00:00,1,0,2024-07-16 20:57:10,0,2024-07-16 20:57:10,,,
2023-04-18,灵武市,水洗36块,6.00,24.50,0.25,,6800.00,1090.00,0.00,出厂价,624,2023-04-18 00:00:00,1,0,2024-07-16 20:57:10,0,2024-07-16 20:57:10,,,
2023-04-17,灵武市,烟煤末,6.00,27.50,0.25,,5500.00,890.00,0.00,出厂价,625,2023-04-17 00:00:00,1,0,2024-07-16 20:57:10,0,2024-07-16 20:57:10,,,
2023-04-17,灵武市,水洗36块,6.00,24.50,0.25,,6800.00,1090.00,0.00,出厂价,626,2023-04-17 00:00:00,1,0,2024-07-16 20:57:10,0,2024-07-16 20:57:10,,,
2023-04-14,灵武市,烟煤末,6.00,27.50,0.25,,5500.00,890.00,-5.00,出厂价,627,2023-04-14 00:00:00,1,0,2024-07-16 20:57:10,0,2024-07-16 20:57:10,,,
2023-04-14,灵武市,水洗36块,6.00,24.50,0.25,,6800.00,1090.00,-10.00,出厂价,628,2023-04-14 00:00:00,1,0,2024-07-16 20:57:10,0,2024-07-16 20:57:10,,,
2023-04-13,灵武市,烟煤末,6.00,27.50,0.25,,5500.00,895.00,-20.00,出厂价,629,2023-04-13 00:00:00,1,0,2024-07-16 20:57:10,0,2024-07-16 20:57:10,,,
2023-04-13,灵武市,水洗36块,6.00,24.50,0.25,,6800.00,1100.00,-10.00,出厂价,630,2023-04-13 00:00:00,1,0,2024-07-16 20:57:10,0,2024-07-16 20:57:10,,,
2023-04-12,灵武市,烟煤末,6.00,27.50,0.25,,5500.00,915.00,0.00,出厂价,631,2023-04-12 00:00:00,1,0,2024-07-16 20:57:14,0,2024-07-16 20:57:14,,,
2023-04-12,灵武市,水洗36块,6.00,24.50,0.25,,6800.00,1110.00,0.00,出厂价,632,2023-04-12 00:00:00,1,0,2024-07-16 20:57:14,0,2024-07-16 20:57:14,,,
2023-04-11,灵武市,烟煤末,6.00,27.50,0.25,,5500.00,915.00,-25.00,出厂价,633,2023-04-11 00:00:00,1,0,2024-07-16 20:57:14,0,2024-07-16 20:57:14,,,
2023-04-11,灵武市,水洗36块,6.00,24.50,0.25,,6800.00,1110.00,0.00,出厂价,634,2023-04-11 00:00:00,1,0,2024-07-16 20:57:14,0,2024-07-16 20:57:14,,,
2023-04-10,灵武市,烟煤末,6.00,27.50,0.25,,5500.00,940.00,0.00,出厂价,635,2023-04-10 00:00:00,1,0,2024-07-16 20:57:14,0,2024-07-16 20:57:14,,,
2023-04-10,灵武市,水洗36块,6.00,24.50,0.25,,6800.00,1110.00,0.00,出厂价,636,2023-04-10 00:00:00,1,0,2024-07-16 20:57:14,0,2024-07-16 20:57:14,,,
2023-04-07,灵武市,烟煤末,6.00,27.50,0.25,,5500.00,940.00,0.00,出厂价,637,2023-04-07 00:00:00,1,0,2024-07-16 20:57:14,0,2024-07-16 20:57:14,,,
2023-04-07,灵武市,水洗36块,6.00,24.50,0.25,,6800.00,1110.00,0.00,出厂价,638,2023-04-07 00:00:00,1,0,2024-07-16 20:57:14,0,2024-07-16 20:57:14,,,
2023-04-06,灵武市,烟煤末,6.00,27.50,0.25,,5500.00,940.00,0.00,出厂价,639,2023-04-06 00:00:00,1,0,2024-07-16 20:57:14,0,2024-07-16 20:57:14,,,
2023-04-06,灵武市,水洗36块,6.00,24.50,0.25,,6800.00,1110.00,0.00,出厂价,640,2023-04-06 00:00:00,1,0,2024-07-16 20:57:14,0,2024-07-16 20:57:14,,,
2023-04-04,灵武市,烟煤末,6.00,27.50,0.25,,5500.00,940.00,-10.00,出厂价,641,2023-04-04 00:00:00,1,0,2024-07-16 20:57:14,0,2024-07-16 20:57:14,,,
2023-04-04,灵武市,水洗36块,6.00,24.50,0.25,,6800.00,1110.00,-10.00,出厂价,642,2023-04-04 00:00:00,1,0,2024-07-16 20:57:14,0,2024-07-16 20:57:14,,,
2023-04-03,灵武市,烟煤末,6.00,27.50,0.25,,5500.00,950.00,-10.00,出厂价,643,2023-04-03 00:00:00,1,0,2024-07-16 20:57:14,0,2024-07-16 20:57:14,,,
2023-04-03,灵武市,水洗36块,6.00,24.50,0.25,,6800.00,1120.00,-5.00,出厂价,644,2023-04-03 00:00:00,1,0,2024-07-16 20:57:14,0,2024-07-16 20:57:14,,,
2023-03-31,灵武市,烟煤末,6.00,27.50,0.25,,5500.00,960.00,0.00,出厂价,645,2023-03-31 00:00:00,1,0,2024-07-16 20:57:14,0,2024-07-16 20:57:14,,,
2023-03-31,灵武市,水洗36块,6.00,24.50,0.25,,6800.00,1125.00,0.00,出厂价,646,2023-03-31 00:00:00,1,0,2024-07-16 20:57:14,0,2024-07-16 20:57:14,,,
2023-03-30,灵武市,烟煤末,6.00,27.50,0.25,,5500.00,960.00,0.00,出厂价,647,2023-03-30 00:00:00,1,0,2024-07-16 20:57:14,0,2024-07-16 20:57:14,,,
2023-03-30,灵武市,水洗36块,6.00,24.50,0.25,,6800.00,1125.00,-15.00,出厂价,648,2023-03-30 00:00:00,1,0,2024-07-16 20:57:14,0,2024-07-16 20:57:14,,,
2023-03-29,灵武市,烟煤末,6.00,27.50,0.25,,5500.00,960.00,0.00,出厂价,649,2023-03-29 00:00:00,1,0,2024-07-16 20:57:14,0,2024-07-16 20:57:14,,,
2023-03-29,灵武市,水洗36块,6.00,24.50,0.25,,6800.00,1140.00,0.00,出厂价,650,2023-03-29 00:00:00,1,0,2024-07-16 20:57:14,0,2024-07-16 20:57:14,,,
2023-03-28,灵武市,烟煤末,6.00,27.50,0.25,,5500.00,960.00,0.00,出厂价,651,2023-03-28 00:00:00,1,0,2024-07-16 20:57:14,0,2024-07-16 20:57:14,,,
2023-03-28,灵武市,水洗36块,6.00,24.50,0.25,,6800.00,1140.00,0.00,出厂价,652,2023-03-28 00:00:00,1,0,2024-07-16 20:57:14,0,2024-07-16 20:57:14,,,
2023-03-27,灵武市,烟煤末,6.00,27.50,0.25,,5500.00,960.00,-5.00,出厂价,653,2023-03-27 00:00:00,1,0,2024-07-16 20:57:14,0,2024-07-16 20:57:14,,,
2023-03-27,灵武市,水洗36块,6.00,24.50,0.25,,6800.00,1140.00,0.00,出厂价,654,2023-03-27 00:00:00,1,0,2024-07-16 20:57:14,0,2024-07-16 20:57:14,,,
2023-03-24,灵武市,烟煤末,6.00,27.50,0.25,,5500.00,965.00,-25.00,出厂价,655,2023-03-24 00:00:00,1,0,2024-07-16 20:57:14,0,2024-07-16 20:57:14,,,
2023-03-24,灵武市,水洗36块,6.00,24.50,0.25,,6800.00,1140.00,-30.00,出厂价,656,2023-03-24 00:00:00,1,0,2024-07-16 20:57:14,0,2024-07-16 20:57:14,,,
2023-03-23,灵武市,烟煤末,6.00,27.50,0.25,,5500.00,990.00,0.00,出厂价,657,2023-03-23 00:00:00,1,0,2024-07-16 20:57:14,0,2024-07-16 20:57:14,,,
2023-03-23,灵武市,水洗36块,6.00,24.50,0.25,,6800.00,1170.00,0.00,出厂价,658,2023-03-23 00:00:00,1,0,2024-07-16 20:57:14,0,2024-07-16 20:57:14,,,
2023-03-22,灵武市,烟煤末,6.00,27.50,0.25,,5500.00,990.00,0.00,出厂价,659,2023-03-22 00:00:00,1,0,2024-07-16 20:57:14,0,2024-07-16 20:57:14,,,
2023-03-22,灵武市,水洗36块,6.00,24.50,0.25,,6800.00,1170.00,0.00,出厂价,660,2023-03-22 00:00:00,1,0,2024-07-16 20:57:14,0,2024-07-16 20:57:14,,,
2023-03-21,灵武市,烟煤末,6.00,27.50,0.25,,5500.00,990.00,0.00,出厂价,661,2023-03-21 00:00:00,1,0,2024-07-16 20:57:17,0,2024-07-16 20:57:17,,,
2023-03-21,灵武市,水洗36块,6.00,24.50,0.25,,6800.00,1170.00,0.00,出厂价,662,2023-03-21 00:00:00,1,0,2024-07-16 20:57:17,0,2024-07-16 20:57:17,,,
2023-03-20,灵武市,烟煤末,6.00,27.50,0.25,,5500.00,990.00,0.00,出厂价,663,2023-03-20 00:00:00,1,0,2024-07-16 20:57:17,0,2024-07-16 20:57:17,,,
2023-03-20,灵武市,水洗36块,6.00,24.50,0.25,,6800.00,1170.00,-5.00,出厂价,664,2023-03-20 00:00:00,1,0,2024-07-16 20:57:17,0,2024-07-16 20:57:17,,,
2023-03-17,灵武市,烟煤末,6.00,27.50,0.25,,5500.00,990.00,0.00,出厂价,665,2023-03-17 00:00:00,1,0,2024-07-16 20:57:17,0,2024-07-16 20:57:17,,,
2023-03-17,灵武市,水洗36块,6.00,24.50,0.25,,6800.00,1175.00,0.00,出厂价,666,2023-03-17 00:00:00,1,0,2024-07-16 20:57:17,0,2024-07-16 20:57:17,,,
2023-03-16,灵武市,烟煤末,6.00,27.50,0.25,,5500.00,990.00,0.00,出厂价,667,2023-03-16 00:00:00,1,0,2024-07-16 20:57:17,0,2024-07-16 20:57:17,,,
2023-03-16,灵武市,水洗36块,6.00,24.50,0.25,,6800.00,1175.00,0.00,出厂价,668,2023-03-16 00:00:00,1,0,2024-07-16 20:57:17,0,2024-07-16 20:57:17,,,
2023-03-15,灵武市,烟煤末,6.00,27.50,0.25,,5500.00,990.00,0.00,出厂价,669,2023-03-15 00:00:00,1,0,2024-07-16 20:57:17,0,2024-07-16 20:57:17,,,
2023-03-15,灵武市,水洗36块,6.00,24.50,0.25,,6800.00,1175.00,-10.00,出厂价,670,2023-03-15 00:00:00,1,0,2024-07-16 20:57:17,0,2024-07-16 20:57:17,,,
2023-03-14,灵武市,烟煤末,6.00,27.50,0.25,,5500.00,990.00,-5.00,出厂价,671,2023-03-14 00:00:00,1,0,2024-07-16 20:57:17,0,2024-07-16 20:57:17,,,
2023-03-14,灵武市,水洗36块,6.00,24.50,0.25,,6800.00,1185.00,0.00,出厂价,672,2023-03-14 00:00:00,1,0,2024-07-16 20:57:17,0,2024-07-16 20:57:17,,,
2023-03-13,灵武市,烟煤末,6.00,27.50,0.25,,5500.00,995.00,15.00,出厂价,673,2023-03-13 00:00:00,1,0,2024-07-16 20:57:17,0,2024-07-16 20:57:17,,,
2023-03-13,灵武市,水洗36块,6.00,24.50,0.25,,6800.00,1185.00,5.00,出厂价,674,2023-03-13 00:00:00,1,0,2024-07-16 20:57:17,0,2024-07-16 20:57:17,,,
2023-03-10,灵武市,烟煤末,6.00,27.50,0.25,,5500.00,980.00,0.00,出厂价,675,2023-03-10 00:00:00,1,0,2024-07-16 20:57:17,0,2024-07-16 20:57:17,,,
2023-03-10,灵武市,水洗36块,6.00,24.50,0.25,,6800.00,1180.00,0.00,出厂价,676,2023-03-10 00:00:00,1,0,2024-07-16 20:57:17,0,2024-07-16 20:57:17,,,
2023-03-09,灵武市,烟煤末,6.00,27.50,0.25,,5500.00,980.00,0.00,出厂价,677,2023-03-09 00:00:00,1,0,2024-07-16 20:57:17,0,2024-07-16 20:57:17,,,
2023-03-09,灵武市,水洗36块,6.00,24.50,0.25,,6800.00,1180.00,0.00,出厂价,678,2023-03-09 00:00:00,1,0,2024-07-16 20:57:17,0,2024-07-16 20:57:17,,,
2023-03-08,灵武市,烟煤末,6.00,27.50,0.25,,5500.00,980.00,-15.00,出厂价,679,2023-03-08 00:00:00,1,0,2024-07-16 20:57:17,0,2024-07-16 20:57:17,,,
2023-03-08,灵武市,水洗36块,6.00,24.50,0.25,,6800.00,1180.00,-30.00,出厂价,680,2023-03-08 00:00:00,1,0,2024-07-16 20:57:17,0,2024-07-16 20:57:17,,,
2023-03-07,灵武市,烟煤末,6.00,27.50,0.25,,5500.00,995.00,-45.00,出厂价,681,2023-03-07 00:00:00,1,0,2024-07-16 20:57:17,0,2024-07-16 20:57:17,,,
2023-03-07,灵武市,水洗36块,6.00,24.50,0.25,,6800.00,1210.00,-80.00,出厂价,682,2023-03-07 00:00:00,1,0,2024-07-16 20:57:17,0,2024-07-16 20:57:17,,,
2023-03-06,灵武市,烟煤末,6.00,27.50,0.25,,5500.00,1040.00,-15.00,出厂价,683,2023-03-06 00:00:00,1,0,2024-07-16 20:57:17,0,2024-07-16 20:57:17,,,
2023-03-06,灵武市,水洗36块,6.00,24.50,0.25,,6800.00,1290.00,-20.00,出厂价,684,2023-03-06 00:00:00,1,0,2024-07-16 20:57:17,0,2024-07-16 20:57:17,,,
2023-03-03,灵武市,烟煤末,6.00,27.50,0.25,,5500.00,1055.00,0.00,出厂价,685,2023-03-03 00:00:00,1,0,2024-07-16 20:57:17,0,2024-07-16 20:57:17,,,
2023-03-03,灵武市,水洗36块,6.00,24.50,0.25,,6800.00,1310.00,0.00,出厂价,686,2023-03-03 00:00:00,1,0,2024-07-16 20:57:17,0,2024-07-16 20:57:17,,,
2023-03-02,灵武市,烟煤末,6.00,27.50,0.25,,5500.00,1055.00,10.00,出厂价,687,2023-03-02 00:00:00,1,0,2024-07-16 20:57:17,0,2024-07-16 20:57:17,,,
2023-03-02,灵武市,水洗36块,6.00,24.50,0.25,,6800.00,1310.00,0.00,出厂价,688,2023-03-02 00:00:00,1,0,2024-07-16 20:57:17,0,2024-07-16 20:57:17,,,
2023-03-01,灵武市,烟煤末,6.00,27.50,0.25,,5500.00,1045.00,15.00,出厂价,689,2023-03-01 00:00:00,1,0,2024-07-16 20:57:17,0,2024-07-16 20:57:17,,,
2023-03-01,灵武市,水洗36块,6.00,24.50,0.25,,6800.00,1310.00,40.00,出厂价,690,2023-03-01 00:00:00,1,0,2024-07-16 20:57:17,0,2024-07-16 20:57:17,,,
2023-02-28,灵武市,烟煤末,6.00,27.50,0.25,,5500.00,1030.00,80.00,出厂价,691,2023-02-28 00:00:00,1,0,2024-07-16 20:57:20,0,2024-07-16 20:57:20,,,
2023-02-28,灵武市,水洗36块,6.00,24.50,0.25,,6800.00,1270.00,60.00,出厂价,692,2023-02-28 00:00:00,1,0,2024-07-16 20:57:20,0,2024-07-16 20:57:20,,,
2023-02-27,灵武市,烟煤末,6.00,27.50,0.25,,5500.00,950.00,0.00,出厂价,693,2023-02-27 00:00:00,1,0,2024-07-16 20:57:20,0,2024-07-16 20:57:20,,,
2023-02-27,灵武市,水洗36块,6.00,24.50,0.25,,6800.00,1210.00,35.00,出厂价,694,2023-02-27 00:00:00,1,0,2024-07-16 20:57:20,0,2024-07-16 20:57:20,,,
2023-02-24,灵武市,烟煤末,6.00,27.50,0.25,,5500.00,950.00,45.00,出厂价,695,2023-02-24 00:00:00,1,0,2024-07-16 20:57:20,0,2024-07-16 20:57:20,,,
2023-02-24,灵武市,水洗36块,6.00,24.50,0.25,,6800.00,1175.00,25.00,出厂价,696,2023-02-24 00:00:00,1,0,2024-07-16 20:57:20,0,2024-07-16 20:57:20,,,
2023-02-23,灵武市,烟煤末,6.00,27.50,0.25,,5500.00,905.00,15.00,出厂价,697,2023-02-23 00:00:00,1,0,2024-07-16 20:57:20,0,2024-07-16 20:57:20,,,
2023-02-23,灵武市,水洗36块,6.00,24.50,0.25,,6800.00,1150.00,15.00,出厂价,698,2023-02-23 00:00:00,1,0,2024-07-16 20:57:20,0,2024-07-16 20:57:20,,,
2023-02-22,灵武市,烟煤末,6.00,27.50,0.25,,5500.00,890.00,10.00,出厂价,699,2023-02-22 00:00:00,1,0,2024-07-16 20:57:20,0,2024-07-16 20:57:20,,,
2023-02-22,灵武市,水洗36块,6.00,24.50,0.25,,6800.00,1135.00,5.00,出厂价,700,2023-02-22 00:00:00,1,0,2024-07-16 20:57:20,0,2024-07-16 20:57:20,,,
2023-02-21,灵武市,烟煤末,6.00,27.50,0.25,,5500.00,880.00,0.00,出厂价,701,2023-02-21 00:00:00,1,0,2024-07-16 20:57:20,0,2024-07-16 20:57:20,,,
2023-02-21,灵武市,水洗36块,6.00,24.50,0.25,,6800.00,1130.00,5.00,出厂价,702,2023-02-21 00:00:00,1,0,2024-07-16 20:57:20,0,2024-07-16 20:57:20,,,
2023-02-20,灵武市,烟煤末,6.00,27.50,0.25,,5500.00,880.00,0.00,出厂价,703,2023-02-20 00:00:00,1,0,2024-07-16 20:57:20,0,2024-07-16 20:57:20,,,
2023-02-20,灵武市,水洗36块,6.00,24.50,0.25,,6800.00,1125.00,0.00,出厂价,704,2023-02-20 00:00:00,1,0,2024-07-16 20:57:20,0,2024-07-16 20:57:20,,,
2023-02-17,灵武市,烟煤末,6.00,27.50,0.25,,5500.00,880.00,0.00,出厂价,705,2023-02-17 00:00:00,1,0,2024-07-16 20:57:20,0,2024-07-16 20:57:20,,,
2023-02-17,灵武市,水洗36块,6.00,24.50,0.25,,6800.00,1125.00,0.00,出厂价,706,2023-02-17 00:00:00,1,0,2024-07-16 20:57:20,0,2024-07-16 20:57:20,,,
2023-02-16,灵武市,烟煤末,6.00,27.50,0.25,,5500.00,880.00,-25.00,出厂价,707,2023-02-16 00:00:00,1,0,2024-07-16 20:57:20,0,2024-07-16 20:57:20,,,
2023-02-16,灵武市,水洗36块,6.00,24.50,0.25,,6800.00,1125.00,-85.00,出厂价,708,2023-02-16 00:00:00,1,0,2024-07-16 20:57:20,0,2024-07-16 20:57:20,,,
2023-02-15,灵武市,烟煤末,6.00,27.50,0.25,,5500.00,905.00,0.00,出厂价,709,2023-02-15 00:00:00,1,0,2024-07-16 20:57:20,0,2024-07-16 20:57:20,,,
2023-02-15,灵武市,水洗36块,6.00,24.50,0.25,,6800.00,1210.00,0.00,出厂价,710,2023-02-15 00:00:00,1,0,2024-07-16 20:57:20,0,2024-07-16 20:57:20,,,
2023-02-14,灵武市,烟煤末,6.00,27.50,0.25,,5500.00,905.00,0.00,出厂价,711,2023-02-14 00:00:00,1,0,2024-07-16 20:57:20,0,2024-07-16 20:57:20,,,
2023-02-14,灵武市,水洗36块,6.00,24.50,0.25,,6800.00,1210.00,-120.00,出厂价,712,2023-02-14 00:00:00,1,0,2024-07-16 20:57:20,0,2024-07-16 20:57:20,,,
2023-02-13,灵武市,烟煤末,6.00,27.50,0.25,,5500.00,905.00,0.00,出厂价,713,2023-02-13 00:00:00,1,0,2024-07-16 20:57:20,0,2024-07-16 20:57:20,,,
2023-02-13,灵武市,水洗36块,6.00,24.50,0.25,,6800.00,1330.00,-30.00,出厂价,714,2023-02-13 00:00:00,1,0,2024-07-16 20:57:20,0,2024-07-16 20:57:20,,,
2023-02-10,灵武市,烟煤末,6.00,27.50,0.25,,5500.00,905.00,0.00,出厂价,715,2023-02-10 00:00:00,1,0,2024-07-16 20:57:20,0,2024-07-16 20:57:20,,,
2023-02-10,灵武市,水洗36块,6.00,24.50,0.25,,6800.00,1360.00,-20.00,出厂价,716,2023-02-10 00:00:00,1,0,2024-07-16 20:57:20,0,2024-07-16 20:57:20,,,
2023-02-09,灵武市,烟煤末,6.00,27.50,0.25,,5500.00,905.00,0.00,出厂价,717,2023-02-09 00:00:00,1,0,2024-07-16 20:57:20,0,2024-07-16 20:57:20,,,
2023-02-09,灵武市,水洗36块,6.00,24.50,0.25,,6800.00,1380.00,-10.00,出厂价,718,2023-02-09 00:00:00,1,0,2024-07-16 20:57:20,0,2024-07-16 20:57:20,,,
2023-02-08,灵武市,烟煤末,6.00,27.50,0.25,,5500.00,905.00,0.00,出厂价,719,2023-02-08 00:00:00,1,0,2024-07-16 20:57:20,0,2024-07-16 20:57:20,,,
2023-02-08,灵武市,水洗36块,6.00,24.50,0.25,,6800.00,1390.00,-25.00,出厂价,720,2023-02-08 00:00:00,1,0,2024-07-16 20:57:20,0,2024-07-16 20:57:20,,,
2023-02-07,灵武市,烟煤末,6.00,27.50,0.25,,5500.00,905.00,0.00,出厂价,721,2023-02-07 00:00:00,1,0,2024-07-16 20:57:24,0,2024-07-16 20:57:24,,,
2023-02-07,灵武市,水洗36块,6.00,24.50,0.25,,6800.00,1415.00,-15.00,出厂价,722,2023-02-07 00:00:00,1,0,2024-07-16 20:57:24,0,2024-07-16 20:57:24,,,
2023-02-06,灵武市,烟煤末,6.00,27.50,0.25,,5500.00,905.00,0.00,出厂价,723,2023-02-06 00:00:00,1,0,2024-07-16 20:57:24,0,2024-07-16 20:57:24,,,
2023-02-06,灵武市,水洗36块,6.00,24.50,0.25,,6800.00,1430.00,0.00,出厂价,724,2023-02-06 00:00:00,1,0,2024-07-16 20:57:24,0,2024-07-16 20:57:24,,,
2023-02-03,灵武市,烟煤末,6.00,27.50,0.25,,5500.00,905.00,0.00,出厂价,725,2023-02-03 00:00:00,1,0,2024-07-16 20:57:24,0,2024-07-16 20:57:24,,,
2023-02-03,灵武市,水洗36块,6.00,24.50,0.25,,6800.00,1430.00,0.00,出厂价,726,2023-02-03 00:00:00,1,0,2024-07-16 20:57:24,0,2024-07-16 20:57:24,,,
2023-02-02,灵武市,烟煤末,6.00,27.50,0.25,,5500.00,905.00,0.00,出厂价,727,2023-02-02 00:00:00,1,0,2024-07-16 20:57:24,0,2024-07-16 20:57:24,,,
2023-02-02,灵武市,水洗36块,6.00,24.50,0.25,,6800.00,1430.00,0.00,出厂价,728,2023-02-02 00:00:00,1,0,2024-07-16 20:57:24,0,2024-07-16 20:57:24,,,
2023-02-01,灵武市,烟煤末,6.00,27.50,0.25,,5500.00,905.00,0.00,出厂价,729,2023-02-01 00:00:00,1,0,2024-07-16 20:57:24,0,2024-07-16 20:57:24,,,
2023-02-01,灵武市,水洗36块,6.00,24.50,0.25,,6800.00,1430.00,0.00,出厂价,730,2023-02-01 00:00:00,1,0,2024-07-16 20:57:24,0,2024-07-16 20:57:24,,,
2023-01-31,灵武市,烟煤末,6.00,27.50,0.25,,5500.00,905.00,0.00,出厂价,731,2023-01-31 00:00:00,1,0,2024-07-16 20:57:24,0,2024-07-16 20:57:24,,,
2023-01-31,灵武市,水洗36块,6.00,24.50,0.25,,6800.00,1430.00,0.00,出厂价,732,2023-01-31 00:00:00,1,0,2024-07-16 20:57:24,0,2024-07-16 20:57:24,,,
2023-01-30,灵武市,烟煤末,6.00,27.50,0.25,,5500.00,905.00,0.00,出厂价,733,2023-01-30 00:00:00,1,0,2024-07-16 20:57:24,0,2024-07-16 20:57:24,,,
2023-01-30,灵武市,水洗36块,6.00,24.50,0.25,,6800.00,1430.00,0.00,出厂价,734,2023-01-30 00:00:00,1,0,2024-07-16 20:57:24,0,2024-07-16 20:57:24,,,
2023-01-29,灵武市,烟煤末,6.00,27.50,0.25,,5500.00,905.00,0.00,出厂价,735,2023-01-29 00:00:00,1,0,2024-07-16 20:57:24,0,2024-07-16 20:57:24,,,
2023-01-29,灵武市,水洗36块,6.00,24.50,0.25,,6800.00,1430.00,0.00,出厂价,736,2023-01-29 00:00:00,1,0,2024-07-16 20:57:24,0,2024-07-16 20:57:24,,,
2023-01-28,灵武市,烟煤末,6.00,27.50,0.25,,5500.00,905.00,0.00,出厂价,737,2023-01-28 00:00:00,1,0,2024-07-16 20:57:24,0,2024-07-16 20:57:24,,,
2023-01-28,灵武市,水洗36块,6.00,24.50,0.25,,6800.00,1430.00,0.00,出厂价,738,2023-01-28 00:00:00,1,0,2024-07-16 20:57:24,0,2024-07-16 20:57:24,,,
2023-01-20,灵武市,烟煤末,6.00,27.50,0.25,,5500.00,905.00,0.00,出厂价,739,2023-01-20 00:00:00,1,0,2024-07-16 20:57:24,0,2024-07-16 20:57:24,,,
2023-01-20,灵武市,水洗36块,6.00,24.50,0.25,,6800.00,1430.00,0.00,出厂价,740,2023-01-20 00:00:00,1,0,2024-07-16 20:57:24,0,2024-07-16 20:57:24,,,
2023-01-19,灵武市,烟煤末,6.00,27.50,0.25,,5500.00,905.00,0.00,出厂价,741,2023-01-19 00:00:00,1,0,2024-07-16 20:57:24,0,2024-07-16 20:57:24,,,
2023-01-19,灵武市,水洗36块,6.00,24.50,0.25,,6800.00,1430.00,0.00,出厂价,742,2023-01-19 00:00:00,1,0,2024-07-16 20:57:24,0,2024-07-16 20:57:24,,,
2023-01-18,灵武市,烟煤末,6.00,27.50,0.25,,5500.00,905.00,0.00,出厂价,743,2023-01-18 00:00:00,1,0,2024-07-16 20:57:24,0,2024-07-16 20:57:24,,,
2023-01-18,灵武市,水洗36块,6.00,24.50,0.25,,6800.00,1430.00,0.00,出厂价,744,2023-01-18 00:00:00,1,0,2024-07-16 20:57:24,0,2024-07-16 20:57:24,,,
2023-01-17,灵武市,烟煤末,6.00,27.50,0.25,,5500.00,905.00,0.00,出厂价,745,2023-01-17 00:00:00,1,0,2024-07-16 20:57:24,0,2024-07-16 20:57:24,,,
2023-01-17,灵武市,水洗36块,6.00,24.50,0.25,,6800.00,1430.00,0.00,出厂价,746,2023-01-17 00:00:00,1,0,2024-07-16 20:57:24,0,2024-07-16 20:57:24,,,
2023-01-16,灵武市,烟煤末,6.00,27.50,0.25,,5500.00,905.00,0.00,出厂价,747,2023-01-16 00:00:00,1,0,2024-07-16 20:57:24,0,2024-07-16 20:57:24,,,
2023-01-16,灵武市,水洗36块,6.00,24.50,0.25,,6800.00,1430.00,0.00,出厂价,748,2023-01-16 00:00:00,1,0,2024-07-16 20:57:24,0,2024-07-16 20:57:24,,,
2023-01-13,灵武市,烟煤末,6.00,27.50,0.25,,5500.00,905.00,0.00,出厂价,749,2023-01-13 00:00:00,1,0,2024-07-16 20:57:24,0,2024-07-16 20:57:24,,,
2023-01-13,灵武市,水洗36块,6.00,24.50,0.25,,6800.00,1430.00,0.00,出厂价,750,2023-01-13 00:00:00,1,0,2024-07-16 20:57:24,0,2024-07-16 20:57:24,,,
2023-01-12,灵武市,烟煤末,6.00,27.50,0.25,,5500.00,905.00,0.00,出厂价,751,2023-01-12 00:00:00,1,0,2024-07-16 20:57:28,0,2024-07-16 20:57:28,,,
2023-01-12,灵武市,水洗36块,6.00,24.50,0.25,,6800.00,1430.00,0.00,出厂价,752,2023-01-12 00:00:00,1,0,2024-07-16 20:57:28,0,2024-07-16 20:57:28,,,
2023-01-11,灵武市,烟煤末,6.00,27.50,0.25,,5500.00,905.00,0.00,出厂价,753,2023-01-11 00:00:00,1,0,2024-07-16 20:57:28,0,2024-07-16 20:57:28,,,
2023-01-11,灵武市,水洗36块,6.00,24.50,0.25,,6800.00,1430.00,15.00,出厂价,754,2023-01-11 00:00:00,1,0,2024-07-16 20:57:28,0,2024-07-16 20:57:28,,,
2023-01-10,灵武市,烟煤末,6.00,27.50,0.25,,5500.00,905.00,0.00,出厂价,755,2023-01-10 00:00:00,1,0,2024-07-16 20:57:28,0,2024-07-16 20:57:28,,,
2023-01-10,灵武市,水洗36块,6.00,24.50,0.25,,6800.00,1415.00,0.00,出厂价,756,2023-01-10 00:00:00,1,0,2024-07-16 20:57:28,0,2024-07-16 20:57:28,,,
2023-01-09,灵武市,烟煤末,6.00,27.50,0.25,,5500.00,905.00,0.00,出厂价,757,2023-01-09 00:00:00,1,0,2024-07-16 20:57:28,0,2024-07-16 20:57:28,,,
2023-01-09,灵武市,水洗36块,6.00,24.50,0.25,,6800.00,1415.00,0.00,出厂价,758,2023-01-09 00:00:00,1,0,2024-07-16 20:57:28,0,2024-07-16 20:57:28,,,
2023-01-06,灵武市,烟煤末,6.00,27.50,0.25,,5500.00,905.00,0.00,出厂价,759,2023-01-06 00:00:00,1,0,2024-07-16 20:57:28,0,2024-07-16 20:57:28,,,
2023-01-06,灵武市,水洗36块,6.00,24.50,0.25,,6800.00,1415.00,0.00,出厂价,760,2023-01-06 00:00:00,1,0,2024-07-16 20:57:28,0,2024-07-16 20:57:28,,,
2023-01-05,灵武市,烟煤末,6.00,27.50,0.25,,5500.00,905.00,0.00,出厂价,761,2023-01-05 00:00:00,1,0,2024-07-16 20:57:28,0,2024-07-16 20:57:28,,,
2023-01-05,灵武市,水洗36块,6.00,24.50,0.25,,6800.00,1415.00,0.00,出厂价,762,2023-01-05 00:00:00,1,0,2024-07-16 20:57:28,0,2024-07-16 20:57:28,,,
2023-01-04,灵武市,烟煤末,6.00,27.50,0.25,,5500.00,905.00,0.00,出厂价,763,2023-01-04 00:00:00,1,0,2024-07-16 20:57:28,0,2024-07-16 20:57:28,,,
2023-01-04,灵武市,水洗36块,6.00,24.50,0.25,,6800.00,1415.00,0.00,出厂价,764,2023-01-04 00:00:00,1,0,2024-07-16 20:57:28,0,2024-07-16 20:57:28,,,
2023-01-03,灵武市,烟煤末,6.00,27.50,0.25,,5500.00,905.00,0.00,出厂价,765,2023-01-03 00:00:00,1,0,2024-07-16 20:57:28,0,2024-07-16 20:57:28,,,
2023-01-03,灵武市,水洗36块,6.00,24.50,0.25,,6800.00,1415.00,0.00,出厂价,766,2023-01-03 00:00:00,1,0,2024-07-16 20:57:28,0,2024-07-16 20:57:28,,,
2022-12-30,灵武市,烟煤末,6.00,27.50,0.25,,5500.00,905.00,0.00,出厂价,767,2022-12-30 00:00:00,1,0,2024-07-16 20:57:28,0,2024-07-16 20:57:28,,,
2022-12-30,灵武市,水洗36块,6.00,24.50,0.25,,6800.00,1415.00,0.00,出厂价,768,2022-12-30 00:00:00,1,0,2024-07-16 20:57:28,0,2024-07-16 20:57:28,,,
2022-12-29,灵武市,烟煤末,6.00,27.50,0.25,,5500.00,905.00,0.00,出厂价,769,2022-12-29 00:00:00,1,0,2024-07-16 20:57:28,0,2024-07-16 20:57:28,,,
2022-12-29,灵武市,水洗36块,6.00,24.50,0.25,,6800.00,1415.00,0.00,出厂价,770,2022-12-29 00:00:00,1,0,2024-07-16 20:57:28,0,2024-07-16 20:57:28,,,
2022-12-28,灵武市,烟煤末,6.00,27.50,0.25,,5500.00,905.00,0.00,出厂价,771,2022-12-28 00:00:00,1,0,2024-07-16 20:57:28,0,2024-07-16 20:57:28,,,
2022-12-28,灵武市,水洗36块,6.00,24.50,0.25,,6800.00,1415.00,0.00,出厂价,772,2022-12-28 00:00:00,1,0,2024-07-16 20:57:28,0,2024-07-16 20:57:28,,,
2022-12-27,灵武市,烟煤末,6.00,27.50,0.25,,5500.00,905.00,0.00,出厂价,773,2022-12-27 00:00:00,1,0,2024-07-16 20:57:28,0,2024-07-16 20:57:28,,,
2022-12-27,灵武市,水洗36块,6.00,24.50,0.25,,6800.00,1415.00,-15.00,出厂价,774,2022-12-27 00:00:00,1,0,2024-07-16 20:57:28,0,2024-07-16 20:57:28,,,
2022-12-26,灵武市,烟煤末,6.00,27.50,0.25,,5500.00,905.00,0.00,出厂价,775,2022-12-26 00:00:00,1,0,2024-07-16 20:57:28,0,2024-07-16 20:57:28,,,
2022-12-26,灵武市,水洗36块,6.00,24.50,0.25,,6800.00,1430.00,-10.00,出厂价,776,2022-12-26 00:00:00,1,0,2024-07-16 20:57:28,0,2024-07-16 20:57:28,,,
2022-12-23,灵武市,烟煤末,6.00,27.50,0.25,,5500.00,905.00,0.00,出厂价,777,2022-12-23 00:00:00,1,0,2024-07-16 20:57:28,0,2024-07-16 20:57:28,,,
2022-12-23,灵武市,水洗36块,6.00,24.50,0.25,,6800.00,1440.00,0.00,出厂价,778,2022-12-23 00:00:00,1,0,2024-07-16 20:57:28,0,2024-07-16 20:57:28,,,
2022-12-22,灵武市,烟煤末,6.00,27.50,0.25,,5500.00,905.00,0.00,出厂价,779,2022-12-22 00:00:00,1,0,2024-07-16 20:57:28,0,2024-07-16 20:57:28,,,
2022-12-22,灵武市,水洗36块,6.00,24.50,0.25,,6800.00,1440.00,0.00,出厂价,780,2022-12-22 00:00:00,1,0,2024-07-16 20:57:28,0,2024-07-16 20:57:28,,,
2022-12-21,灵武市,烟煤末,6.00,27.50,0.25,,5500.00,905.00,0.00,出厂价,781,2022-12-21 00:00:00,1,0,2024-07-16 20:57:30,0,2024-07-16 20:57:30,,,
2022-12-21,灵武市,水洗36块,6.00,24.50,0.25,,6800.00,1440.00,-10.00,出厂价,782,2022-12-21 00:00:00,1,0,2024-07-16 20:57:30,0,2024-07-16 20:57:30,,,
2022-12-20,灵武市,烟煤末,6.00,27.50,0.25,,5500.00,905.00,0.00,出厂价,783,2022-12-20 00:00:00,1,0,2024-07-16 20:57:30,0,2024-07-16 20:57:30,,,
2022-12-20,灵武市,水洗36块,6.00,24.50,0.25,,6800.00,1450.00,0.00,出厂价,784,2022-12-20 00:00:00,1,0,2024-07-16 20:57:30,0,2024-07-16 20:57:30,,,
2022-12-19,灵武市,烟煤末,6.00,27.50,0.25,,5500.00,905.00,0.00,出厂价,785,2022-12-19 00:00:00,1,0,2024-07-16 20:57:30,0,2024-07-16 20:57:30,,,
2022-12-19,灵武市,水洗36块,6.00,24.50,0.25,,6800.00,1450.00,0.00,出厂价,786,2022-12-19 00:00:00,1,0,2024-07-16 20:57:30,0,2024-07-16 20:57:30,,,
2022-12-16,灵武市,烟煤末,6.00,27.50,0.25,,5500.00,905.00,0.00,出厂价,787,2022-12-16 00:00:00,1,0,2024-07-16 20:57:30,0,2024-07-16 20:57:30,,,
2022-12-16,灵武市,水洗36块,6.00,24.50,0.25,,6800.00,1450.00,-25.00,出厂价,788,2022-12-16 00:00:00,1,0,2024-07-16 20:57:30,0,2024-07-16 20:57:30,,,
2022-12-15,灵武市,烟煤末,6.00,27.50,0.25,,5500.00,905.00,0.00,出厂价,789,2022-12-15 00:00:00,1,0,2024-07-16 20:57:30,0,2024-07-16 20:57:30,,,
2022-12-15,灵武市,水洗36块,6.00,24.50,0.25,,6800.00,1475.00,-15.00,出厂价,790,2022-12-15 00:00:00,1,0,2024-07-16 20:57:30,0,2024-07-16 20:57:30,,,
2022-12-14,灵武市,烟煤末,6.00,27.50,0.25,,5500.00,905.00,0.00,出厂价,791,2022-12-14 00:00:00,1,0,2024-07-16 20:57:30,0,2024-07-16 20:57:30,,,
2022-12-14,灵武市,水洗36块,6.00,24.50,0.25,,6800.00,1490.00,0.00,出厂价,792,2022-12-14 00:00:00,1,0,2024-07-16 20:57:30,0,2024-07-16 20:57:30,,,
2022-12-13,灵武市,烟煤末,6.00,27.50,0.25,,5500.00,905.00,0.00,出厂价,793,2022-12-13 00:00:00,1,0,2024-07-16 20:57:30,0,2024-07-16 20:57:30,,,
2022-12-13,灵武市,水洗36块,6.00,24.50,0.25,,6800.00,1490.00,30.00,出厂价,794,2022-12-13 00:00:00,1,0,2024-07-16 20:57:30,0,2024-07-16 20:57:30,,,
2022-12-12,灵武市,烟煤末,6.00,27.50,0.25,,5500.00,905.00,0.00,出厂价,795,2022-12-12 00:00:00,1,0,2024-07-16 20:57:30,0,2024-07-16 20:57:30,,,
2022-12-12,灵武市,水洗36块,6.00,24.50,0.25,,6800.00,1460.00,0.00,出厂价,796,2022-12-12 00:00:00,1,0,2024-07-16 20:57:30,0,2024-07-16 20:57:30,,,
2022-12-09,灵武市,烟煤末,6.00,27.50,0.25,,5500.00,905.00,0.00,出厂价,797,2022-12-09 00:00:00,1,0,2024-07-16 20:57:30,0,2024-07-16 20:57:30,,,
2022-12-09,灵武市,水洗36块,6.00,24.50,0.25,,6800.00,1460.00,0.00,出厂价,798,2022-12-09 00:00:00,1,0,2024-07-16 20:57:30,0,2024-07-16 20:57:30,,,
2022-12-08,灵武市,烟煤末,6.00,27.50,0.25,,5500.00,905.00,0.00,出厂价,799,2022-12-08 00:00:00,1,0,2024-07-16 20:57:30,0,2024-07-16 20:57:30,,,
2022-12-08,灵武市,水洗36块,6.00,24.50,0.25,,6800.00,1460.00,10.00,出厂价,800,2022-12-08 00:00:00,1,0,2024-07-16 20:57:30,0,2024-07-16 20:57:30,,,
2022-12-07,灵武市,烟煤末,6.00,27.50,0.25,,5500.00,905.00,0.00,出厂价,801,2022-12-07 00:00:00,1,0,2024-07-16 20:57:30,0,2024-07-16 20:57:30,,,
2022-12-07,灵武市,水洗36块,6.00,24.50,0.25,,6800.00,1450.00,0.00,出厂价,802,2022-12-07 00:00:00,1,0,2024-07-16 20:57:30,0,2024-07-16 20:57:30,,,
2022-12-06,灵武市,烟煤末,6.00,27.50,0.25,,5500.00,905.00,0.00,出厂价,803,2022-12-06 00:00:00,1,0,2024-07-16 20:57:30,0,2024-07-16 20:57:30,,,
2022-12-06,灵武市,水洗36块,6.00,24.50,0.25,,6800.00,1450.00,0.00,出厂价,804,2022-12-06 00:00:00,1,0,2024-07-16 20:57:30,0,2024-07-16 20:57:30,,,
2022-12-05,灵武市,烟煤末,6.00,27.50,0.25,,5500.00,905.00,0.00,出厂价,805,2022-12-05 00:00:00,1,0,2024-07-16 20:57:30,0,2024-07-16 20:57:30,,,
2022-12-05,灵武市,水洗36块,6.00,24.50,0.25,,6800.00,1450.00,10.00,出厂价,806,2022-12-05 00:00:00,1,0,2024-07-16 20:57:30,0,2024-07-16 20:57:30,,,
2022-12-02,灵武市,烟煤末,6.00,27.50,0.25,,5500.00,905.00,0.00,出厂价,807,2022-12-02 00:00:00,1,0,2024-07-16 20:57:30,0,2024-07-16 20:57:30,,,
2022-12-02,灵武市,水洗36块,6.00,24.50,0.25,,6800.00,1440.00,-10.00,出厂价,808,2022-12-02 00:00:00,1,0,2024-07-16 20:57:30,0,2024-07-16 20:57:30,,,
2022-12-01,灵武市,烟煤末,6.00,27.50,0.25,,5500.00,905.00,0.00,出厂价,809,2022-12-01 00:00:00,1,0,2024-07-16 20:57:30,0,2024-07-16 20:57:30,,,
2022-12-01,灵武市,水洗36块,6.00,24.50,0.25,,6800.00,1450.00,-15.00,出厂价,810,2022-12-01 00:00:00,1,0,2024-07-16 20:57:30,0,2024-07-16 20:57:30,,,
2022-11-30,灵武市,烟煤末,6.00,27.50,0.25,,5500.00,905.00,0.00,出厂价,811,2022-11-30 00:00:00,1,0,2024-07-16 20:57:34,0,2024-07-16 20:57:34,,,
2022-11-30,灵武市,水洗36块,6.00,24.50,0.25,,6800.00,1465.00,-10.00,出厂价,812,2022-11-30 00:00:00,1,0,2024-07-16 20:57:34,0,2024-07-16 20:57:34,,,
2022-11-29,灵武市,烟煤末,6.00,27.50,0.25,,5500.00,905.00,0.00,出厂价,813,2022-11-29 00:00:00,1,0,2024-07-16 20:57:34,0,2024-07-16 20:57:34,,,
2022-11-29,灵武市,水洗36块,6.00,24.50,0.25,,6800.00,1475.00,-35.00,出厂价,814,2022-11-29 00:00:00,1,0,2024-07-16 20:57:34,0,2024-07-16 20:57:34,,,
2022-11-28,灵武市,烟煤末,6.00,27.50,0.25,,5500.00,905.00,0.00,出厂价,815,2022-11-28 00:00:00,1,0,2024-07-16 20:57:34,0,2024-07-16 20:57:34,,,
2022-11-28,灵武市,水洗36块,6.00,24.50,0.25,,6800.00,1510.00,0.00,出厂价,816,2022-11-28 00:00:00,1,0,2024-07-16 20:57:34,0,2024-07-16 20:57:34,,,
2022-11-25,灵武市,烟煤末,6.00,27.50,0.25,,5500.00,905.00,0.00,出厂价,817,2022-11-25 00:00:00,1,0,2024-07-16 20:57:34,0,2024-07-16 20:57:34,,,
2022-11-25,灵武市,水洗36块,6.00,24.50,0.25,,6800.00,1510.00,0.00,出厂价,818,2022-11-25 00:00:00,1,0,2024-07-16 20:57:34,0,2024-07-16 20:57:34,,,
2022-11-24,灵武市,烟煤末,6.00,27.50,0.25,,5500.00,905.00,0.00,出厂价,819,2022-11-24 00:00:00,1,0,2024-07-16 20:57:34,0,2024-07-16 20:57:34,,,
2022-11-24,灵武市,水洗36块,6.00,24.50,0.25,,6800.00,1510.00,-50.00,出厂价,820,2022-11-24 00:00:00,1,0,2024-07-16 20:57:34,0,2024-07-16 20:57:34,,,
2022-11-23,灵武市,烟煤末,6.00,27.50,0.25,,5500.00,905.00,0.00,出厂价,821,2022-11-23 00:00:00,1,0,2024-07-16 20:57:34,0,2024-07-16 20:57:34,,,
2022-11-23,灵武市,水洗36块,6.00,24.50,0.25,,6800.00,1560.00,-10.00,出厂价,822,2022-11-23 00:00:00,1,0,2024-07-16 20:57:34,0,2024-07-16 20:57:34,,,
2022-11-22,灵武市,烟煤末,6.00,27.50,0.25,,5500.00,905.00,0.00,出厂价,823,2022-11-22 00:00:00,1,0,2024-07-16 20:57:34,0,2024-07-16 20:57:34,,,
2022-11-22,灵武市,水洗36块,6.00,24.50,0.25,,6800.00,1570.00,-25.00,出厂价,824,2022-11-22 00:00:00,1,0,2024-07-16 20:57:34,0,2024-07-16 20:57:34,,,
2022-11-21,灵武市,烟煤末,6.00,27.50,0.25,,5500.00,905.00,0.00,出厂价,825,2022-11-21 00:00:00,1,0,2024-07-16 20:57:34,0,2024-07-16 20:57:34,,,
2022-11-21,灵武市,水洗36块,6.00,24.50,0.25,,6800.00,1595.00,0.00,出厂价,826,2022-11-21 00:00:00,1,0,2024-07-16 20:57:34,0,2024-07-16 20:57:34,,,
2022-11-18,灵武市,烟煤末,6.00,27.50,0.25,,5500.00,905.00,0.00,出厂价,827,2022-11-18 00:00:00,1,0,2024-07-16 20:57:34,0,2024-07-16 20:57:34,,,
2022-11-18,灵武市,水洗36块,6.00,24.50,0.25,,6800.00,1595.00,0.00,出厂价,828,2022-11-18 00:00:00,1,0,2024-07-16 20:57:34,0,2024-07-16 20:57:34,,,
2022-11-17,灵武市,烟煤末,6.00,27.50,0.25,,5500.00,905.00,0.00,出厂价,829,2022-11-17 00:00:00,1,0,2024-07-16 20:57:34,0,2024-07-16 20:57:34,,,
2022-11-17,灵武市,水洗36块,6.00,24.50,0.25,,6800.00,1595.00,0.00,出厂价,830,2022-11-17 00:00:00,1,0,2024-07-16 20:57:34,0,2024-07-16 20:57:34,,,
2022-11-16,灵武市,烟煤末,6.00,27.50,0.25,,5500.00,905.00,0.00,出厂价,831,2022-11-16 00:00:00,1,0,2024-07-16 20:57:34,0,2024-07-16 20:57:34,,,
2022-11-16,灵武市,水洗36块,6.00,24.50,0.25,,6800.00,1595.00,0.00,出厂价,832,2022-11-16 00:00:00,1,0,2024-07-16 20:57:34,0,2024-07-16 20:57:34,,,
2022-11-15,灵武市,烟煤末,6.00,27.50,0.25,,5500.00,905.00,0.00,出厂价,833,2022-11-15 00:00:00,1,0,2024-07-16 20:57:34,0,2024-07-16 20:57:34,,,
2022-11-15,灵武市,水洗36块,6.00,24.50,0.25,,6800.00,1595.00,0.00,出厂价,834,2022-11-15 00:00:00,1,0,2024-07-16 20:57:34,0,2024-07-16 20:57:34,,,
2022-11-14,灵武市,烟煤末,6.00,27.50,0.25,,5500.00,905.00,0.00,出厂价,835,2022-11-14 00:00:00,1,0,2024-07-16 20:57:34,0,2024-07-16 20:57:34,,,
2022-11-14,灵武市,水洗36块,6.00,24.50,0.25,,6800.00,1595.00,0.00,出厂价,836,2022-11-14 00:00:00,1,0,2024-07-16 20:57:34,0,2024-07-16 20:57:34,,,
2022-11-11,灵武市,烟煤末,6.00,27.50,0.25,,5500.00,905.00,0.00,出厂价,837,2022-11-11 00:00:00,1,0,2024-07-16 20:57:34,0,2024-07-16 20:57:34,,,
2022-11-11,灵武市,水洗36块,6.00,24.50,0.25,,6800.00,1595.00,0.00,出厂价,838,2022-11-11 00:00:00,1,0,2024-07-16 20:57:34,0,2024-07-16 20:57:34,,,
2022-11-10,灵武市,烟煤末,6.00,27.50,0.25,,5500.00,905.00,0.00,出厂价,839,2022-11-10 00:00:00,1,0,2024-07-16 20:57:34,0,2024-07-16 20:57:34,,,
2022-11-10,灵武市,水洗36块,6.00,24.50,0.25,,6800.00,1595.00,0.00,出厂价,840,2022-11-10 00:00:00,1,0,2024-07-16 20:57:34,0,2024-07-16 20:57:34,,,
2022-11-09,灵武市,烟煤末,6.00,27.50,0.25,,5500.00,905.00,0.00,出厂价,841,2022-11-09 00:00:00,1,0,2024-07-16 20:57:36,0,2024-07-16 20:57:36,,,
2022-11-09,灵武市,水洗36块,6.00,24.50,0.25,,6800.00,1595.00,0.00,出厂价,842,2022-11-09 00:00:00,1,0,2024-07-16 20:57:36,0,2024-07-16 20:57:36,,,
2022-11-08,灵武市,烟煤末,6.00,27.50,0.25,,5500.00,905.00,0.00,出厂价,843,2022-11-08 00:00:00,1,0,2024-07-16 20:57:36,0,2024-07-16 20:57:36,,,
2022-11-08,灵武市,水洗36块,6.00,24.50,0.25,,6800.00,1595.00,0.00,出厂价,844,2022-11-08 00:00:00,1,0,2024-07-16 20:57:36,0,2024-07-16 20:57:36,,,
2022-11-07,灵武市,烟煤末,6.00,27.50,0.25,,5500.00,905.00,0.00,出厂价,845,2022-11-07 00:00:00,1,0,2024-07-16 20:57:36,0,2024-07-16 20:57:36,,,
2022-11-07,灵武市,水洗36块,6.00,24.50,0.25,,6800.00,1595.00,10.00,出厂价,846,2022-11-07 00:00:00,1,0,2024-07-16 20:57:36,0,2024-07-16 20:57:36,,,
2022-11-04,灵武市,烟煤末,6.00,27.50,0.25,,5500.00,905.00,0.00,出厂价,847,2022-11-04 00:00:00,1,0,2024-07-16 20:57:36,0,2024-07-16 20:57:36,,,
2022-11-04,灵武市,水洗36块,6.00,24.50,0.25,,6800.00,1585.00,0.00,出厂价,848,2022-11-04 00:00:00,1,0,2024-07-16 20:57:36,0,2024-07-16 20:57:36,,,
2022-11-03,灵武市,烟煤末,6.00,27.50,0.25,,5500.00,905.00,0.00,出厂价,849,2022-11-03 00:00:00,1,0,2024-07-16 20:57:36,0,2024-07-16 20:57:36,,,
2022-11-03,灵武市,水洗36块,6.00,24.50,0.25,,6800.00,1585.00,0.00,出厂价,850,2022-11-03 00:00:00,1,0,2024-07-16 20:57:36,0,2024-07-16 20:57:36,,,
2022-11-02,灵武市,烟煤末,6.00,27.50,0.25,,5500.00,905.00,0.00,出厂价,851,2022-11-02 00:00:00,1,0,2024-07-16 20:57:36,0,2024-07-16 20:57:36,,,
2022-11-02,灵武市,水洗36块,6.00,24.50,0.25,,6800.00,1585.00,0.00,出厂价,852,2022-11-02 00:00:00,1,0,2024-07-16 20:57:36,0,2024-07-16 20:57:36,,,
2022-11-01,灵武市,烟煤末,6.00,27.50,0.25,,5500.00,905.00,0.00,出厂价,853,2022-11-01 00:00:00,1,0,2024-07-16 20:57:36,0,2024-07-16 20:57:36,,,
2022-11-01,灵武市,水洗36块,6.00,24.50,0.25,,6800.00,1585.00,0.00,出厂价,854,2022-11-01 00:00:00,1,0,2024-07-16 20:57:36,0,2024-07-16 20:57:36,,,
2022-10-31,灵武市,烟煤末,6.00,27.50,0.25,,5500.00,905.00,0.00,出厂价,855,2022-10-31 00:00:00,1,0,2024-07-16 20:57:36,0,2024-07-16 20:57:36,,,
2022-10-31,灵武市,水洗36块,6.00,24.50,0.25,,6800.00,1585.00,0.00,出厂价,856,2022-10-31 00:00:00,1,0,2024-07-16 20:57:36,0,2024-07-16 20:57:36,,,
2022-10-28,灵武市,烟煤末,6.00,27.50,0.25,,5500.00,905.00,0.00,出厂价,857,2022-10-28 00:00:00,1,0,2024-07-16 20:57:36,0,2024-07-16 20:57:36,,,
2022-10-28,灵武市,水洗36块,6.00,24.50,0.25,,6800.00,1585.00,0.00,出厂价,858,2022-10-28 00:00:00,1,0,2024-07-16 20:57:36,0,2024-07-16 20:57:36,,,
2022-10-27,灵武市,烟煤末,6.00,27.50,0.25,,5500.00,905.00,0.00,出厂价,859,2022-10-27 00:00:00,1,0,2024-07-16 20:57:36,0,2024-07-16 20:57:36,,,
2022-10-27,灵武市,水洗36块,6.00,24.50,0.25,,6800.00,1585.00,0.00,出厂价,860,2022-10-27 00:00:00,1,0,2024-07-16 20:57:36,0,2024-07-16 20:57:36,,,
2022-10-26,灵武市,烟煤末,6.00,27.50,0.25,,5500.00,905.00,0.00,出厂价,861,2022-10-26 00:00:00,1,0,2024-07-16 20:57:36,0,2024-07-16 20:57:36,,,
2022-10-26,灵武市,水洗36块,6.00,24.50,0.25,,6800.00,1585.00,0.00,出厂价,862,2022-10-26 00:00:00,1,0,2024-07-16 20:57:36,0,2024-07-16 20:57:36,,,
2022-10-25,灵武市,烟煤末,6.00,27.50,0.25,,5500.00,905.00,0.00,出厂价,863,2022-10-25 00:00:00,1,0,2024-07-16 20:57:36,0,2024-07-16 20:57:36,,,
2022-10-25,灵武市,水洗36块,6.00,24.50,0.25,,6800.00,1585.00,0.00,出厂价,864,2022-10-25 00:00:00,1,0,2024-07-16 20:57:36,0,2024-07-16 20:57:36,,,
2022-10-24,灵武市,烟煤末,6.00,27.50,0.25,,5500.00,905.00,0.00,出厂价,865,2022-10-24 00:00:00,1,0,2024-07-16 20:57:36,0,2024-07-16 20:57:36,,,
2022-10-24,灵武市,水洗36块,6.00,24.50,0.25,,6800.00,1585.00,0.00,出厂价,866,2022-10-24 00:00:00,1,0,2024-07-16 20:57:36,0,2024-07-16 20:57:36,,,
2022-10-21,灵武市,烟煤末,6.00,27.50,0.25,,5500.00,905.00,0.00,出厂价,867,2022-10-21 00:00:00,1,0,2024-07-16 20:57:36,0,2024-07-16 20:57:36,,,
2022-10-21,灵武市,水洗36块,6.00,24.50,0.25,,6800.00,1585.00,0.00,出厂价,868,2022-10-21 00:00:00,1,0,2024-07-16 20:57:36,0,2024-07-16 20:57:36,,,
2022-10-20,灵武市,烟煤末,6.00,27.50,0.25,,5500.00,905.00,0.00,出厂价,869,2022-10-20 00:00:00,1,0,2024-07-16 20:57:36,0,2024-07-16 20:57:36,,,
2022-10-20,灵武市,水洗36块,6.00,24.50,0.25,,6800.00,1585.00,0.00,出厂价,870,2022-10-20 00:00:00,1,0,2024-07-16 20:57:36,0,2024-07-16 20:57:36,,,
2022-10-19,灵武市,烟煤末,6.00,27.50,0.25,,5500.00,905.00,0.00,出厂价,871,2022-10-19 00:00:00,1,0,2024-07-16 20:57:40,0,2024-07-16 20:57:40,,,
2022-10-19,灵武市,水洗36块,6.00,24.50,0.25,,6800.00,1585.00,0.00,出厂价,872,2022-10-19 00:00:00,1,0,2024-07-16 20:57:40,0,2024-07-16 20:57:40,,,
2022-10-18,灵武市,烟煤末,6.00,27.50,0.25,,5500.00,905.00,0.00,出厂价,873,2022-10-18 00:00:00,1,0,2024-07-16 20:57:40,0,2024-07-16 20:57:40,,,
2022-10-18,灵武市,水洗36块,6.00,24.50,0.25,,6800.00,1585.00,0.00,出厂价,874,2022-10-18 00:00:00,1,0,2024-07-16 20:57:40,0,2024-07-16 20:57:40,,,
2022-10-17,灵武市,烟煤末,6.00,27.50,0.25,,5500.00,905.00,0.00,出厂价,875,2022-10-17 00:00:00,1,0,2024-07-16 20:57:40,0,2024-07-16 20:57:40,,,
2022-10-17,灵武市,水洗36块,6.00,24.50,0.25,,6800.00,1585.00,0.00,出厂价,876,2022-10-17 00:00:00,1,0,2024-07-16 20:57:40,0,2024-07-16 20:57:40,,,
2022-10-14,灵武市,烟煤末,6.00,27.50,0.25,,5500.00,905.00,0.00,出厂价,877,2022-10-14 00:00:00,1,0,2024-07-16 20:57:40,0,2024-07-16 20:57:40,,,
2022-10-14,灵武市,水洗36块,6.00,24.50,0.25,,6800.00,1585.00,0.00,出厂价,878,2022-10-14 00:00:00,1,0,2024-07-16 20:57:40,0,2024-07-16 20:57:40,,,
2022-10-13,灵武市,烟煤末,6.00,27.50,0.25,,5500.00,905.00,0.00,出厂价,879,2022-10-13 00:00:00,1,0,2024-07-16 20:57:40,0,2024-07-16 20:57:40,,,
2022-10-13,灵武市,水洗36块,6.00,24.50,0.25,,6800.00,1585.00,0.00,出厂价,880,2022-10-13 00:00:00,1,0,2024-07-16 20:57:40,0,2024-07-16 20:57:40,,,
2022-10-12,灵武市,烟煤末,6.00,27.50,0.25,,5500.00,905.00,0.00,出厂价,881,2022-10-12 00:00:00,1,0,2024-07-16 20:57:40,0,2024-07-16 20:57:40,,,
2022-10-12,灵武市,水洗36块,6.00,24.50,0.25,,6800.00,1585.00,0.00,出厂价,882,2022-10-12 00:00:00,1,0,2024-07-16 20:57:40,0,2024-07-16 20:57:40,,,
2022-10-11,灵武市,烟煤末,6.00,27.50,0.25,,5500.00,905.00,0.00,出厂价,883,2022-10-11 00:00:00,1,0,2024-07-16 20:57:40,0,2024-07-16 20:57:40,,,
2022-10-11,灵武市,水洗36块,6.00,24.50,0.25,,6800.00,1585.00,0.00,出厂价,884,2022-10-11 00:00:00,1,0,2024-07-16 20:57:40,0,2024-07-16 20:57:40,,,
2022-10-10,灵武市,烟煤末,6.00,27.50,0.25,,5500.00,905.00,0.00,出厂价,885,2022-10-10 00:00:00,1,0,2024-07-16 20:57:40,0,2024-07-16 20:57:40,,,
2022-10-10,灵武市,水洗36块,6.00,24.50,0.25,,6800.00,1585.00,15.00,出厂价,886,2022-10-10 00:00:00,1,0,2024-07-16 20:57:40,0,2024-07-16 20:57:40,,,
2022-10-09,灵武市,烟煤末,6.00,27.50,0.25,,5500.00,905.00,0.00,出厂价,887,2022-10-09 00:00:00,1,0,2024-07-16 20:57:40,0,2024-07-16 20:57:40,,,
2022-10-09,灵武市,水洗36块,6.00,24.50,0.25,,6800.00,1570.00,10.00,出厂价,888,2022-10-09 00:00:00,1,0,2024-07-16 20:57:40,0,2024-07-16 20:57:40,,,
2022-10-08,灵武市,烟煤末,6.00,27.50,0.25,,5500.00,905.00,0.00,出厂价,889,2022-10-08 00:00:00,1,0,2024-07-16 20:57:40,0,2024-07-16 20:57:40,,,
2022-10-08,灵武市,水洗36块,6.00,24.50,0.25,,6800.00,1560.00,0.00,出厂价,890,2022-10-08 00:00:00,1,0,2024-07-16 20:57:40,0,2024-07-16 20:57:40,,,
2022-09-30,灵武市,烟煤末,6.00,27.50,0.25,,5500.00,905.00,0.00,出厂价,891,2022-09-30 00:00:00,1,0,2024-07-16 20:57:40,0,2024-07-16 20:57:40,,,
2022-09-30,灵武市,水洗36块,6.00,24.50,0.25,,6800.00,1560.00,0.00,出厂价,892,2022-09-30 00:00:00,1,0,2024-07-16 20:57:40,0,2024-07-16 20:57:40,,,
2022-09-29,灵武市,烟煤末,6.00,27.50,0.25,,5500.00,905.00,0.00,出厂价,893,2022-09-29 00:00:00,1,0,2024-07-16 20:57:40,0,2024-07-16 20:57:40,,,
2022-09-29,灵武市,水洗36块,6.00,24.50,0.25,,6800.00,1560.00,10.00,出厂价,894,2022-09-29 00:00:00,1,0,2024-07-16 20:57:40,0,2024-07-16 20:57:40,,,
2022-09-28,灵武市,烟煤末,6.00,27.50,0.25,,5500.00,905.00,0.00,出厂价,895,2022-09-28 00:00:00,1,0,2024-07-16 20:57:40,0,2024-07-16 20:57:40,,,
2022-09-28,灵武市,水洗36块,6.00,24.50,0.25,,6800.00,1550.00,15.00,出厂价,896,2022-09-28 00:00:00,1,0,2024-07-16 20:57:40,0,2024-07-16 20:57:40,,,
2022-09-27,灵武市,烟煤末,6.00,27.50,0.25,,5500.00,905.00,0.00,出厂价,897,2022-09-27 00:00:00,1,0,2024-07-16 20:57:40,0,2024-07-16 20:57:40,,,
2022-09-27,灵武市,水洗36块,6.00,24.50,0.25,,6800.00,1535.00,10.00,出厂价,898,2022-09-27 00:00:00,1,0,2024-07-16 20:57:40,0,2024-07-16 20:57:40,,,
2022-09-26,灵武市,烟煤末,6.00,27.50,0.25,,5500.00,905.00,0.00,出厂价,899,2022-09-26 00:00:00,1,0,2024-07-16 20:57:40,0,2024-07-16 20:57:40,,,
2022-09-26,灵武市,水洗36块,6.00,24.50,0.25,,6800.00,1525.00,25.00,出厂价,900,2022-09-26 00:00:00,1,0,2024-07-16 20:57:40,0,2024-07-16 20:57:40,,,
2022-09-23,灵武市,烟煤末,6.00,27.50,0.25,,5500.00,905.00,0.00,出厂价,901,2022-09-23 00:00:00,1,0,2024-07-16 20:57:43,0,2024-07-16 20:57:43,,,
2022-09-23,灵武市,水洗36块,6.00,24.50,0.25,,6800.00,1500.00,0.00,出厂价,902,2022-09-23 00:00:00,1,0,2024-07-16 20:57:43,0,2024-07-16 20:57:43,,,
2022-09-22,灵武市,烟煤末,6.00,27.50,0.25,,5500.00,905.00,0.00,出厂价,903,2022-09-22 00:00:00,1,0,2024-07-16 20:57:43,0,2024-07-16 20:57:43,,,
2022-09-22,灵武市,水洗36块,6.00,24.50,0.25,,6800.00,1500.00,0.00,出厂价,904,2022-09-22 00:00:00,1,0,2024-07-16 20:57:43,0,2024-07-16 20:57:43,,,
2022-09-21,灵武市,烟煤末,6.00,27.50,0.25,,5500.00,905.00,0.00,出厂价,905,2022-09-21 00:00:00,1,0,2024-07-16 20:57:43,0,2024-07-16 20:57:43,,,
2022-09-21,灵武市,水洗36块,6.00,24.50,0.25,,6800.00,1500.00,0.00,出厂价,906,2022-09-21 00:00:00,1,0,2024-07-16 20:57:43,0,2024-07-16 20:57:43,,,
2022-09-20,灵武市,烟煤末,6.00,27.50,0.25,,5500.00,905.00,0.00,出厂价,907,2022-09-20 00:00:00,1,0,2024-07-16 20:57:43,0,2024-07-16 20:57:43,,,
2022-09-20,灵武市,水洗36块,6.00,24.50,0.25,,6800.00,1500.00,0.00,出厂价,908,2022-09-20 00:00:00,1,0,2024-07-16 20:57:43,0,2024-07-16 20:57:43,,,
2022-09-19,灵武市,烟煤末,6.00,27.50,0.25,,5500.00,905.00,0.00,出厂价,909,2022-09-19 00:00:00,1,0,2024-07-16 20:57:43,0,2024-07-16 20:57:43,,,
2022-09-19,灵武市,水洗36块,6.00,24.50,0.25,,6800.00,1500.00,0.00,出厂价,910,2022-09-19 00:00:00,1,0,2024-07-16 20:57:43,0,2024-07-16 20:57:43,,,
2022-09-16,灵武市,烟煤末,6.00,27.50,0.25,,5500.00,905.00,0.00,出厂价,911,2022-09-16 00:00:00,1,0,2024-07-16 20:57:43,0,2024-07-16 20:57:43,,,
2022-09-16,灵武市,水洗36块,6.00,24.50,0.25,,6800.00,1500.00,0.00,出厂价,912,2022-09-16 00:00:00,1,0,2024-07-16 20:57:43,0,2024-07-16 20:57:43,,,
2022-09-15,灵武市,烟煤末,6.00,27.50,0.25,,5500.00,905.00,0.00,出厂价,913,2022-09-15 00:00:00,1,0,2024-07-16 20:57:43,0,2024-07-16 20:57:43,,,
2022-09-15,灵武市,水洗36块,6.00,24.50,0.25,,6800.00,1500.00,0.00,出厂价,914,2022-09-15 00:00:00,1,0,2024-07-16 20:57:43,0,2024-07-16 20:57:43,,,
2022-09-14,灵武市,烟煤末,6.00,27.50,0.25,,5500.00,905.00,0.00,出厂价,915,2022-09-14 00:00:00,1,0,2024-07-16 20:57:43,0,2024-07-16 20:57:43,,,
2022-09-14,灵武市,水洗36块,6.00,24.50,0.25,,6800.00,1500.00,0.00,出厂价,916,2022-09-14 00:00:00,1,0,2024-07-16 20:57:43,0,2024-07-16 20:57:43,,,
2022-09-13,灵武市,烟煤末,6.00,27.50,0.25,,5500.00,905.00,0.00,出厂价,917,2022-09-13 00:00:00,1,0,2024-07-16 20:57:43,0,2024-07-16 20:57:43,,,
2022-09-13,灵武市,水洗36块,6.00,24.50,0.25,,6800.00,1500.00,0.00,出厂价,918,2022-09-13 00:00:00,1,0,2024-07-16 20:57:43,0,2024-07-16 20:57:43,,,
2022-09-09,灵武市,烟煤末,6.00,27.50,0.25,,5500.00,905.00,0.00,出厂价,919,2022-09-09 00:00:00,1,0,2024-07-16 20:57:43,0,2024-07-16 20:57:43,,,
2022-09-09,灵武市,水洗36块,6.00,24.50,0.25,,6800.00,1500.00,0.00,出厂价,920,2022-09-09 00:00:00,1,0,2024-07-16 20:57:43,0,2024-07-16 20:57:43,,,
2022-09-08,灵武市,烟煤末,6.00,27.50,0.25,,5500.00,905.00,0.00,出厂价,921,2022-09-08 00:00:00,1,0,2024-07-16 20:57:43,0,2024-07-16 20:57:43,,,
2022-09-08,灵武市,水洗36块,6.00,24.50,0.25,,6800.00,1500.00,10.00,出厂价,922,2022-09-08 00:00:00,1,0,2024-07-16 20:57:43,0,2024-07-16 20:57:43,,,
2022-09-07,灵武市,烟煤末,6.00,27.50,0.25,,5500.00,905.00,0.00,出厂价,923,2022-09-07 00:00:00,1,0,2024-07-16 20:57:43,0,2024-07-16 20:57:43,,,
2022-09-07,灵武市,水洗36块,6.00,24.50,0.25,,6800.00,1490.00,0.00,出厂价,924,2022-09-07 00:00:00,1,0,2024-07-16 20:57:43,0,2024-07-16 20:57:43,,,
2022-09-06,灵武市,烟煤末,6.00,27.50,0.25,,5500.00,905.00,0.00,出厂价,925,2022-09-06 00:00:00,1,0,2024-07-16 20:57:43,0,2024-07-16 20:57:43,,,
2022-09-06,灵武市,水洗36块,6.00,24.50,0.25,,6800.00,1490.00,40.00,出厂价,926,2022-09-06 00:00:00,1,0,2024-07-16 20:57:43,0,2024-07-16 20:57:43,,,
2022-09-05,灵武市,烟煤末,6.00,27.50,0.25,,5500.00,905.00,0.00,出厂价,927,2022-09-05 00:00:00,1,0,2024-07-16 20:57:43,0,2024-07-16 20:57:43,,,
2022-09-05,灵武市,水洗36块,6.00,24.50,0.25,,6800.00,1450.00,20.00,出厂价,928,2022-09-05 00:00:00,1,0,2024-07-16 20:57:43,0,2024-07-16 20:57:43,,,
2022-09-02,灵武市,烟煤末,6.00,27.50,0.25,,5500.00,905.00,0.00,出厂价,929,2022-09-02 00:00:00,1,0,2024-07-16 20:57:43,0,2024-07-16 20:57:43,,,
2022-09-02,灵武市,水洗36块,6.00,24.50,0.25,,6800.00,1430.00,25.00,出厂价,930,2022-09-02 00:00:00,1,0,2024-07-16 20:57:43,0,2024-07-16 20:57:43,,,
2022-09-01,灵武市,烟煤末,6.00,27.50,0.25,,5500.00,905.00,0.00,出厂价,931,2022-09-01 00:00:00,1,0,2024-07-16 20:57:47,0,2024-07-16 20:57:47,,,
2022-09-01,灵武市,水洗36块,6.00,24.50,0.25,,6800.00,1405.00,15.00,出厂价,932,2022-09-01 00:00:00,1,0,2024-07-16 20:57:47,0,2024-07-16 20:57:47,,,
2022-08-31,灵武市,烟煤末,6.00,27.50,0.25,,5500.00,905.00,0.00,出厂价,933,2022-08-31 00:00:00,1,0,2024-07-16 20:57:47,0,2024-07-16 20:57:47,,,
2022-08-31,灵武市,水洗36块,6.00,24.50,0.25,,6800.00,1390.00,35.00,出厂价,934,2022-08-31 00:00:00,1,0,2024-07-16 20:57:47,0,2024-07-16 20:57:47,,,
2022-08-30,灵武市,烟煤末,6.00,27.50,0.25,,5500.00,905.00,0.00,出厂价,935,2022-08-30 00:00:00,1,0,2024-07-16 20:57:47,0,2024-07-16 20:57:47,,,
2022-08-30,灵武市,水洗36块,6.00,24.50,0.25,,6800.00,1355.00,25.00,出厂价,936,2022-08-30 00:00:00,1,0,2024-07-16 20:57:47,0,2024-07-16 20:57:47,,,
2022-08-29,灵武市,烟煤末,6.00,27.50,0.25,,5500.00,905.00,0.00,出厂价,937,2022-08-29 00:00:00,1,0,2024-07-16 20:57:47,0,2024-07-16 20:57:47,,,
2022-08-29,灵武市,水洗36块,6.00,24.50,0.25,,6800.00,1330.00,0.00,出厂价,938,2022-08-29 00:00:00,1,0,2024-07-16 20:57:47,0,2024-07-16 20:57:47,,,
2022-08-26,灵武市,烟煤末,6.00,27.50,0.25,,5500.00,905.00,0.00,出厂价,939,2022-08-26 00:00:00,1,0,2024-07-16 20:57:47,0,2024-07-16 20:57:47,,,
2022-08-26,灵武市,水洗36块,6.00,24.50,0.25,,6800.00,1330.00,0.00,出厂价,940,2022-08-26 00:00:00,1,0,2024-07-16 20:57:47,0,2024-07-16 20:57:47,,,
2022-08-25,灵武市,烟煤末,6.00,27.50,0.25,,5500.00,905.00,0.00,出厂价,941,2022-08-25 00:00:00,1,0,2024-07-16 20:57:47,0,2024-07-16 20:57:47,,,
2022-08-25,灵武市,水洗36块,6.00,24.50,0.25,,6800.00,1330.00,10.00,出厂价,942,2022-08-25 00:00:00,1,0,2024-07-16 20:57:47,0,2024-07-16 20:57:47,,,
2022-08-24,灵武市,烟煤末,6.00,27.50,0.25,,5500.00,905.00,0.00,出厂价,943,2022-08-24 00:00:00,1,0,2024-07-16 20:57:47,0,2024-07-16 20:57:47,,,
2022-08-24,灵武市,水洗36块,6.00,24.50,0.25,,6800.00,1320.00,20.00,出厂价,944,2022-08-24 00:00:00,1,0,2024-07-16 20:57:47,0,2024-07-16 20:57:47,,,
2022-08-23,灵武市,烟煤末,6.00,27.50,0.25,,5500.00,905.00,0.00,出厂价,945,2022-08-23 00:00:00,1,0,2024-07-16 20:57:47,0,2024-07-16 20:57:47,,,
2022-08-23,灵武市,水洗36块,6.00,24.50,0.25,,6800.00,1300.00,10.00,出厂价,946,2022-08-23 00:00:00,1,0,2024-07-16 20:57:47,0,2024-07-16 20:57:47,,,
2022-08-22,灵武市,烟煤末,6.00,27.50,0.25,,5500.00,905.00,0.00,出厂价,947,2022-08-22 00:00:00,1,0,2024-07-16 20:57:47,0,2024-07-16 20:57:47,,,
2022-08-22,灵武市,水洗36块,6.00,24.50,0.25,,6800.00,1290.00,10.00,出厂价,948,2022-08-22 00:00:00,1,0,2024-07-16 20:57:47,0,2024-07-16 20:57:47,,,
2022-08-19,灵武市,烟煤末,6.00,27.50,0.25,,5500.00,905.00,0.00,出厂价,949,2022-08-19 00:00:00,1,0,2024-07-16 20:57:47,0,2024-07-16 20:57:47,,,
2022-08-19,灵武市,水洗36块,6.00,24.50,0.25,,6800.00,1280.00,15.00,出厂价,950,2022-08-19 00:00:00,1,0,2024-07-16 20:57:47,0,2024-07-16 20:57:47,,,
2022-08-18,灵武市,烟煤末,6.00,27.50,0.25,,5500.00,905.00,0.00,出厂价,951,2022-08-18 00:00:00,1,0,2024-07-16 20:57:47,0,2024-07-16 20:57:47,,,
2022-08-18,灵武市,水洗36块,6.00,24.50,0.25,,6800.00,1265.00,25.00,出厂价,952,2022-08-18 00:00:00,1,0,2024-07-16 20:57:47,0,2024-07-16 20:57:47,,,
2022-08-17,灵武市,烟煤末,6.00,27.50,0.25,,5500.00,905.00,5.00,出厂价,953,2022-08-17 00:00:00,1,0,2024-07-16 20:57:47,0,2024-07-16 20:57:47,,,
2022-08-17,灵武市,水洗36块,6.00,24.50,0.25,,6800.00,1240.00,10.00,出厂价,954,2022-08-17 00:00:00,1,0,2024-07-16 20:57:47,0,2024-07-16 20:57:47,,,
2022-08-16,灵武市,烟煤末,6.00,27.50,0.25,,5500.00,900.00,5.00,出厂价,955,2022-08-16 00:00:00,1,0,2024-07-16 20:57:47,0,2024-07-16 20:57:47,,,
2022-08-16,灵武市,水洗36块,6.00,24.50,0.25,,6800.00,1230.00,10.00,出厂价,956,2022-08-16 00:00:00,1,0,2024-07-16 20:57:47,0,2024-07-16 20:57:47,,,
2022-08-15,灵武市,烟煤末,6.00,27.50,0.25,,5500.00,895.00,0.00,出厂价,957,2022-08-15 00:00:00,1,0,2024-07-16 20:57:47,0,2024-07-16 20:57:47,,,
2022-08-15,灵武市,水洗36块,6.00,24.50,0.25,,6800.00,1220.00,0.00,出厂价,958,2022-08-15 00:00:00,1,0,2024-07-16 20:57:47,0,2024-07-16 20:57:47,,,
2022-08-12,灵武市,烟煤末,6.00,27.50,0.25,,5500.00,895.00,5.00,出厂价,959,2022-08-12 00:00:00,1,0,2024-07-16 20:57:47,0,2024-07-16 20:57:47,,,
2022-08-12,灵武市,水洗36块,6.00,24.50,0.25,,6800.00,1220.00,5.00,出厂价,960,2022-08-12 00:00:00,1,0,2024-07-16 20:57:47,0,2024-07-16 20:57:47,,,
2022-08-11,灵武市,烟煤末,6.00,27.50,0.25,,5500.00,890.00,0.00,出厂价,961,2022-08-11 00:00:00,1,0,2024-07-16 20:57:50,0,2024-07-16 20:57:50,,,
2022-08-11,灵武市,水洗36块,6.00,24.50,0.25,,6800.00,1215.00,5.00,出厂价,962,2022-08-11 00:00:00,1,0,2024-07-16 20:57:50,0,2024-07-16 20:57:50,,,
2022-08-10,灵武市,烟煤末,6.00,27.50,0.25,,5500.00,890.00,0.00,出厂价,963,2022-08-10 00:00:00,1,0,2024-07-16 20:57:50,0,2024-07-16 20:57:50,,,
2022-08-10,灵武市,水洗36块,6.00,24.50,0.25,,6800.00,1210.00,0.00,出厂价,964,2022-08-10 00:00:00,1,0,2024-07-16 20:57:50,0,2024-07-16 20:57:50,,,
2022-08-09,灵武市,烟煤末,6.00,27.50,0.25,,5500.00,890.00,0.00,出厂价,965,2022-08-09 00:00:00,1,0,2024-07-16 20:57:50,0,2024-07-16 20:57:50,,,
2022-08-09,灵武市,水洗36块,6.00,24.50,0.25,,6800.00,1210.00,0.00,出厂价,966,2022-08-09 00:00:00,1,0,2024-07-16 20:57:50,0,2024-07-16 20:57:50,,,
2022-08-08,灵武市,烟煤末,6.00,27.50,0.25,,5500.00,890.00,0.00,出厂价,967,2022-08-08 00:00:00,1,0,2024-07-16 20:57:50,0,2024-07-16 20:57:50,,,
2022-08-08,灵武市,水洗36块,6.00,24.50,0.25,,6800.00,1210.00,0.00,出厂价,968,2022-08-08 00:00:00,1,0,2024-07-16 20:57:50,0,2024-07-16 20:57:50,,,
2022-08-05,灵武市,烟煤末,6.00,27.50,0.25,,5500.00,890.00,0.00,出厂价,969,2022-08-05 00:00:00,1,0,2024-07-16 20:57:50,0,2024-07-16 20:57:50,,,
2022-08-05,灵武市,水洗36块,6.00,24.50,0.25,,6800.00,1210.00,0.00,出厂价,970,2022-08-05 00:00:00,1,0,2024-07-16 20:57:50,0,2024-07-16 20:57:50,,,
2022-08-04,灵武市,烟煤末,6.00,27.50,0.25,,5500.00,890.00,0.00,出厂价,971,2022-08-04 00:00:00,1,0,2024-07-16 20:57:50,0,2024-07-16 20:57:50,,,
2022-08-04,灵武市,水洗36块,6.00,24.50,0.25,,6800.00,1210.00,0.00,出厂价,972,2022-08-04 00:00:00,1,0,2024-07-16 20:57:50,0,2024-07-16 20:57:50,,,
2022-08-03,灵武市,烟煤末,6.00,27.50,0.25,,5500.00,890.00,0.00,出厂价,973,2022-08-03 00:00:00,1,0,2024-07-16 20:57:50,0,2024-07-16 20:57:50,,,
2022-08-03,灵武市,水洗36块,6.00,24.50,0.25,,6800.00,1210.00,-10.00,出厂价,974,2022-08-03 00:00:00,1,0,2024-07-16 20:57:50,0,2024-07-16 20:57:50,,,
2022-08-02,灵武市,烟煤末,6.00,27.50,0.25,,5500.00,890.00,0.00,出厂价,975,2022-08-02 00:00:00,1,0,2024-07-16 20:57:50,0,2024-07-16 20:57:50,,,
2022-08-02,灵武市,水洗36块,6.00,24.50,0.25,,6800.00,1220.00,-15.00,出厂价,976,2022-08-02 00:00:00,1,0,2024-07-16 20:57:50,0,2024-07-16 20:57:50,,,
2022-08-01,灵武市,烟煤末,6.00,27.50,0.25,,5500.00,890.00,0.00,出厂价,977,2022-08-01 00:00:00,1,0,2024-07-16 20:57:50,0,2024-07-16 20:57:50,,,
2022-08-01,灵武市,水洗36块,6.00,24.50,0.25,,6800.00,1220.00,-15.00,出厂价,978,2022-08-01 00:00:00,1,0,2024-07-16 20:57:50,0,2024-07-16 20:57:50,,,
2022-07-29,灵武市,烟煤末,6.00,27.50,0.25,,5500.00,890.00,0.00,出厂价,979,2022-07-29 00:00:00,1,0,2024-07-16 20:57:50,0,2024-07-16 20:57:50,,,
2022-07-29,灵武市,水洗36块,6.00,24.50,0.25,,6800.00,1235.00,-80.00,出厂价,980,2022-07-29 00:00:00,1,0,2024-07-16 20:57:50,0,2024-07-16 20:57:50,,,
2022-07-28,灵武市,烟煤末,6.00,27.50,0.25,,5500.00,890.00,0.00,出厂价,981,2022-07-28 00:00:00,1,0,2024-07-16 20:57:50,0,2024-07-16 20:57:50,,,
2022-07-28,灵武市,水洗36块,6.00,24.50,0.25,,6800.00,1315.00,0.00,出厂价,982,2022-07-28 00:00:00,1,0,2024-07-16 20:57:50,0,2024-07-16 20:57:50,,,
2022-07-27,灵武市,烟煤末,6.00,27.50,0.25,,5500.00,890.00,0.00,出厂价,983,2022-07-27 00:00:00,1,0,2024-07-16 20:57:50,0,2024-07-16 20:57:50,,,
2022-07-27,灵武市,水洗36块,6.00,24.50,0.25,,6800.00,1315.00,0.00,出厂价,984,2022-07-27 00:00:00,1,0,2024-07-16 20:57:50,0,2024-07-16 20:57:50,,,
2022-07-26,灵武市,烟煤末,6.00,27.50,0.25,,5500.00,890.00,0.00,出厂价,985,2022-07-26 00:00:00,1,0,2024-07-16 20:57:50,0,2024-07-16 20:57:50,,,
2022-07-26,灵武市,水洗36块,6.00,24.50,0.25,,6800.00,1315.00,-15.00,出厂价,986,2022-07-26 00:00:00,1,0,2024-07-16 20:57:50,0,2024-07-16 20:57:50,,,
2022-07-25,灵武市,烟煤末,6.00,27.50,0.25,,5500.00,890.00,0.00,出厂价,987,2022-07-25 00:00:00,1,0,2024-07-16 20:57:50,0,2024-07-16 20:57:50,,,
2022-07-25,灵武市,水洗36块,6.00,24.50,0.25,,6800.00,1330.00,-20.00,出厂价,988,2022-07-25 00:00:00,1,0,2024-07-16 20:57:50,0,2024-07-16 20:57:50,,,
2022-07-22,灵武市,烟煤末,6.00,27.50,0.25,,5500.00,890.00,0.00,出厂价,989,2022-07-22 00:00:00,1,0,2024-07-16 20:57:50,0,2024-07-16 20:57:50,,,
2022-07-22,灵武市,水洗36块,6.00,24.50,0.25,,6800.00,1350.00,-10.00,出厂价,990,2022-07-22 00:00:00,1,0,2024-07-16 20:57:50,0,2024-07-16 20:57:50,,,
2022-07-21,灵武市,烟煤末,6.00,27.50,0.25,,5500.00,890.00,0.00,出厂价,991,2022-07-21 00:00:00,1,0,2024-07-16 20:57:53,0,2024-07-16 20:57:53,,,
2022-07-21,灵武市,水洗36块,6.00,24.50,0.25,,6800.00,1360.00,-10.00,出厂价,992,2022-07-21 00:00:00,1,0,2024-07-16 20:57:53,0,2024-07-16 20:57:53,,,
2022-07-20,灵武市,烟煤末,6.00,27.50,0.25,,5500.00,890.00,0.00,出厂价,993,2022-07-20 00:00:00,1,0,2024-07-16 20:57:53,0,2024-07-16 20:57:53,,,
2022-07-20,灵武市,水洗36块,6.00,24.50,0.25,,6800.00,1370.00,-10.00,出厂价,994,2022-07-20 00:00:00,1,0,2024-07-16 20:57:53,0,2024-07-16 20:57:53,,,
2022-07-19,灵武市,烟煤末,6.00,27.50,0.25,,5500.00,890.00,0.00,出厂价,995,2022-07-19 00:00:00,1,0,2024-07-16 20:57:53,0,2024-07-16 20:57:53,,,
2022-07-19,灵武市,水洗36块,6.00,24.50,0.25,,6800.00,1380.00,-10.00,出厂价,996,2022-07-19 00:00:00,1,0,2024-07-16 20:57:53,0,2024-07-16 20:57:53,,,
2022-07-18,灵武市,烟煤末,6.00,27.50,0.25,,5500.00,890.00,0.00,出厂价,997,2022-07-18 00:00:00,1,0,2024-07-16 20:57:53,0,2024-07-16 20:57:53,,,
2022-07-18,灵武市,水洗36块,6.00,24.50,0.25,,6800.00,1390.00,-10.00,出厂价,998,2022-07-18 00:00:00,1,0,2024-07-16 20:57:53,0,2024-07-16 20:57:53,,,
2022-07-15,灵武市,烟煤末,6.00,27.50,0.25,,5500.00,890.00,0.00,出厂价,999,2022-07-15 00:00:00,1,0,2024-07-16 20:57:53,0,2024-07-16 20:57:53,,,
2022-07-15,灵武市,水洗36块,6.00,24.50,0.25,,6800.00,1400.00,0.00,出厂价,1000,2022-07-15 00:00:00,1,0,2024-07-16 20:57:53,0,2024-07-16 20:57:53,,,
2022-07-14,灵武市,烟煤末,6.00,27.50,0.25,,5500.00,890.00,0.00,出厂价,1001,2022-07-14 00:00:00,1,0,2024-07-16 20:57:53,0,2024-07-16 20:57:53,,,
2022-07-14,灵武市,水洗36块,6.00,24.50,0.25,,6800.00,1400.00,0.00,出厂价,1002,2022-07-14 00:00:00,1,0,2024-07-16 20:57:53,0,2024-07-16 20:57:53,,,
2022-07-13,灵武市,烟煤末,6.00,27.50,0.25,,5500.00,890.00,0.00,出厂价,1003,2022-07-13 00:00:00,1,0,2024-07-16 20:57:53,0,2024-07-16 20:57:53,,,
2022-07-13,灵武市,水洗36块,6.00,24.50,0.25,,6800.00,1400.00,0.00,出厂价,1004,2022-07-13 00:00:00,1,0,2024-07-16 20:57:53,0,2024-07-16 20:57:53,,,
2022-07-12,灵武市,烟煤末,6.00,27.50,0.25,,5500.00,890.00,0.00,出厂价,1005,2022-07-12 00:00:00,1,0,2024-07-16 20:57:53,0,2024-07-16 20:57:53,,,
2022-07-12,灵武市,水洗36块,6.00,24.50,0.25,,6800.00,1400.00,0.00,出厂价,1006,2022-07-12 00:00:00,1,0,2024-07-16 20:57:53,0,2024-07-16 20:57:53,,,
2022-07-11,灵武市,烟煤末,6.00,27.50,0.25,,5500.00,890.00,0.00,出厂价,1007,2022-07-11 00:00:00,1,0,2024-07-16 20:57:53,0,2024-07-16 20:57:53,,,
2022-07-11,灵武市,水洗36块,6.00,24.50,0.25,,6800.00,1400.00,0.00,出厂价,1008,2022-07-11 00:00:00,1,0,2024-07-16 20:57:53,0,2024-07-16 20:57:53,,,
2022-07-08,灵武市,烟煤末,6.00,27.50,0.25,,5500.00,890.00,0.00,出厂价,1009,2022-07-08 00:00:00,1,0,2024-07-16 20:57:53,0,2024-07-16 20:57:53,,,
2022-07-08,灵武市,水洗36块,6.00,24.50,0.25,,6800.00,1400.00,0.00,出厂价,1010,2022-07-08 00:00:00,1,0,2024-07-16 20:57:53,0,2024-07-16 20:57:53,,,
2022-07-07,灵武市,烟煤末,6.00,27.50,0.25,,5500.00,890.00,0.00,出厂价,1011,2022-07-07 00:00:00,1,0,2024-07-16 20:57:53,0,2024-07-16 20:57:53,,,
2022-07-07,灵武市,水洗36块,6.00,24.50,0.25,,6800.00,1400.00,0.00,出厂价,1012,2022-07-07 00:00:00,1,0,2024-07-16 20:57:53,0,2024-07-16 20:57:53,,,
2022-07-06,灵武市,烟煤末,6.00,27.50,0.25,,5500.00,890.00,0.00,出厂价,1013,2022-07-06 00:00:00,1,0,2024-07-16 20:57:53,0,2024-07-16 20:57:53,,,
2022-07-06,灵武市,水洗36块,6.00,24.50,0.25,,6800.00,1400.00,0.00,出厂价,1014,2022-07-06 00:00:00,1,0,2024-07-16 20:57:53,0,2024-07-16 20:57:53,,,
2022-07-05,灵武市,烟煤末,6.00,27.50,0.25,,5500.00,890.00,0.00,出厂价,1015,2022-07-05 00:00:00,1,0,2024-07-16 20:57:53,0,2024-07-16 20:57:53,,,
2022-07-05,灵武市,水洗36块,6.00,24.50,0.25,,6800.00,1400.00,0.00,出厂价,1016,2022-07-05 00:00:00,1,0,2024-07-16 20:57:53,0,2024-07-16 20:57:53,,,
2022-07-04,灵武市,烟煤末,6.00,27.50,0.25,,5500.00,890.00,0.00,出厂价,1017,2022-07-04 00:00:00,1,0,2024-07-16 20:57:53,0,2024-07-16 20:57:53,,,
2022-07-04,灵武市,水洗36块,6.00,24.50,0.25,,6800.00,1400.00,0.00,出厂价,1018,2022-07-04 00:00:00,1,0,2024-07-16 20:57:53,0,2024-07-16 20:57:53,,,
2022-07-01,灵武市,烟煤末,6.00,27.50,0.25,,5500.00,890.00,0.00,出厂价,1019,2022-07-01 00:00:00,1,0,2024-07-16 20:57:53,0,2024-07-16 20:57:53,,,
2022-07-01,灵武市,水洗36块,6.00,24.50,0.25,,6800.00,1400.00,0.00,出厂价,1020,2022-07-01 00:00:00,1,0,2024-07-16 20:57:53,0,2024-07-16 20:57:53,,,
2022-06-30,灵武市,烟煤末,6.00,27.50,0.25,,5500.00,890.00,0.00,出厂价,1021,2022-06-30 00:00:00,1,0,2024-07-16 20:57:56,0,2024-07-16 20:57:56,,,
2022-06-30,灵武市,水洗36块,6.00,24.50,0.25,,6800.00,1400.00,0.00,出厂价,1022,2022-06-30 00:00:00,1,0,2024-07-16 20:57:56,0,2024-07-16 20:57:56,,,
2022-06-29,灵武市,烟煤末,6.00,27.50,0.25,,5500.00,890.00,0.00,出厂价,1023,2022-06-29 00:00:00,1,0,2024-07-16 20:57:56,0,2024-07-16 20:57:56,,,
2022-06-29,灵武市,水洗36块,6.00,24.50,0.25,,6800.00,1400.00,0.00,出厂价,1024,2022-06-29 00:00:00,1,0,2024-07-16 20:57:56,0,2024-07-16 20:57:56,,,
2022-06-28,灵武市,烟煤末,6.00,27.50,0.25,,5500.00,890.00,0.00,出厂价,1025,2022-06-28 00:00:00,1,0,2024-07-16 20:57:56,0,2024-07-16 20:57:56,,,
2022-06-28,灵武市,水洗36块,6.00,24.50,0.25,,6800.00,1400.00,0.00,出厂价,1026,2022-06-28 00:00:00,1,0,2024-07-16 20:57:56,0,2024-07-16 20:57:56,,,
2022-06-27,灵武市,烟煤末,6.00,27.50,0.25,,5500.00,890.00,0.00,出厂价,1027,2022-06-27 00:00:00,1,0,2024-07-16 20:57:56,0,2024-07-16 20:57:56,,,
2022-06-27,灵武市,水洗36块,6.00,24.50,0.25,,6800.00,1400.00,-40.00,出厂价,1028,2022-06-27 00:00:00,1,0,2024-07-16 20:57:56,0,2024-07-16 20:57:56,,,
2022-06-24,灵武市,烟煤末,6.00,27.50,0.25,,5500.00,890.00,0.00,出厂价,1029,2022-06-24 00:00:00,1,0,2024-07-16 20:57:56,0,2024-07-16 20:57:56,,,
2022-06-24,灵武市,水洗36块,6.00,24.50,0.25,,6800.00,1440.00,0.00,出厂价,1030,2022-06-24 00:00:00,1,0,2024-07-16 20:57:56,0,2024-07-16 20:57:56,,,
2022-06-23,灵武市,烟煤末,6.00,27.50,0.25,,5500.00,890.00,0.00,出厂价,1031,2022-06-23 00:00:00,1,0,2024-07-16 20:57:56,0,2024-07-16 20:57:56,,,
2022-06-23,灵武市,水洗36块,6.00,24.50,0.25,,6800.00,1440.00,0.00,出厂价,1032,2022-06-23 00:00:00,1,0,2024-07-16 20:57:56,0,2024-07-16 20:57:56,,,
2022-06-22,灵武市,烟煤末,6.00,27.50,0.25,,5500.00,890.00,0.00,出厂价,1033,2022-06-22 00:00:00,1,0,2024-07-16 20:57:56,0,2024-07-16 20:57:56,,,
2022-06-22,灵武市,水洗36块,6.00,24.50,0.25,,6800.00,1440.00,0.00,出厂价,1034,2022-06-22 00:00:00,1,0,2024-07-16 20:57:56,0,2024-07-16 20:57:56,,,
2022-06-21,灵武市,烟煤末,6.00,27.50,0.25,,5500.00,890.00,0.00,出厂价,1035,2022-06-21 00:00:00,1,0,2024-07-16 20:57:56,0,2024-07-16 20:57:56,,,
2022-06-21,灵武市,水洗36块,6.00,24.50,0.25,,6800.00,1440.00,0.00,出厂价,1036,2022-06-21 00:00:00,1,0,2024-07-16 20:57:56,0,2024-07-16 20:57:56,,,
2022-06-20,灵武市,烟煤末,6.00,27.50,0.25,,5500.00,890.00,0.00,出厂价,1037,2022-06-20 00:00:00,1,0,2024-07-16 20:57:56,0,2024-07-16 20:57:56,,,
2022-06-20,灵武市,水洗36块,6.00,24.50,0.25,,6800.00,1440.00,10.00,出厂价,1038,2022-06-20 00:00:00,1,0,2024-07-16 20:57:56,0,2024-07-16 20:57:56,,,
2022-06-17,灵武市,烟煤末,6.00,27.50,0.25,,5500.00,890.00,0.00,出厂价,1039,2022-06-17 00:00:00,1,0,2024-07-16 20:57:56,0,2024-07-16 20:57:56,,,
2022-06-17,灵武市,水洗36块,6.00,24.50,0.25,,6800.00,1430.00,0.00,出厂价,1040,2022-06-17 00:00:00,1,0,2024-07-16 20:57:56,0,2024-07-16 20:57:56,,,
2022-06-16,灵武市,烟煤末,6.00,27.50,0.25,,5500.00,890.00,0.00,出厂价,1041,2022-06-16 00:00:00,1,0,2024-07-16 20:57:56,0,2024-07-16 20:57:56,,,
2022-06-16,灵武市,水洗36块,6.00,24.50,0.25,,6800.00,1430.00,35.00,出厂价,1042,2022-06-16 00:00:00,1,0,2024-07-16 20:57:56,0,2024-07-16 20:57:56,,,
2022-06-15,灵武市,烟煤末,6.00,27.50,0.25,,5500.00,890.00,0.00,出厂价,1043,2022-06-15 00:00:00,1,0,2024-07-16 20:57:56,0,2024-07-16 20:57:56,,,
2022-06-15,灵武市,水洗36块,6.00,24.50,0.25,,6800.00,1395.00,40.00,出厂价,1044,2022-06-15 00:00:00,1,0,2024-07-16 20:57:56,0,2024-07-16 20:57:56,,,
2022-06-14,灵武市,烟煤末,6.00,27.50,0.25,,5500.00,890.00,0.00,出厂价,1045,2022-06-14 00:00:00,1,0,2024-07-16 20:57:56,0,2024-07-16 20:57:56,,,
2022-06-14,灵武市,水洗36块,6.00,24.50,0.25,,6800.00,1355.00,25.00,出厂价,1046,2022-06-14 00:00:00,1,0,2024-07-16 20:57:56,0,2024-07-16 20:57:56,,,
2022-06-13,灵武市,烟煤末,6.00,27.50,0.25,,5500.00,890.00,0.00,出厂价,1047,2022-06-13 00:00:00,1,0,2024-07-16 20:57:56,0,2024-07-16 20:57:56,,,
2022-06-13,灵武市,水洗36块,6.00,24.50,0.25,,6800.00,1330.00,0.00,出厂价,1048,2022-06-13 00:00:00,1,0,2024-07-16 20:57:56,0,2024-07-16 20:57:56,,,
2022-06-10,灵武市,烟煤末,6.00,27.50,0.25,,5500.00,890.00,0.00,出厂价,1049,2022-06-10 00:00:00,1,0,2024-07-16 20:57:56,0,2024-07-16 20:57:56,,,
2022-06-10,灵武市,水洗36块,6.00,24.50,0.25,,6800.00,1330.00,30.00,出厂价,1050,2022-06-10 00:00:00,1,0,2024-07-16 20:57:56,0,2024-07-16 20:57:56,,,
2022-06-09,灵武市,烟煤末,6.00,27.50,0.25,,5500.00,890.00,0.00,出厂价,1051,2022-06-09 00:00:00,1,0,2024-07-16 20:57:59,0,2024-07-16 20:57:59,,,
2022-06-09,灵武市,水洗36块,6.00,24.50,0.25,,6800.00,1300.00,20.00,出厂价,1052,2022-06-09 00:00:00,1,0,2024-07-16 20:57:59,0,2024-07-16 20:57:59,,,
2022-06-08,灵武市,烟煤末,6.00,27.50,0.25,,5500.00,890.00,0.00,出厂价,1053,2022-06-08 00:00:00,1,0,2024-07-16 20:57:59,0,2024-07-16 20:57:59,,,
2022-06-08,灵武市,水洗36块,6.00,24.50,0.25,,6800.00,1280.00,35.00,出厂价,1054,2022-06-08 00:00:00,1,0,2024-07-16 20:57:59,0,2024-07-16 20:57:59,,,
2022-06-07,灵武市,烟煤末,6.00,27.50,0.25,,5500.00,890.00,0.00,出厂价,1055,2022-06-07 00:00:00,1,0,2024-07-16 20:57:59,0,2024-07-16 20:57:59,,,
2022-06-07,灵武市,水洗36块,6.00,24.50,0.25,,6800.00,1245.00,20.00,出厂价,1056,2022-06-07 00:00:00,1,0,2024-07-16 20:57:59,0,2024-07-16 20:57:59,,,
2022-06-06,灵武市,烟煤末,6.00,27.50,0.25,,5500.00,890.00,0.00,出厂价,1057,2022-06-06 00:00:00,1,0,2024-07-16 20:57:59,0,2024-07-16 20:57:59,,,
2022-06-06,灵武市,水洗36块,6.00,24.50,0.25,,6800.00,1225.00,15.00,出厂价,1058,2022-06-06 00:00:00,1,0,2024-07-16 20:57:59,0,2024-07-16 20:57:59,,,
2022-06-02,灵武市,烟煤末,6.00,27.50,0.25,,5500.00,890.00,0.00,出厂价,1059,2022-06-02 00:00:00,1,0,2024-07-16 20:57:59,0,2024-07-16 20:57:59,,,
2022-06-02,灵武市,水洗36块,6.00,24.50,0.25,,6800.00,1210.00,0.00,出厂价,1060,2022-06-02 00:00:00,1,0,2024-07-16 20:57:59,0,2024-07-16 20:57:59,,,
2022-06-01,灵武市,烟煤末,6.00,27.50,0.25,,5500.00,890.00,0.00,出厂价,1061,2022-06-01 00:00:00,1,0,2024-07-16 20:57:59,0,2024-07-16 20:57:59,,,
2022-06-01,灵武市,水洗36块,6.00,24.50,0.25,,6800.00,1210.00,10.00,出厂价,1062,2022-06-01 00:00:00,1,0,2024-07-16 20:57:59,0,2024-07-16 20:57:59,,,
2022-05-31,灵武市,烟煤末,6.00,27.50,0.25,,5500.00,890.00,0.00,出厂价,1063,2022-05-31 00:00:00,1,0,2024-07-16 20:57:59,0,2024-07-16 20:57:59,,,
2022-05-31,灵武市,水洗36块,6.00,24.50,0.25,,6800.00,1200.00,0.00,出厂价,1064,2022-05-31 00:00:00,1,0,2024-07-16 20:57:59,0,2024-07-16 20:57:59,,,
2022-05-30,灵武市,烟煤末,6.00,27.50,0.25,,5500.00,890.00,0.00,出厂价,1065,2022-05-30 00:00:00,1,0,2024-07-16 20:57:59,0,2024-07-16 20:57:59,,,
2022-05-30,灵武市,水洗36块,6.00,24.50,0.25,,6800.00,1200.00,20.00,出厂价,1066,2022-05-30 00:00:00,1,0,2024-07-16 20:57:59,0,2024-07-16 20:57:59,,,
2022-05-27,灵武市,烟煤末,6.00,27.50,0.25,,5500.00,890.00,0.00,出厂价,1067,2022-05-27 00:00:00,1,0,2024-07-16 20:57:59,0,2024-07-16 20:57:59,,,
2022-05-27,灵武市,水洗36块,6.00,24.50,0.25,,6800.00,1180.00,10.00,出厂价,1068,2022-05-27 00:00:00,1,0,2024-07-16 20:57:59,0,2024-07-16 20:57:59,,,
2022-05-26,灵武市,烟煤末,6.00,27.50,0.25,,5500.00,890.00,0.00,出厂价,1069,2022-05-26 00:00:00,1,0,2024-07-16 20:57:59,0,2024-07-16 20:57:59,,,
2022-05-26,灵武市,水洗36块,6.00,24.50,0.25,,6800.00,1170.00,20.00,出厂价,1070,2022-05-26 00:00:00,1,0,2024-07-16 20:57:59,0,2024-07-16 20:57:59,,,
2022-05-25,灵武市,烟煤末,6.00,27.50,0.25,,5500.00,890.00,0.00,出厂价,1071,2022-05-25 00:00:00,1,0,2024-07-16 20:57:59,0,2024-07-16 20:57:59,,,
2022-05-25,灵武市,水洗36块,6.00,24.50,0.25,,6800.00,1150.00,10.00,出厂价,1072,2022-05-25 00:00:00,1,0,2024-07-16 20:57:59,0,2024-07-16 20:57:59,,,
2022-05-24,灵武市,烟煤末,6.00,27.50,0.25,,5500.00,890.00,0.00,出厂价,1073,2022-05-24 00:00:00,1,0,2024-07-16 20:57:59,0,2024-07-16 20:57:59,,,
2022-05-24,灵武市,水洗36块,6.00,24.50,0.25,,6800.00,1140.00,0.00,出厂价,1074,2022-05-24 00:00:00,1,0,2024-07-16 20:57:59,0,2024-07-16 20:57:59,,,
2022-05-23,灵武市,烟煤末,6.00,27.50,0.25,,5500.00,890.00,0.00,出厂价,1075,2022-05-23 00:00:00,1,0,2024-07-16 20:57:59,0,2024-07-16 20:57:59,,,
2022-05-23,灵武市,水洗36块,6.00,24.50,0.25,,6800.00,1140.00,0.00,出厂价,1076,2022-05-23 00:00:00,1,0,2024-07-16 20:57:59,0,2024-07-16 20:57:59,,,
2022-05-20,灵武市,烟煤末,6.00,27.50,0.25,,5500.00,890.00,0.00,出厂价,1077,2022-05-20 00:00:00,1,0,2024-07-16 20:57:59,0,2024-07-16 20:57:59,,,
2022-05-20,灵武市,水洗36块,6.00,24.50,0.25,,6800.00,1140.00,15.00,出厂价,1078,2022-05-20 00:00:00,1,0,2024-07-16 20:57:59,0,2024-07-16 20:57:59,,,
2022-05-19,灵武市,烟煤末,6.00,27.50,0.25,,5500.00,890.00,0.00,出厂价,1079,2022-05-19 00:00:00,1,0,2024-07-16 20:57:59,0,2024-07-16 20:57:59,,,
2022-05-19,灵武市,水洗36块,6.00,24.50,0.25,,6800.00,1125.00,0.00,出厂价,1080,2022-05-19 00:00:00,1,0,2024-07-16 20:57:59,0,2024-07-16 20:57:59,,,
2022-05-18,灵武市,烟煤末,6.00,27.50,0.25,,5500.00,890.00,0.00,出厂价,1081,2022-05-18 00:00:00,1,0,2024-07-16 20:58:02,0,2024-07-16 20:58:02,,,
2022-05-18,灵武市,水洗36块,6.00,24.50,0.25,,6800.00,1125.00,0.00,出厂价,1082,2022-05-18 00:00:00,1,0,2024-07-16 20:58:02,0,2024-07-16 20:58:02,,,
2022-05-17,灵武市,烟煤末,6.00,27.50,0.25,,5500.00,890.00,0.00,出厂价,1083,2022-05-17 00:00:00,1,0,2024-07-16 20:58:02,0,2024-07-16 20:58:02,,,
2022-05-17,灵武市,水洗36块,6.00,24.50,0.25,,6800.00,1125.00,0.00,出厂价,1084,2022-05-17 00:00:00,1,0,2024-07-16 20:58:02,0,2024-07-16 20:58:02,,,
2022-05-16,灵武市,烟煤末,6.00,27.50,0.25,,5500.00,890.00,0.00,出厂价,1085,2022-05-16 00:00:00,1,0,2024-07-16 20:58:02,0,2024-07-16 20:58:02,,,
2022-05-16,灵武市,水洗36块,6.00,24.50,0.25,,6800.00,1125.00,0.00,出厂价,1086,2022-05-16 00:00:00,1,0,2024-07-16 20:58:02,0,2024-07-16 20:58:02,,,
2022-05-13,灵武市,烟煤末,6.00,27.50,0.25,,5500.00,890.00,0.00,出厂价,1087,2022-05-13 00:00:00,1,0,2024-07-16 20:58:02,0,2024-07-16 20:58:02,,,
2022-05-13,灵武市,水洗36块,6.00,24.50,0.25,,6800.00,1125.00,15.00,出厂价,1088,2022-05-13 00:00:00,1,0,2024-07-16 20:58:02,0,2024-07-16 20:58:02,,,
2022-05-12,灵武市,烟煤末,6.00,27.50,0.25,,5500.00,890.00,0.00,出厂价,1089,2022-05-12 00:00:00,1,0,2024-07-16 20:58:02,0,2024-07-16 20:58:02,,,
2022-05-12,灵武市,水洗36块,6.00,24.50,0.25,,6800.00,1110.00,0.00,出厂价,1090,2022-05-12 00:00:00,1,0,2024-07-16 20:58:02,0,2024-07-16 20:58:02,,,
2022-05-11,灵武市,烟煤末,6.00,27.50,0.25,,5500.00,890.00,0.00,出厂价,1091,2022-05-11 00:00:00,1,0,2024-07-16 20:58:02,0,2024-07-16 20:58:02,,,
2022-05-11,灵武市,水洗36块,6.00,24.50,0.25,,6800.00,1110.00,5.00,出厂价,1092,2022-05-11 00:00:00,1,0,2024-07-16 20:58:02,0,2024-07-16 20:58:02,,,
2022-05-10,灵武市,烟煤末,6.00,27.50,0.25,,5500.00,890.00,0.00,出厂价,1093,2022-05-10 00:00:00,1,0,2024-07-16 20:58:02,0,2024-07-16 20:58:02,,,
2022-05-10,灵武市,水洗36块,6.00,24.50,0.25,,6800.00,1105.00,0.00,出厂价,1094,2022-05-10 00:00:00,1,0,2024-07-16 20:58:02,0,2024-07-16 20:58:02,,,
2022-05-09,灵武市,烟煤末,6.00,27.50,0.25,,5500.00,890.00,0.00,出厂价,1095,2022-05-09 00:00:00,1,0,2024-07-16 20:58:02,0,2024-07-16 20:58:02,,,
2022-05-09,灵武市,水洗36块,6.00,24.50,0.25,,6800.00,1105.00,0.00,出厂价,1096,2022-05-09 00:00:00,1,0,2024-07-16 20:58:02,0,2024-07-16 20:58:02,,,
2022-05-07,灵武市,烟煤末,6.00,27.50,0.25,,5500.00,890.00,0.00,出厂价,1097,2022-05-07 00:00:00,1,0,2024-07-16 20:58:02,0,2024-07-16 20:58:02,,,
2022-05-07,灵武市,水洗36块,6.00,24.50,0.25,,6800.00,1105.00,0.00,出厂价,1098,2022-05-07 00:00:00,1,0,2024-07-16 20:58:02,0,2024-07-16 20:58:02,,,
2022-05-06,灵武市,烟煤末,6.00,27.50,0.25,,5500.00,890.00,0.00,出厂价,1099,2022-05-06 00:00:00,1,0,2024-07-16 20:58:02,0,2024-07-16 20:58:02,,,
2022-05-06,灵武市,水洗36块,6.00,24.50,0.25,,6800.00,1105.00,0.00,出厂价,1100,2022-05-06 00:00:00,1,0,2024-07-16 20:58:02,0,2024-07-16 20:58:02,,,
2022-05-05,灵武市,烟煤末,6.00,27.50,0.25,,5500.00,890.00,0.00,出厂价,1101,2022-05-05 00:00:00,1,0,2024-07-16 20:58:02,0,2024-07-16 20:58:02,,,
2022-05-05,灵武市,水洗36块,6.00,24.50,0.25,,6800.00,1105.00,0.00,出厂价,1102,2022-05-05 00:00:00,1,0,2024-07-16 20:58:02,0,2024-07-16 20:58:02,,,
2022-04-29,灵武市,烟煤末,6.00,27.50,0.25,,5500.00,890.00,0.00,出厂价,1103,2022-04-29 00:00:00,1,0,2024-07-16 20:58:02,0,2024-07-16 20:58:02,,,
2022-04-29,灵武市,水洗36块,6.00,24.50,0.25,,6800.00,1105.00,0.00,出厂价,1104,2022-04-29 00:00:00,1,0,2024-07-16 20:58:02,0,2024-07-16 20:58:02,,,
2022-04-28,灵武市,烟煤末,6.00,27.50,0.25,,5500.00,890.00,0.00,出厂价,1105,2022-04-28 00:00:00,1,0,2024-07-16 20:58:02,0,2024-07-16 20:58:02,,,
2022-04-28,灵武市,水洗36块,6.00,24.50,0.25,,6800.00,1105.00,0.00,出厂价,1106,2022-04-28 00:00:00,1,0,2024-07-16 20:58:02,0,2024-07-16 20:58:02,,,
2022-04-27,灵武市,烟煤末,6.00,27.50,0.25,,5500.00,890.00,0.00,出厂价,1107,2022-04-27 00:00:00,1,0,2024-07-16 20:58:02,0,2024-07-16 20:58:02,,,
2022-04-27,灵武市,水洗36块,6.00,24.50,0.25,,6800.00,1105.00,0.00,出厂价,1108,2022-04-27 00:00:00,1,0,2024-07-16 20:58:02,0,2024-07-16 20:58:02,,,
2022-04-26,灵武市,烟煤末,6.00,27.50,0.25,,5500.00,890.00,0.00,出厂价,1109,2022-04-26 00:00:00,1,0,2024-07-16 20:58:02,0,2024-07-16 20:58:02,,,
2022-04-26,灵武市,水洗36块,6.00,24.50,0.25,,6800.00,1105.00,0.00,出厂价,1110,2022-04-26 00:00:00,1,0,2024-07-16 20:58:02,0,2024-07-16 20:58:02,,,
2022-04-25,灵武市,烟煤末,6.00,27.50,0.25,,5500.00,890.00,0.00,出厂价,1111,2022-04-25 00:00:00,1,0,2024-07-16 20:58:06,0,2024-07-16 20:58:06,,,
2022-04-25,灵武市,水洗36块,6.00,24.50,0.25,,6800.00,1105.00,0.00,出厂价,1112,2022-04-25 00:00:00,1,0,2024-07-16 20:58:06,0,2024-07-16 20:58:06,,,
2022-04-24,灵武市,烟煤末,6.00,27.50,0.25,,5500.00,890.00,0.00,出厂价,1113,2022-04-24 00:00:00,1,0,2024-07-16 20:58:06,0,2024-07-16 20:58:06,,,
2022-04-24,灵武市,水洗36块,6.00,24.50,0.25,,6800.00,1105.00,-20.00,出厂价,1114,2022-04-24 00:00:00,1,0,2024-07-16 20:58:06,0,2024-07-16 20:58:06,,,
2022-04-22,灵武市,烟煤末,6.00,27.50,0.25,,5500.00,890.00,0.00,出厂价,1115,2022-04-22 00:00:00,1,0,2024-07-16 20:58:06,0,2024-07-16 20:58:06,,,
2022-04-22,灵武市,水洗36块,6.00,24.50,0.25,,6800.00,1125.00,0.00,出厂价,1116,2022-04-22 00:00:00,1,0,2024-07-16 20:58:06,0,2024-07-16 20:58:06,,,
2022-04-21,灵武市,烟煤末,6.00,27.50,0.25,,5500.00,890.00,0.00,出厂价,1117,2022-04-21 00:00:00,1,0,2024-07-16 20:58:06,0,2024-07-16 20:58:06,,,
2022-04-21,灵武市,水洗36块,6.00,24.50,0.25,,6800.00,1125.00,-15.00,出厂价,1118,2022-04-21 00:00:00,1,0,2024-07-16 20:58:06,0,2024-07-16 20:58:06,,,
2022-04-20,灵武市,烟煤末,6.00,27.50,0.25,,5500.00,890.00,-25.00,出厂价,1119,2022-04-20 00:00:00,1,0,2024-07-16 20:58:06,0,2024-07-16 20:58:06,,,
2022-04-20,灵武市,水洗36块,6.00,24.50,0.25,,6800.00,1140.00,-35.00,出厂价,1120,2022-04-20 00:00:00,1,0,2024-07-16 20:58:06,0,2024-07-16 20:58:06,,,
2022-04-19,灵武市,烟煤末,6.00,27.50,0.25,,5500.00,915.00,0.00,出厂价,1121,2022-04-19 00:00:00,1,0,2024-07-16 20:58:06,0,2024-07-16 20:58:06,,,
2022-04-19,灵武市,水洗36块,6.00,24.50,0.25,,6800.00,1175.00,0.00,出厂价,1122,2022-04-19 00:00:00,1,0,2024-07-16 20:58:06,0,2024-07-16 20:58:06,,,
2022-04-18,灵武市,烟煤末,6.00,27.50,0.25,,5500.00,915.00,-5.00,出厂价,1123,2022-04-18 00:00:00,1,0,2024-07-16 20:58:06,0,2024-07-16 20:58:06,,,
2022-04-18,灵武市,水洗36块,6.00,24.50,0.25,,6800.00,1175.00,-5.00,出厂价,1124,2022-04-18 00:00:00,1,0,2024-07-16 20:58:06,0,2024-07-16 20:58:06,,,
2022-04-15,灵武市,烟煤末,6.00,27.50,0.25,,5500.00,920.00,-10.00,出厂价,1125,2022-04-15 00:00:00,1,0,2024-07-16 20:58:06,0,2024-07-16 20:58:06,,,
2022-04-15,灵武市,水洗36块,6.00,24.50,0.25,,6800.00,1180.00,-30.00,出厂价,1126,2022-04-15 00:00:00,1,0,2024-07-16 20:58:06,0,2024-07-16 20:58:06,,,
2022-04-14,灵武市,烟煤末,6.00,27.50,0.25,,5500.00,930.00,-50.00,出厂价,1127,2022-04-14 00:00:00,1,0,2024-07-16 20:58:06,0,2024-07-16 20:58:06,,,
2022-04-14,灵武市,水洗36块,6.00,24.50,0.25,,6800.00,1210.00,-30.00,出厂价,1128,2022-04-14 00:00:00,1,0,2024-07-16 20:58:06,0,2024-07-16 20:58:06,,,
2022-04-13,灵武市,烟煤末,6.00,27.50,0.25,,5500.00,980.00,0.00,出厂价,1129,2022-04-13 00:00:00,1,0,2024-07-16 20:58:06,0,2024-07-16 20:58:06,,,
2022-04-13,灵武市,水洗36块,6.00,24.50,0.25,,6800.00,1240.00,0.00,出厂价,1130,2022-04-13 00:00:00,1,0,2024-07-16 20:58:06,0,2024-07-16 20:58:06,,,
2022-04-12,灵武市,烟煤末,6.00,27.50,0.25,,5500.00,980.00,-50.00,出厂价,1131,2022-04-12 00:00:00,1,0,2024-07-16 20:58:06,0,2024-07-16 20:58:06,,,
2022-04-12,灵武市,水洗36块,6.00,24.50,0.25,,6800.00,1240.00,-20.00,出厂价,1132,2022-04-12 00:00:00,1,0,2024-07-16 20:58:06,0,2024-07-16 20:58:06,,,
2022-04-11,灵武市,烟煤末,6.00,27.50,0.25,,5500.00,1030.00,0.00,出厂价,1133,2022-04-11 00:00:00,1,0,2024-07-16 20:58:06,0,2024-07-16 20:58:06,,,
2022-04-11,灵武市,水洗36块,6.00,24.50,0.25,,6800.00,1260.00,0.00,出厂价,1134,2022-04-11 00:00:00,1,0,2024-07-16 20:58:06,0,2024-07-16 20:58:06,,,
2022-04-08,灵武市,烟煤末,6.00,27.50,0.25,,5500.00,1030.00,0.00,出厂价,1135,2022-04-08 00:00:00,1,0,2024-07-16 20:58:06,0,2024-07-16 20:58:06,,,
2022-04-08,灵武市,水洗36块,6.00,24.50,0.25,,6800.00,1260.00,0.00,出厂价,1136,2022-04-08 00:00:00,1,0,2024-07-16 20:58:06,0,2024-07-16 20:58:06,,,
2022-04-07,灵武市,烟煤末,6.00,27.50,0.25,,5500.00,1030.00,0.00,出厂价,1137,2022-04-07 00:00:00,1,0,2024-07-16 20:58:06,0,2024-07-16 20:58:06,,,
2022-04-07,灵武市,水洗36块,6.00,24.50,0.25,,6800.00,1260.00,0.00,出厂价,1138,2022-04-07 00:00:00,1,0,2024-07-16 20:58:06,0,2024-07-16 20:58:06,,,
2022-04-06,灵武市,烟煤末,6.00,27.50,0.25,,5500.00,1030.00,-25.00,出厂价,1139,2022-04-06 00:00:00,1,0,2024-07-16 20:58:06,0,2024-07-16 20:58:06,,,
2022-04-06,灵武市,水洗36块,6.00,24.50,0.25,,6800.00,1260.00,-10.00,出厂价,1140,2022-04-06 00:00:00,1,0,2024-07-16 20:58:06,0,2024-07-16 20:58:06,,,
2022-04-02,灵武市,烟煤末,6.00,27.50,0.25,,5500.00,1055.00,0.00,出厂价,1141,2022-04-02 00:00:00,1,0,2024-07-16 20:58:10,0,2024-07-16 20:58:10,,,
2022-04-02,灵武市,水洗36块,6.00,24.50,0.25,,6800.00,1270.00,-40.00,出厂价,1142,2022-04-02 00:00:00,1,0,2024-07-16 20:58:10,0,2024-07-16 20:58:10,,,
2022-04-01,灵武市,烟煤末,6.00,27.50,0.25,,5500.00,1055.00,-15.00,出厂价,1143,2022-04-01 00:00:00,1,0,2024-07-16 20:58:10,0,2024-07-16 20:58:10,,,
2022-04-01,灵武市,水洗36块,6.00,24.50,0.25,,6800.00,1310.00,-10.00,出厂价,1144,2022-04-01 00:00:00,1,0,2024-07-16 20:58:10,0,2024-07-16 20:58:10,,,
2022-03-31,灵武市,烟煤末,6.00,27.50,0.25,,5500.00,1070.00,0.00,出厂价,1145,2022-03-31 00:00:00,1,0,2024-07-16 20:58:10,0,2024-07-16 20:58:10,,,
2022-03-31,灵武市,水洗36块,6.00,24.50,0.25,,6800.00,1320.00,0.00,出厂价,1146,2022-03-31 00:00:00,1,0,2024-07-16 20:58:10,0,2024-07-16 20:58:10,,,
2022-03-30,灵武市,烟煤末,6.00,27.50,0.25,,5500.00,1070.00,0.00,出厂价,1147,2022-03-30 00:00:00,1,0,2024-07-16 20:58:10,0,2024-07-16 20:58:10,,,
2022-03-30,灵武市,水洗36块,6.00,24.50,0.25,,6800.00,1320.00,0.00,出厂价,1148,2022-03-30 00:00:00,1,0,2024-07-16 20:58:10,0,2024-07-16 20:58:10,,,
2022-03-29,灵武市,烟煤末,6.00,27.50,0.25,,5500.00,1070.00,0.00,出厂价,1149,2022-03-29 00:00:00,1,0,2024-07-16 20:58:10,0,2024-07-16 20:58:10,,,
2022-03-29,灵武市,水洗36块,6.00,24.50,0.25,,6800.00,1320.00,0.00,出厂价,1150,2022-03-29 00:00:00,1,0,2024-07-16 20:58:10,0,2024-07-16 20:58:10,,,
2022-03-28,灵武市,烟煤末,6.00,27.50,0.25,,5500.00,1070.00,20.00,出厂价,1151,2022-03-28 00:00:00,1,0,2024-07-16 20:58:10,0,2024-07-16 20:58:10,,,
2022-03-28,灵武市,水洗36块,6.00,24.50,0.25,,6800.00,1320.00,0.00,出厂价,1152,2022-03-28 00:00:00,1,0,2024-07-16 20:58:10,0,2024-07-16 20:58:10,,,
2022-03-25,灵武市,烟煤末,6.00,27.50,0.25,,5500.00,1050.00,30.00,出厂价,1153,2022-03-25 00:00:00,1,0,2024-07-16 20:58:10,0,2024-07-16 20:58:10,,,
2022-03-25,灵武市,水洗36块,6.00,24.50,0.25,,6800.00,1320.00,10.00,出厂价,1154,2022-03-25 00:00:00,1,0,2024-07-16 20:58:10,0,2024-07-16 20:58:10,,,
2022-03-24,灵武市,烟煤末,6.00,27.50,0.25,,5500.00,1020.00,0.00,出厂价,1155,2022-03-24 00:00:00,1,0,2024-07-16 20:58:10,0,2024-07-16 20:58:10,,,
2022-03-24,灵武市,水洗36块,6.00,24.50,0.25,,6800.00,1310.00,0.00,出厂价,1156,2022-03-24 00:00:00,1,0,2024-07-16 20:58:10,0,2024-07-16 20:58:10,,,
2022-03-23,灵武市,烟煤末,6.00,27.50,0.25,,5500.00,1020.00,0.00,出厂价,1157,2022-03-23 00:00:00,1,0,2024-07-16 20:58:10,0,2024-07-16 20:58:10,,,
2022-03-23,灵武市,水洗36块,6.00,24.50,0.25,,6800.00,1310.00,0.00,出厂价,1158,2022-03-23 00:00:00,1,0,2024-07-16 20:58:10,0,2024-07-16 20:58:10,,,
2022-03-22,灵武市,烟煤末,6.00,27.50,0.25,,5500.00,1020.00,0.00,出厂价,1159,2022-03-22 00:00:00,1,0,2024-07-16 20:58:10,0,2024-07-16 20:58:10,,,
2022-03-22,灵武市,水洗36块,6.00,24.50,0.25,,6800.00,1310.00,-80.00,出厂价,1160,2022-03-22 00:00:00,1,0,2024-07-16 20:58:10,0,2024-07-16 20:58:10,,,
2022-03-21,灵武市,烟煤末,6.00,27.50,0.25,,5500.00,1020.00,0.00,出厂价,1161,2022-03-21 00:00:00,1,0,2024-07-16 20:58:10,0,2024-07-16 20:58:10,,,
2022-03-21,灵武市,水洗36块,6.00,24.50,0.25,,6800.00,1390.00,0.00,出厂价,1162,2022-03-21 00:00:00,1,0,2024-07-16 20:58:10,0,2024-07-16 20:58:10,,,
2022-03-18,灵武市,烟煤末,6.00,27.50,0.25,,5500.00,1020.00,0.00,出厂价,1163,2022-03-18 00:00:00,1,0,2024-07-16 20:58:10,0,2024-07-16 20:58:10,,,
2022-03-18,灵武市,水洗36块,6.00,24.50,0.25,,6800.00,1390.00,0.00,出厂价,1164,2022-03-18 00:00:00,1,0,2024-07-16 20:58:10,0,2024-07-16 20:58:10,,,
2022-03-17,灵武市,烟煤末,6.00,27.50,0.25,,5500.00,1020.00,0.00,出厂价,1165,2022-03-17 00:00:00,1,0,2024-07-16 20:58:10,0,2024-07-16 20:58:10,,,
2022-03-17,灵武市,水洗36块,6.00,24.50,0.25,,6800.00,1390.00,0.00,出厂价,1166,2022-03-17 00:00:00,1,0,2024-07-16 20:58:10,0,2024-07-16 20:58:10,,,
2022-03-16,灵武市,烟煤末,6.00,27.50,0.25,,5500.00,1020.00,0.00,出厂价,1167,2022-03-16 00:00:00,1,0,2024-07-16 20:58:10,0,2024-07-16 20:58:10,,,
2022-03-16,灵武市,水洗36块,6.00,24.50,0.25,,6800.00,1390.00,0.00,出厂价,1168,2022-03-16 00:00:00,1,0,2024-07-16 20:58:10,0,2024-07-16 20:58:10,,,
2022-03-15,灵武市,烟煤末,6.00,27.50,0.25,,5500.00,1020.00,0.00,出厂价,1169,2022-03-15 00:00:00,1,0,2024-07-16 20:58:10,0,2024-07-16 20:58:10,,,
2022-03-15,灵武市,水洗36块,6.00,24.50,0.25,,6800.00,1390.00,0.00,出厂价,1170,2022-03-15 00:00:00,1,0,2024-07-16 20:58:10,0,2024-07-16 20:58:10,,,
2022-03-14,灵武市,烟煤末,6.00,27.50,0.25,,5500.00,1020.00,50.00,出厂价,1171,2022-03-14 00:00:00,1,0,2024-07-16 20:58:13,0,2024-07-16 20:58:13,,,
2022-03-14,灵武市,水洗36块,6.00,24.50,0.25,,6800.00,1390.00,90.00,出厂价,1172,2022-03-14 00:00:00,1,0,2024-07-16 20:58:13,0,2024-07-16 20:58:13,,,
2022-03-11,灵武市,烟煤末,6.00,27.50,0.25,,5500.00,970.00,40.00,出厂价,1173,2022-03-11 00:00:00,1,0,2024-07-16 20:58:13,0,2024-07-16 20:58:13,,,
2022-03-11,灵武市,水洗36块,6.00,24.50,0.25,,6800.00,1300.00,60.00,出厂价,1174,2022-03-11 00:00:00,1,0,2024-07-16 20:58:13,0,2024-07-16 20:58:13,,,
2022-03-10,灵武市,烟煤末,6.00,27.50,0.25,,5500.00,930.00,40.00,出厂价,1175,2022-03-10 00:00:00,1,0,2024-07-16 20:58:13,0,2024-07-16 20:58:13,,,
2022-03-10,灵武市,水洗36块,6.00,24.50,0.25,,6800.00,1240.00,70.00,出厂价,1176,2022-03-10 00:00:00,1,0,2024-07-16 20:58:13,0,2024-07-16 20:58:13,,,
2022-03-09,灵武市,烟煤末,6.00,27.50,0.25,,5500.00,890.00,40.00,出厂价,1177,2022-03-09 00:00:00,1,0,2024-07-16 20:58:13,0,2024-07-16 20:58:13,,,
2022-03-09,灵武市,水洗36块,6.00,24.50,0.25,,6800.00,1170.00,50.00,出厂价,1178,2022-03-09 00:00:00,1,0,2024-07-16 20:58:13,0,2024-07-16 20:58:13,,,
2022-03-08,灵武市,烟煤末,6.00,27.50,0.25,,5500.00,850.00,30.00,出厂价,1179,2022-03-08 00:00:00,1,0,2024-07-16 20:58:13,0,2024-07-16 20:58:13,,,
2022-03-08,灵武市,水洗36块,6.00,24.50,0.25,,6800.00,1120.00,10.00,出厂价,1180,2022-03-08 00:00:00,1,0,2024-07-16 20:58:13,0,2024-07-16 20:58:13,,,
2022-03-07,灵武市,烟煤末,6.00,27.50,0.25,,5500.00,820.00,0.00,出厂价,1181,2022-03-07 00:00:00,1,0,2024-07-16 20:58:13,0,2024-07-16 20:58:13,,,
2022-03-07,灵武市,水洗36块,6.00,24.50,0.25,,6800.00,1110.00,0.00,出厂价,1182,2022-03-07 00:00:00,1,0,2024-07-16 20:58:13,0,2024-07-16 20:58:13,,,
2022-03-04,灵武市,烟煤末,6.00,27.50,0.25,,5500.00,820.00,0.00,出厂价,1183,2022-03-04 00:00:00,1,0,2024-07-16 20:58:13,0,2024-07-16 20:58:13,,,
2022-03-04,灵武市,水洗36块,6.00,24.50,0.25,,6800.00,1110.00,30.00,出厂价,1184,2022-03-04 00:00:00,1,0,2024-07-16 20:58:13,0,2024-07-16 20:58:13,,,
2022-03-03,灵武市,烟煤末,6.00,27.50,0.25,,5500.00,820.00,0.00,出厂价,1185,2022-03-03 00:00:00,1,0,2024-07-16 20:58:13,0,2024-07-16 20:58:13,,,
2022-03-03,灵武市,水洗36块,6.00,24.50,0.25,,6800.00,1080.00,0.00,出厂价,1186,2022-03-03 00:00:00,1,0,2024-07-16 20:58:13,0,2024-07-16 20:58:13,,,
2022-03-02,灵武市,烟煤末,6.00,27.50,0.25,,5500.00,820.00,0.00,出厂价,1187,2022-03-02 00:00:00,1,0,2024-07-16 20:58:13,0,2024-07-16 20:58:13,,,
2022-03-02,灵武市,水洗36块,6.00,24.50,0.25,,6800.00,1080.00,5.00,出厂价,1188,2022-03-02 00:00:00,1,0,2024-07-16 20:58:13,0,2024-07-16 20:58:13,,,
2022-03-01,灵武市,烟煤末,6.00,27.50,0.25,,5500.00,820.00,0.00,出厂价,1189,2022-03-01 00:00:00,1,0,2024-07-16 20:58:13,0,2024-07-16 20:58:13,,,
2022-03-01,灵武市,水洗36块,6.00,24.50,0.25,,6800.00,1075.00,0.00,出厂价,1190,2022-03-01 00:00:00,1,0,2024-07-16 20:58:13,0,2024-07-16 20:58:13,,,
2022-02-28,灵武市,烟煤末,6.00,27.50,0.25,,5500.00,820.00,0.00,出厂价,1191,2022-02-28 00:00:00,1,0,2024-07-16 20:58:13,0,2024-07-16 20:58:13,,,
2022-02-28,灵武市,水洗36块,6.00,24.50,0.25,,6800.00,1075.00,0.00,出厂价,1192,2022-02-28 00:00:00,1,0,2024-07-16 20:58:13,0,2024-07-16 20:58:13,,,
2022-02-25,灵武市,烟煤末,6.00,27.50,0.25,,5500.00,820.00,0.00,出厂价,1193,2022-02-25 00:00:00,1,0,2024-07-16 20:58:13,0,2024-07-16 20:58:13,,,
2022-02-25,灵武市,水洗36块,6.00,24.50,0.25,,6800.00,1075.00,0.00,出厂价,1194,2022-02-25 00:00:00,1,0,2024-07-16 20:58:13,0,2024-07-16 20:58:13,,,
2022-02-24,灵武市,烟煤末,6.00,27.50,0.25,,5500.00,820.00,0.00,出厂价,1195,2022-02-24 00:00:00,1,0,2024-07-16 20:58:13,0,2024-07-16 20:58:13,,,
2022-02-24,灵武市,水洗36块,6.00,24.50,0.25,,6800.00,1075.00,-25.00,出厂价,1196,2022-02-24 00:00:00,1,0,2024-07-16 20:58:13,0,2024-07-16 20:58:13,,,
2022-02-23,灵武市,烟煤末,6.00,27.50,0.25,,5500.00,820.00,0.00,出厂价,1197,2022-02-23 00:00:00,1,0,2024-07-16 20:58:13,0,2024-07-16 20:58:13,,,
2022-02-23,灵武市,水洗36块,6.00,24.50,0.25,,6800.00,1100.00,-50.00,出厂价,1198,2022-02-23 00:00:00,1,0,2024-07-16 20:58:13,0,2024-07-16 20:58:13,,,
2022-02-22,灵武市,烟煤末,6.00,27.50,0.25,,5500.00,820.00,0.00,出厂价,1199,2022-02-22 00:00:00,1,0,2024-07-16 20:58:13,0,2024-07-16 20:58:13,,,
2022-02-22,灵武市,水洗36块,6.00,24.50,0.25,,6800.00,1150.00,-50.00,出厂价,1200,2022-02-22 00:00:00,1,0,2024-07-16 20:58:13,0,2024-07-16 20:58:13,,,
2022-02-21,灵武市,烟煤末,6.00,27.50,0.25,,5500.00,820.00,0.00,出厂价,1201,2022-02-21 00:00:00,1,0,2024-07-16 20:58:17,0,2024-07-16 20:58:17,,,
2022-02-21,灵武市,水洗36块,6.00,24.50,0.25,,6800.00,1200.00,0.00,出厂价,1202,2022-02-21 00:00:00,1,0,2024-07-16 20:58:17,0,2024-07-16 20:58:17,,,
2022-02-18,灵武市,烟煤末,6.00,27.50,0.25,,5500.00,820.00,0.00,出厂价,1203,2022-02-18 00:00:00,1,0,2024-07-16 20:58:17,0,2024-07-16 20:58:17,,,
2022-02-18,灵武市,水洗36块,6.00,24.50,0.25,,6800.00,1200.00,0.00,出厂价,1204,2022-02-18 00:00:00,1,0,2024-07-16 20:58:17,0,2024-07-16 20:58:17,,,
2022-02-17,灵武市,烟煤末,6.00,27.50,0.25,,5500.00,820.00,0.00,出厂价,1205,2022-02-17 00:00:00,1,0,2024-07-16 20:58:17,0,2024-07-16 20:58:17,,,
2022-02-17,灵武市,水洗36块,6.00,24.50,0.25,,6800.00,1200.00,-10.00,出厂价,1206,2022-02-17 00:00:00,1,0,2024-07-16 20:58:17,0,2024-07-16 20:58:17,,,
2022-02-16,灵武市,烟煤末,6.00,27.50,0.25,,5500.00,820.00,-20.00,出厂价,1207,2022-02-16 00:00:00,1,0,2024-07-16 20:58:17,0,2024-07-16 20:58:17,,,
2022-02-16,灵武市,水洗36块,6.00,24.50,0.25,,6800.00,1210.00,0.00,出厂价,1208,2022-02-16 00:00:00,1,0,2024-07-16 20:58:17,0,2024-07-16 20:58:17,,,
2022-02-15,灵武市,烟煤末,6.00,27.50,0.25,,5500.00,840.00,-30.00,出厂价,1209,2022-02-15 00:00:00,1,0,2024-07-16 20:58:17,0,2024-07-16 20:58:17,,,
2022-02-15,灵武市,水洗36块,6.00,24.50,0.25,,6800.00,1210.00,0.00,出厂价,1210,2022-02-15 00:00:00,1,0,2024-07-16 20:58:17,0,2024-07-16 20:58:17,,,
2022-02-14,灵武市,烟煤末,6.00,27.50,0.25,,5500.00,870.00,-10.00,出厂价,1211,2022-02-14 00:00:00,1,0,2024-07-16 20:58:17,0,2024-07-16 20:58:17,,,
2022-02-14,灵武市,水洗36块,6.00,24.50,0.25,,6800.00,1210.00,0.00,出厂价,1212,2022-02-14 00:00:00,1,0,2024-07-16 20:58:17,0,2024-07-16 20:58:17,,,
2022-02-11,灵武市,烟煤末,6.00,27.50,0.25,,5500.00,880.00,-70.00,出厂价,1213,2022-02-11 00:00:00,1,0,2024-07-16 20:58:17,0,2024-07-16 20:58:17,,,
2022-02-11,灵武市,水洗36块,6.00,24.50,0.25,,6800.00,1210.00,-25.00,出厂价,1214,2022-02-11 00:00:00,1,0,2024-07-16 20:58:17,0,2024-07-16 20:58:17,,,
2022-02-10,灵武市,烟煤末,6.00,27.50,0.25,,5500.00,950.00,15.00,出厂价,1215,2022-02-10 00:00:00,1,0,2024-07-16 20:58:17,0,2024-07-16 20:58:17,,,
2022-02-10,灵武市,水洗36块,6.00,24.50,0.25,,6800.00,1235.00,0.00,出厂价,1216,2022-02-10 00:00:00,1,0,2024-07-16 20:58:17,0,2024-07-16 20:58:17,,,
2022-02-09,灵武市,烟煤末,6.00,27.50,0.25,,5500.00,935.00,5.00,出厂价,1217,2022-02-09 00:00:00,1,0,2024-07-16 20:58:17,0,2024-07-16 20:58:17,,,
2022-02-09,灵武市,水洗36块,6.00,24.50,0.25,,6800.00,1235.00,0.00,出厂价,1218,2022-02-09 00:00:00,1,0,2024-07-16 20:58:17,0,2024-07-16 20:58:17,,,
2022-02-08,灵武市,烟煤末,6.00,27.50,0.25,,5500.00,930.00,0.00,出厂价,1219,2022-02-08 00:00:00,1,0,2024-07-16 20:58:17,0,2024-07-16 20:58:17,,,
2022-02-08,灵武市,水洗36块,6.00,24.50,0.25,,6800.00,1235.00,0.00,出厂价,1220,2022-02-08 00:00:00,1,0,2024-07-16 20:58:17,0,2024-07-16 20:58:17,,,
2022-02-07,灵武市,烟煤末,6.00,27.50,0.25,,5500.00,930.00,0.00,出厂价,1221,2022-02-07 00:00:00,1,0,2024-07-16 20:58:17,0,2024-07-16 20:58:17,,,
2022-02-07,灵武市,水洗36块,6.00,24.50,0.25,,6800.00,1235.00,0.00,出厂价,1222,2022-02-07 00:00:00,1,0,2024-07-16 20:58:17,0,2024-07-16 20:58:17,,,
2022-01-30,灵武市,烟煤末,6.00,27.50,0.25,,5500.00,930.00,0.00,出厂价,1223,2022-01-30 00:00:00,1,0,2024-07-16 20:58:17,0,2024-07-16 20:58:17,,,
2022-01-30,灵武市,水洗36块,6.00,24.50,0.25,,6800.00,1235.00,0.00,出厂价,1224,2022-01-30 00:00:00,1,0,2024-07-16 20:58:17,0,2024-07-16 20:58:17,,,
2022-01-29,灵武市,烟煤末,6.00,27.50,0.25,,5500.00,930.00,0.00,出厂价,1225,2022-01-29 00:00:00,1,0,2024-07-16 20:58:17,0,2024-07-16 20:58:17,,,
2022-01-29,灵武市,水洗36块,6.00,24.50,0.25,,6800.00,1235.00,0.00,出厂价,1226,2022-01-29 00:00:00,1,0,2024-07-16 20:58:17,0,2024-07-16 20:58:17,,,
2022-01-28,灵武市,烟煤末,6.00,27.50,0.25,,5500.00,930.00,0.00,出厂价,1227,2022-01-28 00:00:00,1,0,2024-07-16 20:58:17,0,2024-07-16 20:58:17,,,
2022-01-28,灵武市,水洗36块,6.00,24.50,0.25,,6800.00,1235.00,0.00,出厂价,1228,2022-01-28 00:00:00,1,0,2024-07-16 20:58:17,0,2024-07-16 20:58:17,,,
2022-01-27,灵武市,烟煤末,6.00,27.50,0.25,,5500.00,930.00,10.00,出厂价,1229,2022-01-27 00:00:00,1,0,2024-07-16 20:58:17,0,2024-07-16 20:58:17,,,
2022-01-27,灵武市,水洗36块,6.00,24.50,0.25,,6800.00,1235.00,0.00,出厂价,1230,2022-01-27 00:00:00,1,0,2024-07-16 20:58:17,0,2024-07-16 20:58:17,,,
2022-01-26,灵武市,烟煤末,6.00,27.50,0.25,,5500.00,920.00,5.00,出厂价,1231,2022-01-26 00:00:00,1,0,2024-07-16 20:58:20,0,2024-07-16 20:58:20,,,
2022-01-26,灵武市,水洗36块,6.00,24.50,0.25,,6800.00,1235.00,0.00,出厂价,1232,2022-01-26 00:00:00,1,0,2024-07-16 20:58:20,0,2024-07-16 20:58:20,,,
2022-01-25,灵武市,烟煤末,6.00,27.50,0.25,,5500.00,915.00,10.00,出厂价,1233,2022-01-25 00:00:00,1,0,2024-07-16 20:58:20,0,2024-07-16 20:58:20,,,
2022-01-25,灵武市,水洗36块,6.00,24.50,0.25,,6800.00,1235.00,0.00,出厂价,1234,2022-01-25 00:00:00,1,0,2024-07-16 20:58:20,0,2024-07-16 20:58:20,,,
2022-01-24,灵武市,烟煤末,6.00,27.50,0.25,,5500.00,905.00,10.00,出厂价,1235,2022-01-24 00:00:00,1,0,2024-07-16 20:58:20,0,2024-07-16 20:58:20,,,
2022-01-24,灵武市,水洗36块,6.00,24.50,0.25,,6800.00,1235.00,0.00,出厂价,1236,2022-01-24 00:00:00,1,0,2024-07-16 20:58:20,0,2024-07-16 20:58:20,,,
2022-01-21,灵武市,烟煤末,6.00,27.50,0.25,,5500.00,895.00,5.00,出厂价,1237,2022-01-21 00:00:00,1,0,2024-07-16 20:58:20,0,2024-07-16 20:58:20,,,
2022-01-21,灵武市,水洗36块,6.00,24.50,0.25,,6800.00,1235.00,15.00,出厂价,1238,2022-01-21 00:00:00,1,0,2024-07-16 20:58:20,0,2024-07-16 20:58:20,,,
2022-01-20,灵武市,烟煤末,6.00,27.50,0.25,,5500.00,890.00,0.00,出厂价,1239,2022-01-20 00:00:00,1,0,2024-07-16 20:58:20,0,2024-07-16 20:58:20,,,
2022-01-20,灵武市,水洗36块,6.00,24.50,0.25,,6800.00,1220.00,0.00,出厂价,1240,2022-01-20 00:00:00,1,0,2024-07-16 20:58:20,0,2024-07-16 20:58:20,,,
2022-01-19,灵武市,烟煤末,6.00,27.50,0.25,,5500.00,890.00,10.00,出厂价,1241,2022-01-19 00:00:00,1,0,2024-07-16 20:58:20,0,2024-07-16 20:58:20,,,
2022-01-19,灵武市,水洗36块,6.00,24.50,0.25,,6800.00,1220.00,10.00,出厂价,1242,2022-01-19 00:00:00,1,0,2024-07-16 20:58:20,0,2024-07-16 20:58:20,,,
2022-01-18,灵武市,烟煤末,6.00,27.50,0.25,,5500.00,880.00,35.00,出厂价,1243,2022-01-18 00:00:00,1,0,2024-07-16 20:58:20,0,2024-07-16 20:58:20,,,
2022-01-18,灵武市,水洗36块,6.00,24.50,0.25,,6800.00,1210.00,20.00,出厂价,1244,2022-01-18 00:00:00,1,0,2024-07-16 20:58:20,0,2024-07-16 20:58:20,,,
2022-01-17,灵武市,烟煤末,6.00,27.50,0.25,,5500.00,845.00,5.00,出厂价,1245,2022-01-17 00:00:00,1,0,2024-07-16 20:58:20,0,2024-07-16 20:58:20,,,
2022-01-17,灵武市,水洗36块,6.00,24.50,0.25,,6800.00,1190.00,0.00,出厂价,1246,2022-01-17 00:00:00,1,0,2024-07-16 20:58:20,0,2024-07-16 20:58:20,,,
2022-01-14,灵武市,烟煤末,6.00,27.50,0.25,,5500.00,840.00,10.00,出厂价,1247,2022-01-14 00:00:00,1,0,2024-07-16 20:58:20,0,2024-07-16 20:58:20,,,
2022-01-14,灵武市,水洗36块,6.00,24.50,0.25,,6800.00,1190.00,35.00,出厂价,1248,2022-01-14 00:00:00,1,0,2024-07-16 20:58:20,0,2024-07-16 20:58:20,,,
2022-01-13,灵武市,烟煤末,6.00,27.50,0.25,,5500.00,830.00,25.00,出厂价,1249,2022-01-13 00:00:00,1,0,2024-07-16 20:58:20,0,2024-07-16 20:58:20,,,
2022-01-13,灵武市,水洗36块,6.00,24.50,0.25,,6800.00,1155.00,5.00,出厂价,1250,2022-01-13 00:00:00,1,0,2024-07-16 20:58:20,0,2024-07-16 20:58:20,,,
2022-01-12,灵武市,烟煤末,6.00,27.50,0.25,,5500.00,805.00,15.00,出厂价,1251,2022-01-12 00:00:00,1,0,2024-07-16 20:58:20,0,2024-07-16 20:58:20,,,
2022-01-12,灵武市,水洗36块,6.00,24.50,0.25,,6800.00,1150.00,0.00,出厂价,1252,2022-01-12 00:00:00,1,0,2024-07-16 20:58:20,0,2024-07-16 20:58:20,,,
2022-01-11,灵武市,烟煤末,6.00,27.50,0.25,,5500.00,790.00,20.00,出厂价,1253,2022-01-11 00:00:00,1,0,2024-07-16 20:58:20,0,2024-07-16 20:58:20,,,
2022-01-11,灵武市,水洗36块,6.00,24.50,0.25,,6800.00,1150.00,0.00,出厂价,1254,2022-01-11 00:00:00,1,0,2024-07-16 20:58:20,0,2024-07-16 20:58:20,,,
2022-01-10,灵武市,烟煤末,6.00,27.50,0.25,,5500.00,770.00,15.00,出厂价,1255,2022-01-10 00:00:00,1,0,2024-07-16 20:58:20,0,2024-07-16 20:58:20,,,
2022-01-10,灵武市,水洗36块,6.00,24.50,0.25,,6800.00,1150.00,0.00,出厂价,1256,2022-01-10 00:00:00,1,0,2024-07-16 20:58:20,0,2024-07-16 20:58:20,,,
2022-01-07,灵武市,烟煤末,6.00,27.50,0.25,,5500.00,755.00,15.00,出厂价,1257,2022-01-07 00:00:00,1,0,2024-07-16 20:58:20,0,2024-07-16 20:58:20,,,
2022-01-07,灵武市,水洗36块,6.00,24.50,0.25,,6800.00,1150.00,-95.00,出厂价,1258,2022-01-07 00:00:00,1,0,2024-07-16 20:58:20,0,2024-07-16 20:58:20,,,
2022-01-06,灵武市,烟煤末,6.00,27.50,0.25,,5500.00,740.00,0.00,出厂价,1259,2022-01-06 00:00:00,1,0,2024-07-16 20:58:20,0,2024-07-16 20:58:20,,,
2022-01-06,灵武市,水洗36块,6.00,24.50,0.25,,6800.00,1245.00,0.00,出厂价,1260,2022-01-06 00:00:00,1,0,2024-07-16 20:58:20,0,2024-07-16 20:58:20,,,
2022-01-05,灵武市,烟煤末,6.00,27.50,0.25,,5500.00,740.00,0.00,出厂价,1261,2022-01-05 00:00:00,1,0,2024-07-16 20:58:22,0,2024-07-16 20:58:22,,,
2022-01-05,灵武市,水洗36块,6.00,24.50,0.25,,6800.00,1245.00,0.00,出厂价,1262,2022-01-05 00:00:00,1,0,2024-07-16 20:58:22,0,2024-07-16 20:58:22,,,
2022-01-04,灵武市,烟煤末,6.00,27.50,0.25,,5500.00,740.00,-70.00,出厂价,1263,2022-01-04 00:00:00,1,0,2024-07-16 20:58:22,0,2024-07-16 20:58:22,,,
2022-01-04,灵武市,水洗36块,6.00,24.50,0.25,,6800.00,1245.00,0.00,出厂价,1264,2022-01-04 00:00:00,1,0,2024-07-16 20:58:22,0,2024-07-16 20:58:22,,,
2021-12-31,灵武市,烟煤末,6.00,27.50,0.25,,5500.00,810.00,0.00,出厂价,1265,2021-12-31 00:00:00,1,0,2024-07-16 20:58:22,0,2024-07-16 20:58:22,,,
2021-12-31,灵武市,水洗36块,6.00,24.50,0.25,,6800.00,1245.00,0.00,出厂价,1266,2021-12-31 00:00:00,1,0,2024-07-16 20:58:22,0,2024-07-16 20:58:22,,,
2021-12-30,灵武市,烟煤末,6.00,27.50,0.25,,5500.00,810.00,0.00,出厂价,1267,2021-12-30 00:00:00,1,0,2024-07-16 20:58:22,0,2024-07-16 20:58:22,,,
2021-12-30,灵武市,水洗36块,6.00,24.50,0.25,,6800.00,1245.00,0.00,出厂价,1268,2021-12-30 00:00:00,1,0,2024-07-16 20:58:22,0,2024-07-16 20:58:22,,,
2021-12-29,灵武市,烟煤末,6.00,27.50,0.25,,5500.00,810.00,0.00,出厂价,1269,2021-12-29 00:00:00,1,0,2024-07-16 20:58:22,0,2024-07-16 20:58:22,,,
2021-12-29,灵武市,水洗36块,6.00,24.50,0.25,,6800.00,1245.00,0.00,出厂价,1270,2021-12-29 00:00:00,1,0,2024-07-16 20:58:22,0,2024-07-16 20:58:22,,,
2021-12-28,灵武市,烟煤末,6.00,27.50,0.25,,5500.00,810.00,0.00,出厂价,1271,2021-12-28 00:00:00,1,0,2024-07-16 20:58:22,0,2024-07-16 20:58:22,,,
2021-12-28,灵武市,水洗36块,6.00,24.50,0.25,,6800.00,1245.00,0.00,出厂价,1272,2021-12-28 00:00:00,1,0,2024-07-16 20:58:22,0,2024-07-16 20:58:22,,,
2021-12-27,灵武市,烟煤末,6.00,27.50,0.25,,5500.00,810.00,0.00,出厂价,1273,2021-12-27 00:00:00,1,0,2024-07-16 20:58:22,0,2024-07-16 20:58:22,,,
2021-12-27,灵武市,水洗36块,6.00,24.50,0.25,,6800.00,1245.00,0.00,出厂价,1274,2021-12-27 00:00:00,1,0,2024-07-16 20:58:22,0,2024-07-16 20:58:22,,,
2021-12-24,灵武市,烟煤末,6.00,27.50,0.25,,5500.00,810.00,-60.00,出厂价,1275,2021-12-24 00:00:00,1,0,2024-07-16 20:58:22,0,2024-07-16 20:58:22,,,
2021-12-24,灵武市,水洗36块,6.00,24.50,0.25,,6800.00,1245.00,0.00,出厂价,1276,2021-12-24 00:00:00,1,0,2024-07-16 20:58:22,0,2024-07-16 20:58:22,,,
2021-12-23,灵武市,烟煤末,6.00,27.50,0.25,,5500.00,870.00,-60.00,出厂价,1277,2021-12-23 00:00:00,1,0,2024-07-16 20:58:22,0,2024-07-16 20:58:22,,,
2021-12-23,灵武市,水洗36块,6.00,24.50,0.25,,6800.00,1245.00,0.00,出厂价,1278,2021-12-23 00:00:00,1,0,2024-07-16 20:58:22,0,2024-07-16 20:58:22,,,
2021-12-22,灵武市,烟煤末,6.00,27.50,0.25,,5500.00,930.00,0.00,出厂价,1279,2021-12-22 00:00:00,1,0,2024-07-16 20:58:22,0,2024-07-16 20:58:22,,,
2021-12-22,灵武市,水洗36块,6.00,24.50,0.25,,6800.00,1245.00,0.00,出厂价,1280,2021-12-22 00:00:00,1,0,2024-07-16 20:58:22,0,2024-07-16 20:58:22,,,
2021-12-21,灵武市,烟煤末,6.00,27.50,0.25,,5500.00,930.00,-20.00,出厂价,1281,2021-12-21 00:00:00,1,0,2024-07-16 20:58:22,0,2024-07-16 20:58:22,,,
2021-12-21,灵武市,水洗36块,6.00,24.50,0.25,,6800.00,1245.00,0.00,出厂价,1282,2021-12-21 00:00:00,1,0,2024-07-16 20:58:22,0,2024-07-16 20:58:22,,,
2021-12-20,灵武市,烟煤末,6.00,27.50,0.25,,5500.00,950.00,-5.00,出厂价,1283,2021-12-20 00:00:00,1,0,2024-07-16 20:58:22,0,2024-07-16 20:58:22,,,
2021-12-20,灵武市,水洗36块,6.00,24.50,0.25,,6800.00,1245.00,0.00,出厂价,1284,2021-12-20 00:00:00,1,0,2024-07-16 20:58:22,0,2024-07-16 20:58:22,,,
2021-12-17,灵武市,烟煤末,6.00,27.50,0.25,,5500.00,955.00,0.00,出厂价,1285,2021-12-17 00:00:00,1,0,2024-07-16 20:58:22,0,2024-07-16 20:58:22,,,
2021-12-17,灵武市,水洗36块,6.00,24.50,0.25,,6800.00,1245.00,0.00,出厂价,1286,2021-12-17 00:00:00,1,0,2024-07-16 20:58:22,0,2024-07-16 20:58:22,,,
2021-12-16,灵武市,烟煤末,6.00,27.50,0.25,,5500.00,955.00,-5.00,出厂价,1287,2021-12-16 00:00:00,1,0,2024-07-16 20:58:22,0,2024-07-16 20:58:22,,,
2021-12-16,灵武市,水洗36块,6.00,24.50,0.25,,6800.00,1245.00,0.00,出厂价,1288,2021-12-16 00:00:00,1,0,2024-07-16 20:58:22,0,2024-07-16 20:58:22,,,
2021-12-15,灵武市,烟煤末,6.00,27.50,0.25,,5500.00,960.00,0.00,出厂价,1289,2021-12-15 00:00:00,1,0,2024-07-16 20:58:22,0,2024-07-16 20:58:22,,,
2021-12-15,灵武市,水洗36块,6.00,24.50,0.25,,6800.00,1245.00,0.00,出厂价,1290,2021-12-15 00:00:00,1,0,2024-07-16 20:58:22,0,2024-07-16 20:58:22,,,
2021-12-14,灵武市,烟煤末,6.00,27.50,0.25,,5500.00,960.00,0.00,出厂价,1291,2021-12-14 00:00:00,1,0,2024-07-16 20:58:25,0,2024-07-16 20:58:25,,,
2021-12-14,灵武市,水洗36块,6.00,24.50,0.25,,6800.00,1245.00,0.00,出厂价,1292,2021-12-14 00:00:00,1,0,2024-07-16 20:58:25,0,2024-07-16 20:58:25,,,
2021-12-13,灵武市,烟煤末,6.00,27.50,0.25,,5500.00,960.00,-10.00,出厂价,1293,2021-12-13 00:00:00,1,0,2024-07-16 20:58:25,0,2024-07-16 20:58:25,,,
2021-12-13,灵武市,水洗36块,6.00,24.50,0.25,,6800.00,1245.00,0.00,出厂价,1294,2021-12-13 00:00:00,1,0,2024-07-16 20:58:25,0,2024-07-16 20:58:25,,,
2021-12-10,灵武市,烟煤末,6.00,27.50,0.25,,5500.00,970.00,-15.00,出厂价,1295,2021-12-10 00:00:00,1,0,2024-07-16 20:58:25,0,2024-07-16 20:58:25,,,
2021-12-10,灵武市,水洗36块,6.00,24.50,0.25,,6800.00,1245.00,0.00,出厂价,1296,2021-12-10 00:00:00,1,0,2024-07-16 20:58:25,0,2024-07-16 20:58:25,,,
2021-12-09,灵武市,烟煤末,6.00,27.50,0.25,,5500.00,985.00,-10.00,出厂价,1297,2021-12-09 00:00:00,1,0,2024-07-16 20:58:25,0,2024-07-16 20:58:25,,,
2021-12-09,灵武市,水洗36块,6.00,24.50,0.25,,6800.00,1245.00,-30.00,出厂价,1298,2021-12-09 00:00:00,1,0,2024-07-16 20:58:25,0,2024-07-16 20:58:25,,,
2021-12-08,灵武市,烟煤末,6.00,27.50,0.25,,5500.00,995.00,-15.00,出厂价,1299,2021-12-08 00:00:00,1,0,2024-07-16 20:58:25,0,2024-07-16 20:58:25,,,
2021-12-08,灵武市,水洗36块,6.00,24.50,0.25,,6800.00,1275.00,0.00,出厂价,1300,2021-12-08 00:00:00,1,0,2024-07-16 20:58:25,0,2024-07-16 20:58:25,,,
2021-12-07,灵武市,烟煤末,6.00,27.50,0.25,,5500.00,1010.00,-5.00,出厂价,1301,2021-12-07 00:00:00,1,0,2024-07-16 20:58:25,0,2024-07-16 20:58:25,,,
2021-12-07,灵武市,水洗36块,6.00,24.50,0.25,,6800.00,1275.00,0.00,出厂价,1302,2021-12-07 00:00:00,1,0,2024-07-16 20:58:25,0,2024-07-16 20:58:25,,,
2021-12-06,灵武市,烟煤末,6.00,27.50,0.25,,5500.00,1015.00,0.00,出厂价,1303,2021-12-06 00:00:00,1,0,2024-07-16 20:58:25,0,2024-07-16 20:58:25,,,
2021-12-06,灵武市,水洗36块,6.00,24.50,0.25,,6800.00,1275.00,-5.00,出厂价,1304,2021-12-06 00:00:00,1,0,2024-07-16 20:58:25,0,2024-07-16 20:58:25,,,
2021-12-03,灵武市,烟煤末,6.00,27.50,0.25,,5500.00,1015.00,0.00,出厂价,1305,2021-12-03 00:00:00,1,0,2024-07-16 20:58:25,0,2024-07-16 20:58:25,,,
2021-12-03,灵武市,水洗36块,6.00,24.50,0.25,,6800.00,1280.00,0.00,出厂价,1306,2021-12-03 00:00:00,1,0,2024-07-16 20:58:25,0,2024-07-16 20:58:25,,,
2021-12-02,灵武市,烟煤末,6.00,27.50,0.25,,5500.00,1015.00,0.00,出厂价,1307,2021-12-02 00:00:00,1,0,2024-07-16 20:58:25,0,2024-07-16 20:58:25,,,
2021-12-02,灵武市,水洗36块,6.00,24.50,0.25,,6800.00,1280.00,0.00,出厂价,1308,2021-12-02 00:00:00,1,0,2024-07-16 20:58:25,0,2024-07-16 20:58:25,,,
2021-12-01,灵武市,烟煤末,6.00,27.50,0.25,,5500.00,1015.00,0.00,出厂价,1309,2021-12-01 00:00:00,1,0,2024-07-16 20:58:25,0,2024-07-16 20:58:25,,,
2021-12-01,灵武市,水洗36块,6.00,24.50,0.25,,6800.00,1280.00,0.00,出厂价,1310,2021-12-01 00:00:00,1,0,2024-07-16 20:58:25,0,2024-07-16 20:58:25,,,
2021-11-30,灵武市,烟煤末,6.00,27.50,0.25,,5500.00,1015.00,0.00,出厂价,1311,2021-11-30 00:00:00,1,0,2024-07-16 20:58:25,0,2024-07-16 20:58:25,,,
2021-11-30,灵武市,水洗36块,6.00,24.50,0.25,,6800.00,1280.00,0.00,出厂价,1312,2021-11-30 00:00:00,1,0,2024-07-16 20:58:25,0,2024-07-16 20:58:25,,,
2021-11-29,灵武市,烟煤末,6.00,27.50,0.25,,5500.00,1015.00,5.00,出厂价,1313,2021-11-29 00:00:00,1,0,2024-07-16 20:58:25,0,2024-07-16 20:58:25,,,
2021-11-29,灵武市,水洗36块,6.00,24.50,0.25,,6800.00,1280.00,0.00,出厂价,1314,2021-11-29 00:00:00,1,0,2024-07-16 20:58:25,0,2024-07-16 20:58:25,,,
2021-11-26,灵武市,烟煤末,6.00,27.50,0.25,,5500.00,1010.00,0.00,出厂价,1315,2021-11-26 00:00:00,1,0,2024-07-16 20:58:25,0,2024-07-16 20:58:25,,,
2021-11-26,灵武市,水洗36块,6.00,24.50,0.25,,6800.00,1280.00,10.00,出厂价,1316,2021-11-26 00:00:00,1,0,2024-07-16 20:58:25,0,2024-07-16 20:58:25,,,
2021-11-25,灵武市,烟煤末,6.00,27.50,0.25,,5500.00,1010.00,5.00,出厂价,1317,2021-11-25 00:00:00,1,0,2024-07-16 20:58:25,0,2024-07-16 20:58:25,,,
2021-11-25,灵武市,水洗36块,6.00,24.50,0.25,,6800.00,1270.00,10.00,出厂价,1318,2021-11-25 00:00:00,1,0,2024-07-16 20:58:25,0,2024-07-16 20:58:25,,,
2021-11-24,灵武市,烟煤末,6.00,27.50,0.25,,5500.00,1005.00,0.00,出厂价,1319,2021-11-24 00:00:00,1,0,2024-07-16 20:58:25,0,2024-07-16 20:58:25,,,
2021-11-24,灵武市,水洗36块,6.00,24.50,0.25,,6800.00,1260.00,10.00,出厂价,1320,2021-11-24 00:00:00,1,0,2024-07-16 20:58:25,0,2024-07-16 20:58:25,,,
2021-11-23,灵武市,烟煤末,6.00,27.50,0.25,,5500.00,1005.00,5.00,出厂价,1321,2021-11-23 00:00:00,1,0,2024-07-16 20:58:29,0,2024-07-16 20:58:29,,,
2021-11-23,灵武市,水洗36块,6.00,24.50,0.25,,6800.00,1250.00,40.00,出厂价,1322,2021-11-23 00:00:00,1,0,2024-07-16 20:58:29,0,2024-07-16 20:58:29,,,
2021-11-22,灵武市,烟煤末,6.00,27.50,0.25,,5500.00,1000.00,10.00,出厂价,1323,2021-11-22 00:00:00,1,0,2024-07-16 20:58:29,0,2024-07-16 20:58:29,,,
2021-11-22,灵武市,水洗36块,6.00,24.50,0.25,,6800.00,1210.00,0.00,出厂价,1324,2021-11-22 00:00:00,1,0,2024-07-16 20:58:29,0,2024-07-16 20:58:29,,,
2021-11-19,灵武市,烟煤末,6.00,27.50,0.25,,5500.00,990.00,0.00,出厂价,1325,2021-11-19 00:00:00,1,0,2024-07-16 20:58:29,0,2024-07-16 20:58:29,,,
2021-11-19,灵武市,水洗36块,6.00,24.50,0.25,,6800.00,1210.00,0.00,出厂价,1326,2021-11-19 00:00:00,1,0,2024-07-16 20:58:29,0,2024-07-16 20:58:29,,,
2021-11-18,灵武市,烟煤末,6.00,27.50,0.25,,5500.00,990.00,0.00,出厂价,1327,2021-11-18 00:00:00,1,0,2024-07-16 20:58:29,0,2024-07-16 20:58:29,,,
2021-11-18,灵武市,水洗36块,6.00,24.50,0.25,,6800.00,1210.00,0.00,出厂价,1328,2021-11-18 00:00:00,1,0,2024-07-16 20:58:29,0,2024-07-16 20:58:29,,,
2021-11-17,灵武市,烟煤末,6.00,27.50,0.25,,5500.00,990.00,0.00,出厂价,1329,2021-11-17 00:00:00,1,0,2024-07-16 20:58:29,0,2024-07-16 20:58:29,,,
2021-11-17,灵武市,水洗36块,6.00,24.50,0.25,,6800.00,1210.00,0.00,出厂价,1330,2021-11-17 00:00:00,1,0,2024-07-16 20:58:29,0,2024-07-16 20:58:29,,,
2021-11-16,灵武市,烟煤末,6.00,27.50,0.25,,5500.00,990.00,0.00,出厂价,1331,2021-11-16 00:00:00,1,0,2024-07-16 20:58:29,0,2024-07-16 20:58:29,,,
2021-11-16,灵武市,水洗36块,6.00,24.50,0.25,,6800.00,1210.00,0.00,出厂价,1332,2021-11-16 00:00:00,1,0,2024-07-16 20:58:29,0,2024-07-16 20:58:29,,,
2021-11-15,灵武市,烟煤末,6.00,27.50,0.25,,5500.00,990.00,0.00,出厂价,1333,2021-11-15 00:00:00,1,0,2024-07-16 20:58:29,0,2024-07-16 20:58:29,,,
2021-11-15,灵武市,水洗36块,6.00,24.50,0.25,,6800.00,1210.00,0.00,出厂价,1334,2021-11-15 00:00:00,1,0,2024-07-16 20:58:29,0,2024-07-16 20:58:29,,,
2021-11-12,灵武市,烟煤末,6.00,27.50,0.25,,5500.00,990.00,-5.00,出厂价,1335,2021-11-12 00:00:00,1,0,2024-07-16 20:58:29,0,2024-07-16 20:58:29,,,
2021-11-12,灵武市,水洗36块,6.00,24.50,0.25,,6800.00,1210.00,0.00,出厂价,1336,2021-11-12 00:00:00,1,0,2024-07-16 20:58:29,0,2024-07-16 20:58:29,,,
2021-11-11,灵武市,烟煤末,6.00,27.50,0.25,,5500.00,995.00,-10.00,出厂价,1337,2021-11-11 00:00:00,1,0,2024-07-16 20:58:29,0,2024-07-16 20:58:29,,,
2021-11-11,灵武市,水洗36块,6.00,24.50,0.25,,6800.00,1210.00,-50.00,出厂价,1338,2021-11-11 00:00:00,1,0,2024-07-16 20:58:29,0,2024-07-16 20:58:29,,,
2021-11-10,灵武市,烟煤末,6.00,27.50,0.25,,5500.00,1005.00,-40.00,出厂价,1339,2021-11-10 00:00:00,1,0,2024-07-16 20:58:29,0,2024-07-16 20:58:29,,,
2021-11-10,灵武市,水洗36块,6.00,24.50,0.25,,6800.00,1260.00,-10.00,出厂价,1340,2021-11-10 00:00:00,1,0,2024-07-16 20:58:29,0,2024-07-16 20:58:29,,,
2021-11-09,灵武市,烟煤末,6.00,27.50,0.25,,5500.00,1045.00,-20.00,出厂价,1341,2021-11-09 00:00:00,1,0,2024-07-16 20:58:29,0,2024-07-16 20:58:29,,,
2021-11-09,灵武市,水洗36块,6.00,24.50,0.25,,6800.00,1270.00,0.00,出厂价,1342,2021-11-09 00:00:00,1,0,2024-07-16 20:58:29,0,2024-07-16 20:58:29,,,
2021-11-08,灵武市,烟煤末,6.00,27.50,0.25,,5500.00,1065.00,-10.00,出厂价,1343,2021-11-08 00:00:00,1,0,2024-07-16 20:58:29,0,2024-07-16 20:58:29,,,
2021-11-08,灵武市,水洗36块,6.00,24.50,0.25,,6800.00,1270.00,0.00,出厂价,1344,2021-11-08 00:00:00,1,0,2024-07-16 20:58:29,0,2024-07-16 20:58:29,,,
2021-11-05,灵武市,烟煤末,6.00,27.50,0.25,,5500.00,1075.00,-10.00,出厂价,1345,2021-11-05 00:00:00,1,0,2024-07-16 20:58:29,0,2024-07-16 20:58:29,,,
2021-11-05,灵武市,水洗36块,6.00,24.50,0.25,,6800.00,1270.00,-10.00,出厂价,1346,2021-11-05 00:00:00,1,0,2024-07-16 20:58:29,0,2024-07-16 20:58:29,,,
2021-11-04,灵武市,烟煤末,6.00,27.50,0.25,,5500.00,1085.00,-5.00,出厂价,1347,2021-11-04 00:00:00,1,0,2024-07-16 20:58:29,0,2024-07-16 20:58:29,,,
2021-11-04,灵武市,水洗36块,6.00,24.50,0.25,,6800.00,1280.00,-50.00,出厂价,1348,2021-11-04 00:00:00,1,0,2024-07-16 20:58:29,0,2024-07-16 20:58:29,,,
2021-11-03,灵武市,烟煤末,6.00,27.50,0.25,,5500.00,1090.00,-35.00,出厂价,1349,2021-11-03 00:00:00,1,0,2024-07-16 20:58:29,0,2024-07-16 20:58:29,,,
2021-11-03,灵武市,水洗36块,6.00,24.50,0.25,,6800.00,1330.00,-60.00,出厂价,1350,2021-11-03 00:00:00,1,0,2024-07-16 20:58:29,0,2024-07-16 20:58:29,,,
2021-11-02,灵武市,烟煤末,6.00,27.50,0.25,,5500.00,1125.00,-180.00,出厂价,1351,2021-11-02 00:00:00,1,0,2024-07-16 20:58:32,0,2024-07-16 20:58:32,,,
2021-11-02,灵武市,水洗36块,6.00,24.50,0.25,,6800.00,1390.00,-60.00,出厂价,1352,2021-11-02 00:00:00,1,0,2024-07-16 20:58:32,0,2024-07-16 20:58:32,,,
2021-11-01,灵武市,烟煤末,6.00,27.50,0.25,,5500.00,1305.00,0.00,出厂价,1353,2021-11-01 00:00:00,1,0,2024-07-16 20:58:32,0,2024-07-16 20:58:32,,,
2021-11-01,灵武市,水洗36块,6.00,24.50,0.25,,6800.00,1450.00,0.00,出厂价,1354,2021-11-01 00:00:00,1,0,2024-07-16 20:58:32,0,2024-07-16 20:58:32,,,
2021-10-29,灵武市,烟煤末,6.00,27.50,0.25,,5500.00,1305.00,-105.00,出厂价,1355,2021-10-29 00:00:00,1,0,2024-07-16 20:58:32,0,2024-07-16 20:58:32,,,
2021-10-29,灵武市,水洗36块,6.00,24.50,0.25,,6800.00,1450.00,-360.00,出厂价,1356,2021-10-29 00:00:00,1,0,2024-07-16 20:58:32,0,2024-07-16 20:58:32,,,
2021-10-28,灵武市,烟煤末,6.00,27.50,0.25,,5500.00,1410.00,-300.00,出厂价,1357,2021-10-28 00:00:00,1,0,2024-07-16 20:58:32,0,2024-07-16 20:58:32,,,
2021-10-28,灵武市,水洗36块,6.00,24.50,0.25,,6800.00,1810.00,-325.00,出厂价,1358,2021-10-28 00:00:00,1,0,2024-07-16 20:58:32,0,2024-07-16 20:58:32,,,
2021-10-27,灵武市,烟煤末,6.00,27.50,0.25,,5500.00,1710.00,0.00,出厂价,1359,2021-10-27 00:00:00,1,0,2024-07-16 20:58:32,0,2024-07-16 20:58:32,,,
2021-10-27,灵武市,水洗36块,6.00,24.50,0.25,,6800.00,2135.00,-5.00,出厂价,1360,2021-10-27 00:00:00,1,0,2024-07-16 20:58:32,0,2024-07-16 20:58:32,,,
2021-10-26,灵武市,烟煤末,6.00,27.50,0.25,,5500.00,1710.00,-40.00,出厂价,1361,2021-10-26 00:00:00,1,0,2024-07-16 20:58:32,0,2024-07-16 20:58:32,,,
2021-10-26,灵武市,水洗36块,6.00,24.50,0.25,,6800.00,2140.00,0.00,出厂价,1362,2021-10-26 00:00:00,1,0,2024-07-16 20:58:32,0,2024-07-16 20:58:32,,,
2021-10-25,灵武市,烟煤末,6.00,27.50,0.25,,5500.00,1750.00,-30.00,出厂价,1363,2021-10-25 00:00:00,1,0,2024-07-16 20:58:32,0,2024-07-16 20:58:32,,,
2021-10-25,灵武市,水洗36块,6.00,24.50,0.25,,6800.00,2140.00,-20.00,出厂价,1364,2021-10-25 00:00:00,1,0,2024-07-16 20:58:32,0,2024-07-16 20:58:32,,,
2021-10-22,灵武市,烟煤末,6.00,27.50,0.25,,5500.00,1780.00,-95.00,出厂价,1365,2021-10-22 00:00:00,1,0,2024-07-16 20:58:32,0,2024-07-16 20:58:32,,,
2021-10-22,灵武市,水洗36块,6.00,24.50,0.25,,6800.00,2160.00,0.00,出厂价,1366,2021-10-22 00:00:00,1,0,2024-07-16 20:58:32,0,2024-07-16 20:58:32,,,
2021-10-21,灵武市,烟煤末,6.00,27.50,0.25,,5500.00,1875.00,0.00,出厂价,1367,2021-10-21 00:00:00,1,0,2024-07-16 20:58:32,0,2024-07-16 20:58:32,,,
2021-10-21,灵武市,水洗36块,6.00,24.50,0.25,,6800.00,2160.00,0.00,出厂价,1368,2021-10-21 00:00:00,1,0,2024-07-16 20:58:32,0,2024-07-16 20:58:32,,,
2021-10-20,灵武市,烟煤末,6.00,27.50,0.25,,5500.00,1875.00,50.00,出厂价,1369,2021-10-20 00:00:00,1,0,2024-07-16 20:58:32,0,2024-07-16 20:58:32,,,
2021-10-20,灵武市,水洗36块,6.00,24.50,0.25,,6800.00,2160.00,0.00,出厂价,1370,2021-10-20 00:00:00,1,0,2024-07-16 20:58:32,0,2024-07-16 20:58:32,,,
2021-10-19,灵武市,烟煤末,6.00,27.50,0.25,,5500.00,1825.00,55.00,出厂价,1371,2021-10-19 00:00:00,1,0,2024-07-16 20:58:32,0,2024-07-16 20:58:32,,,
2021-10-19,灵武市,水洗36块,6.00,24.50,0.25,,6800.00,2160.00,130.00,出厂价,1372,2021-10-19 00:00:00,1,0,2024-07-16 20:58:32,0,2024-07-16 20:58:32,,,
2021-10-18,灵武市,烟煤末,6.00,27.50,0.25,,5500.00,1770.00,45.00,出厂价,1373,2021-10-18 00:00:00,1,0,2024-07-16 20:58:32,0,2024-07-16 20:58:32,,,
2021-10-18,灵武市,水洗36块,6.00,24.50,0.25,,6800.00,2030.00,20.00,出厂价,1374,2021-10-18 00:00:00,1,0,2024-07-16 20:58:32,0,2024-07-16 20:58:32,,,
2021-10-15,灵武市,烟煤末,6.00,27.50,0.25,,5500.00,1725.00,55.00,出厂价,1375,2021-10-15 00:00:00,1,0,2024-07-16 20:58:32,0,2024-07-16 20:58:32,,,
2021-10-15,灵武市,水洗36块,6.00,24.50,0.25,,6800.00,2010.00,40.00,出厂价,1376,2021-10-15 00:00:00,1,0,2024-07-16 20:58:32,0,2024-07-16 20:58:32,,,
2021-10-14,灵武市,烟煤末,6.00,27.50,0.25,,5500.00,1670.00,45.00,出厂价,1377,2021-10-14 00:00:00,1,0,2024-07-16 20:58:32,0,2024-07-16 20:58:32,,,
2021-10-14,灵武市,水洗36块,6.00,24.50,0.25,,6800.00,1970.00,60.00,出厂价,1378,2021-10-14 00:00:00,1,0,2024-07-16 20:58:32,0,2024-07-16 20:58:32,,,
2021-10-13,灵武市,烟煤末,6.00,27.50,0.25,,5500.00,1625.00,50.00,出厂价,1379,2021-10-13 00:00:00,1,0,2024-07-16 20:58:32,0,2024-07-16 20:58:32,,,
2021-10-13,灵武市,水洗36块,6.00,24.50,0.25,,6800.00,1910.00,25.00,出厂价,1380,2021-10-13 00:00:00,1,0,2024-07-16 20:58:32,0,2024-07-16 20:58:32,,,
2021-10-12,灵武市,烟煤末,6.00,27.50,0.25,,5500.00,1575.00,135.00,出厂价,1381,2021-10-12 00:00:00,1,0,2024-07-16 20:58:36,0,2024-07-16 20:58:36,,,
2021-10-12,灵武市,水洗36块,6.00,24.50,0.25,,6800.00,1885.00,180.00,出厂价,1382,2021-10-12 00:00:00,1,0,2024-07-16 20:58:36,0,2024-07-16 20:58:36,,,
2021-10-11,灵武市,烟煤末,6.00,27.50,0.25,,5500.00,1440.00,0.00,出厂价,1383,2021-10-11 00:00:00,1,0,2024-07-16 20:58:36,0,2024-07-16 20:58:36,,,
2021-10-11,灵武市,水洗36块,6.00,24.50,0.25,,6800.00,1705.00,0.00,出厂价,1384,2021-10-11 00:00:00,1,0,2024-07-16 20:58:36,0,2024-07-16 20:58:36,,,
2021-10-09,灵武市,烟煤末,6.00,27.50,0.25,,5500.00,1440.00,80.00,出厂价,1385,2021-10-09 00:00:00,1,0,2024-07-16 20:58:36,0,2024-07-16 20:58:36,,,
2021-10-09,灵武市,水洗36块,6.00,24.50,0.25,,6800.00,1705.00,90.00,出厂价,1386,2021-10-09 00:00:00,1,0,2024-07-16 20:58:36,0,2024-07-16 20:58:36,,,
2021-10-08,灵武市,烟煤末,6.00,27.50,0.25,,5500.00,1360.00,40.00,出厂价,1387,2021-10-08 00:00:00,1,0,2024-07-16 20:58:36,0,2024-07-16 20:58:36,,,
2021-10-08,灵武市,水洗36块,6.00,24.50,0.25,,6800.00,1615.00,40.00,出厂价,1388,2021-10-08 00:00:00,1,0,2024-07-16 20:58:36,0,2024-07-16 20:58:36,,,
2021-09-30,灵武市,烟煤末,6.00,27.50,0.25,,5500.00,1320.00,45.00,出厂价,1389,2021-09-30 00:00:00,1,0,2024-07-16 20:58:36,0,2024-07-16 20:58:36,,,
2021-09-30,灵武市,水洗36块,6.00,24.50,0.25,,6800.00,1575.00,75.00,出厂价,1390,2021-09-30 00:00:00,1,0,2024-07-16 20:58:36,0,2024-07-16 20:58:36,,,
2021-09-28,灵武市,烟煤末,6.00,27.50,0.25,,5500.00,1255.00,20.00,出厂价,1391,2021-09-28 00:00:00,1,0,2024-07-16 20:58:36,0,2024-07-16 20:58:36,,,
2021-09-28,灵武市,水洗36块,6.00,24.50,0.25,,6800.00,1465.00,15.00,出厂价,1392,2021-09-28 00:00:00,1,0,2024-07-16 20:58:36,0,2024-07-16 20:58:36,,,
2021-09-27,灵武市,烟煤末,6.00,27.50,0.25,,5500.00,1235.00,40.00,出厂价,1393,2021-09-27 00:00:00,1,0,2024-07-16 20:58:36,0,2024-07-16 20:58:36,,,
2021-09-27,灵武市,水洗36块,6.00,24.50,0.25,,6800.00,1450.00,45.00,出厂价,1394,2021-09-27 00:00:00,1,0,2024-07-16 20:58:36,0,2024-07-16 20:58:36,,,
2021-09-26,灵武市,烟煤末,6.00,27.50,0.25,,5500.00,1195.00,25.00,出厂价,1395,2021-09-26 00:00:00,1,0,2024-07-16 20:58:36,0,2024-07-16 20:58:36,,,
2021-09-26,灵武市,水洗36块,6.00,24.50,0.25,,6800.00,1405.00,50.00,出厂价,1396,2021-09-26 00:00:00,1,0,2024-07-16 20:58:36,0,2024-07-16 20:58:36,,,
2021-09-24,灵武市,烟煤末,6.00,27.50,0.25,,5500.00,1170.00,0.00,出厂价,1397,2021-09-24 00:00:00,1,0,2024-07-16 20:58:36,0,2024-07-16 20:58:36,,,
2021-09-24,灵武市,水洗36块,6.00,24.50,0.25,,6800.00,1355.00,0.00,出厂价,1398,2021-09-24 00:00:00,1,0,2024-07-16 20:58:36,0,2024-07-16 20:58:36,,,
2021-09-23,灵武市,烟煤末,6.00,27.50,0.25,,5500.00,1170.00,25.00,出厂价,1399,2021-09-23 00:00:00,1,0,2024-07-16 20:58:36,0,2024-07-16 20:58:36,,,
2021-09-23,灵武市,水洗36块,6.00,24.50,0.25,,6800.00,1355.00,25.00,出厂价,1400,2021-09-23 00:00:00,1,0,2024-07-16 20:58:36,0,2024-07-16 20:58:36,,,
2021-09-22,灵武市,烟煤末,6.00,27.50,0.25,,5500.00,1145.00,30.00,出厂价,1401,2021-09-22 00:00:00,1,0,2024-07-16 20:58:36,0,2024-07-16 20:58:36,,,
2021-09-22,灵武市,水洗36块,6.00,24.50,0.25,,6800.00,1330.00,25.00,出厂价,1402,2021-09-22 00:00:00,1,0,2024-07-16 20:58:36,0,2024-07-16 20:58:36,,,
2021-09-18,灵武市,烟煤末,6.00,27.50,0.25,,5500.00,1115.00,15.00,出厂价,1403,2021-09-18 00:00:00,1,0,2024-07-16 20:58:36,0,2024-07-16 20:58:36,,,
2021-09-18,灵武市,水洗36块,6.00,24.50,0.25,,6800.00,1305.00,35.00,出厂价,1404,2021-09-18 00:00:00,1,0,2024-07-16 20:58:36,0,2024-07-16 20:58:36,,,
2021-09-17,灵武市,烟煤末,6.00,27.50,0.25,,5500.00,1100.00,30.00,出厂价,1405,2021-09-17 00:00:00,1,0,2024-07-16 20:58:36,0,2024-07-16 20:58:36,,,
2021-09-17,灵武市,水洗36块,6.00,24.50,0.25,,6800.00,1270.00,10.00,出厂价,1406,2021-09-17 00:00:00,1,0,2024-07-16 20:58:36,0,2024-07-16 20:58:36,,,
2021-09-16,灵武市,烟煤末,6.00,27.50,0.25,,5500.00,1070.00,25.00,出厂价,1407,2021-09-16 00:00:00,1,0,2024-07-16 20:58:36,0,2024-07-16 20:58:36,,,
2021-09-16,灵武市,水洗36块,6.00,24.50,0.25,,6800.00,1260.00,40.00,出厂价,1408,2021-09-16 00:00:00,1,0,2024-07-16 20:58:36,0,2024-07-16 20:58:36,,,
2021-09-15,灵武市,烟煤末,6.00,27.50,0.25,,5500.00,1045.00,10.00,出厂价,1409,2021-09-15 00:00:00,1,0,2024-07-16 20:58:36,0,2024-07-16 20:58:36,,,
2021-09-15,灵武市,水洗36块,6.00,24.50,0.25,,6800.00,1220.00,5.00,出厂价,1410,2021-09-15 00:00:00,1,0,2024-07-16 20:58:36,0,2024-07-16 20:58:36,,,
2021-09-14,灵武市,烟煤末,6.00,27.50,0.25,,5500.00,1035.00,15.00,出厂价,1411,2021-09-14 00:00:00,1,0,2024-07-16 20:58:39,0,2024-07-16 20:58:39,,,
2021-09-14,灵武市,水洗36块,6.00,24.50,0.25,,6800.00,1215.00,0.00,出厂价,1412,2021-09-14 00:00:00,1,0,2024-07-16 20:58:39,0,2024-07-16 20:58:39,,,
2021-09-13,灵武市,烟煤末,6.00,27.50,0.25,,5500.00,1020.00,5.00,出厂价,1413,2021-09-13 00:00:00,1,0,2024-07-16 20:58:39,0,2024-07-16 20:58:39,,,
2021-09-13,灵武市,水洗36块,6.00,24.50,0.25,,6800.00,1215.00,0.00,出厂价,1414,2021-09-13 00:00:00,1,0,2024-07-16 20:58:39,0,2024-07-16 20:58:39,,,
2021-09-10,灵武市,烟煤末,6.00,27.50,0.25,,5500.00,1015.00,10.00,出厂价,1415,2021-09-10 00:00:00,1,0,2024-07-16 20:58:39,0,2024-07-16 20:58:39,,,
2021-09-10,灵武市,水洗36块,6.00,24.50,0.25,,6800.00,1215.00,20.00,出厂价,1416,2021-09-10 00:00:00,1,0,2024-07-16 20:58:39,0,2024-07-16 20:58:39,,,
2021-09-09,灵武市,烟煤末,6.00,27.50,0.25,,5500.00,1005.00,10.00,出厂价,1417,2021-09-09 00:00:00,1,0,2024-07-16 20:58:39,0,2024-07-16 20:58:39,,,
2021-09-09,灵武市,水洗36块,6.00,24.50,0.25,,6800.00,1195.00,5.00,出厂价,1418,2021-09-09 00:00:00,1,0,2024-07-16 20:58:39,0,2024-07-16 20:58:39,,,
2021-09-08,灵武市,烟煤末,6.00,27.50,0.25,,5500.00,995.00,0.00,出厂价,1419,2021-09-08 00:00:00,1,0,2024-07-16 20:58:39,0,2024-07-16 20:58:39,,,
2021-09-08,灵武市,水洗36块,6.00,24.50,0.25,,6800.00,1190.00,0.00,出厂价,1420,2021-09-08 00:00:00,1,0,2024-07-16 20:58:39,0,2024-07-16 20:58:39,,,
2021-09-07,灵武市,烟煤末,6.00,27.50,0.25,,5500.00,995.00,0.00,出厂价,1421,2021-09-07 00:00:00,1,0,2024-07-16 20:58:39,0,2024-07-16 20:58:39,,,
2021-09-07,灵武市,水洗36块,6.00,24.50,0.25,,6800.00,1190.00,0.00,出厂价,1422,2021-09-07 00:00:00,1,0,2024-07-16 20:58:39,0,2024-07-16 20:58:39,,,
2021-09-06,灵武市,烟煤末,6.00,27.50,0.25,,5500.00,995.00,0.00,出厂价,1423,2021-09-06 00:00:00,1,0,2024-07-16 20:58:39,0,2024-07-16 20:58:39,,,
2021-09-06,灵武市,水洗36块,6.00,24.50,0.25,,6800.00,1190.00,0.00,出厂价,1424,2021-09-06 00:00:00,1,0,2024-07-16 20:58:39,0,2024-07-16 20:58:39,,,
2021-09-03,灵武市,烟煤末,6.00,27.50,0.25,,5500.00,995.00,0.00,出厂价,1425,2021-09-03 00:00:00,1,0,2024-07-16 20:58:39,0,2024-07-16 20:58:39,,,
2021-09-03,灵武市,水洗36块,6.00,24.50,0.25,,6800.00,1190.00,0.00,出厂价,1426,2021-09-03 00:00:00,1,0,2024-07-16 20:58:39,0,2024-07-16 20:58:39,,,
2021-09-02,灵武市,烟煤末,6.00,27.50,0.25,,5500.00,995.00,10.00,出厂价,1427,2021-09-02 00:00:00,1,0,2024-07-16 20:58:39,0,2024-07-16 20:58:39,,,
2021-09-02,灵武市,水洗36块,6.00,24.50,0.25,,6800.00,1190.00,10.00,出厂价,1428,2021-09-02 00:00:00,1,0,2024-07-16 20:58:39,0,2024-07-16 20:58:39,,,
2021-09-01,灵武市,烟煤末,6.00,27.50,0.25,,5500.00,985.00,10.00,出厂价,1429,2021-09-01 00:00:00,1,0,2024-07-16 20:58:39,0,2024-07-16 20:58:39,,,
2021-09-01,灵武市,水洗36块,6.00,24.50,0.25,,6800.00,1180.00,15.00,出厂价,1430,2021-09-01 00:00:00,1,0,2024-07-16 20:58:39,0,2024-07-16 20:58:39,,,
2021-08-31,灵武市,烟煤末,6.00,27.50,0.25,,5500.00,975.00,0.00,出厂价,1431,2021-08-31 00:00:00,1,0,2024-07-16 20:58:39,0,2024-07-16 20:58:39,,,
2021-08-31,灵武市,水洗36块,6.00,24.50,0.25,,6800.00,1165.00,0.00,出厂价,1432,2021-08-31 00:00:00,1,0,2024-07-16 20:58:39,0,2024-07-16 20:58:39,,,
2021-08-30,灵武市,烟煤末,6.00,27.50,0.25,,5500.00,975.00,15.00,出厂价,1433,2021-08-30 00:00:00,1,0,2024-07-16 20:58:39,0,2024-07-16 20:58:39,,,
2021-08-30,灵武市,水洗36块,6.00,24.50,0.25,,6800.00,1165.00,15.00,出厂价,1434,2021-08-30 00:00:00,1,0,2024-07-16 20:58:39,0,2024-07-16 20:58:39,,,
2021-08-27,灵武市,烟煤末,6.00,27.50,0.25,,5500.00,960.00,10.00,出厂价,1435,2021-08-27 00:00:00,1,0,2024-07-16 20:58:39,0,2024-07-16 20:58:39,,,
2021-08-27,灵武市,水洗36块,6.00,24.50,0.25,,6800.00,1150.00,20.00,出厂价,1436,2021-08-27 00:00:00,1,0,2024-07-16 20:58:39,0,2024-07-16 20:58:39,,,
2021-08-26,灵武市,烟煤末,6.00,27.50,0.25,,5500.00,950.00,15.00,出厂价,1437,2021-08-26 00:00:00,1,0,2024-07-16 20:58:39,0,2024-07-16 20:58:39,,,
2021-08-26,灵武市,水洗36块,6.00,24.50,0.25,,6800.00,1130.00,10.00,出厂价,1438,2021-08-26 00:00:00,1,0,2024-07-16 20:58:39,0,2024-07-16 20:58:39,,,
2021-08-25,灵武市,烟煤末,6.00,27.50,0.25,,5500.00,935.00,5.00,出厂价,1439,2021-08-25 00:00:00,1,0,2024-07-16 20:58:39,0,2024-07-16 20:58:39,,,
2021-08-25,灵武市,水洗36块,6.00,24.50,0.25,,6800.00,1120.00,0.00,出厂价,1440,2021-08-25 00:00:00,1,0,2024-07-16 20:58:39,0,2024-07-16 20:58:39,,,
2021-08-24,灵武市,烟煤末,6.00,27.50,0.25,,5500.00,930.00,0.00,出厂价,1441,2021-08-24 00:00:00,1,0,2024-07-16 20:58:43,0,2024-07-16 20:58:43,,,
2021-08-24,灵武市,水洗36块,6.00,24.50,0.25,,6800.00,1120.00,0.00,出厂价,1442,2021-08-24 00:00:00,1,0,2024-07-16 20:58:43,0,2024-07-16 20:58:43,,,
2021-08-23,灵武市,烟煤末,6.00,27.50,0.25,,5500.00,930.00,-5.00,出厂价,1443,2021-08-23 00:00:00,1,0,2024-07-16 20:58:43,0,2024-07-16 20:58:43,,,
2021-08-23,灵武市,水洗36块,6.00,24.50,0.25,,6800.00,1120.00,0.00,出厂价,1444,2021-08-23 00:00:00,1,0,2024-07-16 20:58:43,0,2024-07-16 20:58:43,,,
2021-08-20,灵武市,烟煤末,6.00,27.50,0.25,,5500.00,935.00,-5.00,出厂价,1445,2021-08-20 00:00:00,1,0,2024-07-16 20:58:43,0,2024-07-16 20:58:43,,,
2021-08-20,灵武市,水洗36块,6.00,24.50,0.25,,6800.00,1120.00,0.00,出厂价,1446,2021-08-20 00:00:00,1,0,2024-07-16 20:58:43,0,2024-07-16 20:58:43,,,
2021-08-19,灵武市,烟煤末,6.00,27.50,0.25,,5500.00,940.00,0.00,出厂价,1447,2021-08-19 00:00:00,1,0,2024-07-16 20:58:43,0,2024-07-16 20:58:43,,,
2021-08-19,灵武市,水洗36块,6.00,24.50,0.25,,6800.00,1120.00,0.00,出厂价,1448,2021-08-19 00:00:00,1,0,2024-07-16 20:58:43,0,2024-07-16 20:58:43,,,
2021-08-18,灵武市,烟煤末,6.00,27.50,0.25,,5500.00,940.00,0.00,出厂价,1449,2021-08-18 00:00:00,1,0,2024-07-16 20:58:43,0,2024-07-16 20:58:43,,,
2021-08-18,灵武市,水洗36块,6.00,24.50,0.25,,6800.00,1120.00,0.00,出厂价,1450,2021-08-18 00:00:00,1,0,2024-07-16 20:58:43,0,2024-07-16 20:58:43,,,
2021-08-17,灵武市,烟煤末,6.00,27.50,0.25,,5500.00,940.00,-5.00,出厂价,1451,2021-08-17 00:00:00,1,0,2024-07-16 20:58:43,0,2024-07-16 20:58:43,,,
2021-08-17,灵武市,水洗36块,6.00,24.50,0.25,,6800.00,1120.00,0.00,出厂价,1452,2021-08-17 00:00:00,1,0,2024-07-16 20:58:43,0,2024-07-16 20:58:43,,,
2021-08-16,灵武市,烟煤末,6.00,27.50,0.25,,5500.00,945.00,-10.00,出厂价,1453,2021-08-16 00:00:00,1,0,2024-07-16 20:58:43,0,2024-07-16 20:58:43,,,
2021-08-16,灵武市,水洗36块,6.00,24.50,0.25,,6800.00,1120.00,-5.00,出厂价,1454,2021-08-16 00:00:00,1,0,2024-07-16 20:58:43,0,2024-07-16 20:58:43,,,
2021-08-13,灵武市,烟煤末,6.00,27.50,0.25,,5500.00,955.00,-5.00,出厂价,1455,2021-08-13 00:00:00,1,0,2024-07-16 20:58:43,0,2024-07-16 20:58:43,,,
2021-08-13,灵武市,水洗36块,6.00,24.50,0.25,,6800.00,1125.00,0.00,出厂价,1456,2021-08-13 00:00:00,1,0,2024-07-16 20:58:43,0,2024-07-16 20:58:43,,,
2021-08-12,灵武市,烟煤末,6.00,27.50,0.25,,5500.00,960.00,0.00,出厂价,1457,2021-08-12 00:00:00,1,0,2024-07-16 20:58:43,0,2024-07-16 20:58:43,,,
2021-08-12,灵武市,水洗36块,6.00,24.50,0.25,,6800.00,1125.00,0.00,出厂价,1458,2021-08-12 00:00:00,1,0,2024-07-16 20:58:43,0,2024-07-16 20:58:43,,,
2021-08-11,灵武市,烟煤末,6.00,27.50,0.25,,5500.00,960.00,-5.00,出厂价,1459,2021-08-11 00:00:00,1,0,2024-07-16 20:58:43,0,2024-07-16 20:58:43,,,
2021-08-11,灵武市,水洗36块,6.00,24.50,0.25,,6800.00,1125.00,0.00,出厂价,1460,2021-08-11 00:00:00,1,0,2024-07-16 20:58:43,0,2024-07-16 20:58:43,,,
2021-08-10,灵武市,烟煤末,6.00,27.50,0.25,,5500.00,965.00,0.00,出厂价,1461,2021-08-10 00:00:00,1,0,2024-07-16 20:58:43,0,2024-07-16 20:58:43,,,
2021-08-10,灵武市,水洗36块,6.00,24.50,0.25,,6800.00,1125.00,0.00,出厂价,1462,2021-08-10 00:00:00,1,0,2024-07-16 20:58:43,0,2024-07-16 20:58:43,,,
2021-08-09,灵武市,烟煤末,6.00,27.50,0.25,,5500.00,965.00,0.00,出厂价,1463,2021-08-09 00:00:00,1,0,2024-07-16 20:58:43,0,2024-07-16 20:58:43,,,
2021-08-09,灵武市,水洗36块,6.00,24.50,0.25,,6800.00,1125.00,0.00,出厂价,1464,2021-08-09 00:00:00,1,0,2024-07-16 20:58:43,0,2024-07-16 20:58:43,,,
2021-08-06,灵武市,烟煤末,6.00,27.50,0.25,,5500.00,965.00,5.00,出厂价,1465,2021-08-06 00:00:00,1,0,2024-07-16 20:58:43,0,2024-07-16 20:58:43,,,
2021-08-06,灵武市,水洗36块,6.00,24.50,0.25,,6800.00,1125.00,5.00,出厂价,1466,2021-08-06 00:00:00,1,0,2024-07-16 20:58:43,0,2024-07-16 20:58:43,,,
2021-08-05,灵武市,烟煤末,6.00,27.50,0.25,,5500.00,960.00,0.00,出厂价,1467,2021-08-05 00:00:00,1,0,2024-07-16 20:58:43,0,2024-07-16 20:58:43,,,
2021-08-05,灵武市,水洗36块,6.00,24.50,0.25,,6800.00,1120.00,0.00,出厂价,1468,2021-08-05 00:00:00,1,0,2024-07-16 20:58:43,0,2024-07-16 20:58:43,,,
2021-08-04,灵武市,烟煤末,6.00,27.50,0.25,,5500.00,960.00,0.00,出厂价,1469,2021-08-04 00:00:00,1,0,2024-07-16 20:58:43,0,2024-07-16 20:58:43,,,
2021-08-04,灵武市,水洗36块,6.00,24.50,0.25,,6800.00,1120.00,0.00,出厂价,1470,2021-08-04 00:00:00,1,0,2024-07-16 20:58:43,0,2024-07-16 20:58:43,,,
2021-08-03,灵武市,烟煤末,6.00,27.50,0.25,,5500.00,960.00,0.00,出厂价,1471,2021-08-03 00:00:00,1,0,2024-07-16 20:58:46,0,2024-07-16 20:58:46,,,
2021-08-03,灵武市,水洗36块,6.00,24.50,0.25,,6800.00,1120.00,0.00,出厂价,1472,2021-08-03 00:00:00,1,0,2024-07-16 20:58:46,0,2024-07-16 20:58:46,,,
2021-08-02,灵武市,烟煤末,6.00,27.50,0.25,,5500.00,960.00,5.00,出厂价,1473,2021-08-02 00:00:00,1,0,2024-07-16 20:58:46,0,2024-07-16 20:58:46,,,
2021-08-02,灵武市,水洗36块,6.00,24.50,0.25,,6800.00,1120.00,5.00,出厂价,1474,2021-08-02 00:00:00,1,0,2024-07-16 20:58:46,0,2024-07-16 20:58:46,,,
2021-07-30,灵武市,烟煤末,6.00,27.50,0.25,,5500.00,955.00,0.00,出厂价,1475,2021-07-30 00:00:00,1,0,2024-07-16 20:58:46,0,2024-07-16 20:58:46,,,
2021-07-30,灵武市,水洗36块,6.00,24.50,0.25,,6800.00,1115.00,5.00,出厂价,1476,2021-07-30 00:00:00,1,0,2024-07-16 20:58:46,0,2024-07-16 20:58:46,,,
2021-07-29,灵武市,烟煤末,6.00,27.50,0.25,,5500.00,955.00,10.00,出厂价,1477,2021-07-29 00:00:00,1,0,2024-07-16 20:58:46,0,2024-07-16 20:58:46,,,
2021-07-29,灵武市,水洗36块,6.00,24.50,0.25,,6800.00,1110.00,5.00,出厂价,1478,2021-07-29 00:00:00,1,0,2024-07-16 20:58:46,0,2024-07-16 20:58:46,,,
2021-07-28,灵武市,烟煤末,6.00,27.50,0.25,,5500.00,945.00,0.00,出厂价,1479,2021-07-28 00:00:00,1,0,2024-07-16 20:58:46,0,2024-07-16 20:58:46,,,
2021-07-28,灵武市,水洗36块,6.00,24.50,0.25,,6800.00,1105.00,0.00,出厂价,1480,2021-07-28 00:00:00,1,0,2024-07-16 20:58:46,0,2024-07-16 20:58:46,,,
2021-07-27,灵武市,烟煤末,6.00,27.50,0.25,,5500.00,945.00,5.00,出厂价,1481,2021-07-27 00:00:00,1,0,2024-07-16 20:58:46,0,2024-07-16 20:58:46,,,
2021-07-27,灵武市,水洗36块,6.00,24.50,0.25,,6800.00,1105.00,5.00,出厂价,1482,2021-07-27 00:00:00,1,0,2024-07-16 20:58:46,0,2024-07-16 20:58:46,,,
2021-07-26,灵武市,烟煤末,6.00,27.50,0.25,,5500.00,940.00,5.00,出厂价,1483,2021-07-26 00:00:00,1,0,2024-07-16 20:58:46,0,2024-07-16 20:58:46,,,
2021-07-26,灵武市,水洗36块,6.00,24.50,0.25,,6800.00,1100.00,20.00,出厂价,1484,2021-07-26 00:00:00,1,0,2024-07-16 20:58:46,0,2024-07-16 20:58:46,,,
2021-07-23,灵武市,烟煤末,6.00,27.50,0.25,,5500.00,935.00,5.00,出厂价,1485,2021-07-23 00:00:00,1,0,2024-07-16 20:58:46,0,2024-07-16 20:58:46,,,
2021-07-23,灵武市,水洗36块,6.00,24.50,0.25,,6800.00,1080.00,5.00,出厂价,1486,2021-07-23 00:00:00,1,0,2024-07-16 20:58:46,0,2024-07-16 20:58:46,,,
2021-07-22,灵武市,烟煤末,6.00,27.50,0.25,,5500.00,930.00,5.00,出厂价,1487,2021-07-22 00:00:00,1,0,2024-07-16 20:58:46,0,2024-07-16 20:58:46,,,
2021-07-22,灵武市,水洗36块,6.00,24.50,0.25,,6800.00,1075.00,0.00,出厂价,1488,2021-07-22 00:00:00,1,0,2024-07-16 20:58:46,0,2024-07-16 20:58:46,,,
2021-07-21,灵武市,烟煤末,6.00,27.50,0.25,,5500.00,925.00,25.00,出厂价,1489,2021-07-21 00:00:00,1,0,2024-07-16 20:58:46,0,2024-07-16 20:58:46,,,
2021-07-21,灵武市,水洗36块,6.00,24.50,0.25,,6800.00,1075.00,5.00,出厂价,1490,2021-07-21 00:00:00,1,0,2024-07-16 20:58:46,0,2024-07-16 20:58:46,,,
2021-07-20,灵武市,烟煤末,6.00,27.50,0.25,,5500.00,900.00,15.00,出厂价,1491,2021-07-20 00:00:00,1,0,2024-07-16 20:58:46,0,2024-07-16 20:58:46,,,
2021-07-20,灵武市,水洗36块,6.00,24.50,0.25,,6800.00,1070.00,10.00,出厂价,1492,2021-07-20 00:00:00,1,0,2024-07-16 20:58:46,0,2024-07-16 20:58:46,,,
2021-07-19,灵武市,烟煤末,6.00,27.50,0.25,,5500.00,885.00,5.00,出厂价,1493,2021-07-19 00:00:00,1,0,2024-07-16 20:58:46,0,2024-07-16 20:58:46,,,
2021-07-19,灵武市,水洗36块,6.00,24.50,0.25,,6800.00,1060.00,0.00,出厂价,1494,2021-07-19 00:00:00,1,0,2024-07-16 20:58:46,0,2024-07-16 20:58:46,,,
2021-07-16,灵武市,烟煤末,6.00,27.50,0.25,,5500.00,880.00,5.00,出厂价,1495,2021-07-16 00:00:00,1,0,2024-07-16 20:58:46,0,2024-07-16 20:58:46,,,
2021-07-16,灵武市,水洗36块,6.00,24.50,0.25,,6800.00,1060.00,0.00,出厂价,1496,2021-07-16 00:00:00,1,0,2024-07-16 20:58:46,0,2024-07-16 20:58:46,,,
2021-07-15,灵武市,烟煤末,6.00,27.50,0.25,,5500.00,875.00,5.00,出厂价,1497,2021-07-15 00:00:00,1,0,2024-07-16 20:58:46,0,2024-07-16 20:58:46,,,
2021-07-15,灵武市,水洗36块,6.00,24.50,0.25,,6800.00,1060.00,0.00,出厂价,1498,2021-07-15 00:00:00,1,0,2024-07-16 20:58:46,0,2024-07-16 20:58:46,,,
2021-07-14,灵武市,烟煤末,6.00,27.50,0.25,,5500.00,870.00,0.00,出厂价,1499,2021-07-14 00:00:00,1,0,2024-07-16 20:58:46,0,2024-07-16 20:58:46,,,
2021-07-14,灵武市,水洗36块,6.00,24.50,0.25,,6800.00,1060.00,0.00,出厂价,1500,2021-07-14 00:00:00,1,0,2024-07-16 20:58:46,0,2024-07-16 20:58:46,,,
2021-07-13,灵武市,烟煤末,6.00,27.50,0.25,,5500.00,870.00,0.00,出厂价,1501,2021-07-13 00:00:00,1,0,2024-07-16 20:58:49,0,2024-07-16 20:58:49,,,
2021-07-13,灵武市,水洗36块,6.00,24.50,0.25,,6800.00,1060.00,0.00,出厂价,1502,2021-07-13 00:00:00,1,0,2024-07-16 20:58:49,0,2024-07-16 20:58:49,,,
2021-07-12,灵武市,烟煤末,6.00,27.50,0.25,,5500.00,870.00,0.00,出厂价,1503,2021-07-12 00:00:00,1,0,2024-07-16 20:58:49,0,2024-07-16 20:58:49,,,
2021-07-12,灵武市,水洗36块,6.00,24.50,0.25,,6800.00,1060.00,0.00,出厂价,1504,2021-07-12 00:00:00,1,0,2024-07-16 20:58:49,0,2024-07-16 20:58:49,,,
2021-07-09,灵武市,烟煤末,6.00,27.50,0.25,,5500.00,870.00,-20.00,出厂价,1505,2021-07-09 00:00:00,1,0,2024-07-16 20:58:49,0,2024-07-16 20:58:49,,,
2021-07-09,灵武市,水洗36块,6.00,24.50,0.25,,6800.00,1060.00,0.00,出厂价,1506,2021-07-09 00:00:00,1,0,2024-07-16 20:58:49,0,2024-07-16 20:58:49,,,
2021-07-08,灵武市,烟煤末,6.00,27.50,0.25,,5500.00,890.00,-10.00,出厂价,1507,2021-07-08 00:00:00,1,0,2024-07-16 20:58:49,0,2024-07-16 20:58:49,,,
2021-07-08,灵武市,水洗36块,6.00,24.50,0.25,,6800.00,1060.00,-5.00,出厂价,1508,2021-07-08 00:00:00,1,0,2024-07-16 20:58:49,0,2024-07-16 20:58:49,,,
2021-07-07,灵武市,烟煤末,6.00,27.50,0.25,,5500.00,900.00,-5.00,出厂价,1509,2021-07-07 00:00:00,1,0,2024-07-16 20:58:49,0,2024-07-16 20:58:49,,,
2021-07-07,灵武市,水洗36块,6.00,24.50,0.25,,6800.00,1065.00,0.00,出厂价,1510,2021-07-07 00:00:00,1,0,2024-07-16 20:58:49,0,2024-07-16 20:58:49,,,
2021-07-06,灵武市,烟煤末,6.00,27.50,0.25,,5500.00,905.00,-15.00,出厂价,1511,2021-07-06 00:00:00,1,0,2024-07-16 20:58:49,0,2024-07-16 20:58:49,,,
2021-07-06,灵武市,水洗36块,6.00,24.50,0.25,,6800.00,1065.00,-10.00,出厂价,1512,2021-07-06 00:00:00,1,0,2024-07-16 20:58:49,0,2024-07-16 20:58:49,,,
2021-07-05,灵武市,烟煤末,6.00,27.50,0.25,,5500.00,920.00,-10.00,出厂价,1513,2021-07-05 00:00:00,1,0,2024-07-16 20:58:49,0,2024-07-16 20:58:49,,,
2021-07-05,灵武市,水洗36块,6.00,24.50,0.25,,6800.00,1075.00,-10.00,出厂价,1514,2021-07-05 00:00:00,1,0,2024-07-16 20:58:49,0,2024-07-16 20:58:49,,,
2021-07-02,灵武市,烟煤末,6.00,27.50,0.25,,5500.00,930.00,0.00,出厂价,1515,2021-07-02 00:00:00,1,0,2024-07-16 20:58:49,0,2024-07-16 20:58:49,,,
2021-07-02,灵武市,水洗36块,6.00,24.50,0.25,,6800.00,1085.00,0.00,出厂价,1516,2021-07-02 00:00:00,1,0,2024-07-16 20:58:49,0,2024-07-16 20:58:49,,,
2021-07-01,灵武市,烟煤末,6.00,27.50,0.25,,5500.00,930.00,0.00,出厂价,1517,2021-07-01 00:00:00,1,0,2024-07-16 20:58:49,0,2024-07-16 20:58:49,,,
2021-07-01,灵武市,水洗36块,6.00,24.50,0.25,,6800.00,1085.00,0.00,出厂价,1518,2021-07-01 00:00:00,1,0,2024-07-16 20:58:49,0,2024-07-16 20:58:49,,,
2021-06-30,灵武市,烟煤末,6.00,27.50,0.25,,5500.00,930.00,0.00,出厂价,1519,2021-06-30 00:00:00,1,0,2024-07-16 20:58:49,0,2024-07-16 20:58:49,,,
2021-06-30,灵武市,水洗36块,6.00,24.50,0.25,,6800.00,1085.00,0.00,出厂价,1520,2021-06-30 00:00:00,1,0,2024-07-16 20:58:49,0,2024-07-16 20:58:49,,,
2021-06-29,灵武市,烟煤末,6.00,27.50,0.25,,5500.00,930.00,0.00,出厂价,1521,2021-06-29 00:00:00,1,0,2024-07-16 20:58:49,0,2024-07-16 20:58:49,,,
2021-06-29,灵武市,水洗36块,6.00,24.50,0.25,,6800.00,1085.00,0.00,出厂价,1522,2021-06-29 00:00:00,1,0,2024-07-16 20:58:49,0,2024-07-16 20:58:49,,,
2021-06-28,灵武市,烟煤末,6.00,27.50,0.25,,5500.00,930.00,5.00,出厂价,1523,2021-06-28 00:00:00,1,0,2024-07-16 20:58:49,0,2024-07-16 20:58:49,,,
2021-06-28,灵武市,水洗36块,6.00,24.50,0.25,,6800.00,1085.00,5.00,出厂价,1524,2021-06-28 00:00:00,1,0,2024-07-16 20:58:49,0,2024-07-16 20:58:49,,,
2021-06-25,灵武市,烟煤末,6.00,27.50,0.25,,5500.00,925.00,5.00,出厂价,1525,2021-06-25 00:00:00,1,0,2024-07-16 20:58:49,0,2024-07-16 20:58:49,,,
2021-06-25,灵武市,水洗36块,6.00,24.50,0.25,,6800.00,1080.00,10.00,出厂价,1526,2021-06-25 00:00:00,1,0,2024-07-16 20:58:49,0,2024-07-16 20:58:49,,,
2021-06-24,灵武市,烟煤末,6.00,27.50,0.25,,5500.00,920.00,10.00,出厂价,1527,2021-06-24 00:00:00,1,0,2024-07-16 20:58:49,0,2024-07-16 20:58:49,,,
2021-06-24,灵武市,水洗36块,6.00,24.50,0.25,,6800.00,1070.00,30.00,出厂价,1528,2021-06-24 00:00:00,1,0,2024-07-16 20:58:49,0,2024-07-16 20:58:49,,,
2021-06-23,灵武市,烟煤末,6.00,27.50,0.25,,5500.00,910.00,20.00,出厂价,1529,2021-06-23 00:00:00,1,0,2024-07-16 20:58:49,0,2024-07-16 20:58:49,,,
2021-06-23,灵武市,水洗36块,6.00,24.50,0.25,,6800.00,1040.00,25.00,出厂价,1530,2021-06-23 00:00:00,1,0,2024-07-16 20:58:49,0,2024-07-16 20:58:49,,,
2021-06-22,灵武市,烟煤末,6.00,27.50,0.25,,5500.00,890.00,30.00,出厂价,1531,2021-06-22 00:00:00,1,0,2024-07-16 20:58:53,0,2024-07-16 20:58:53,,,
2021-06-22,灵武市,水洗36块,6.00,24.50,0.25,,6800.00,1015.00,25.00,出厂价,1532,2021-06-22 00:00:00,1,0,2024-07-16 20:58:53,0,2024-07-16 20:58:53,,,
2021-06-21,灵武市,烟煤末,6.00,27.50,0.25,,5500.00,860.00,15.00,出厂价,1533,2021-06-21 00:00:00,1,0,2024-07-16 20:58:53,0,2024-07-16 20:58:53,,,
2021-06-21,灵武市,水洗36块,6.00,24.50,0.25,,6800.00,990.00,35.00,出厂价,1534,2021-06-21 00:00:00,1,0,2024-07-16 20:58:53,0,2024-07-16 20:58:53,,,
2021-06-18,灵武市,烟煤末,6.00,27.50,0.25,,5500.00,845.00,10.00,出厂价,1535,2021-06-18 00:00:00,1,0,2024-07-16 20:58:53,0,2024-07-16 20:58:53,,,
2021-06-18,灵武市,水洗36块,6.00,24.50,0.25,,6800.00,955.00,25.00,出厂价,1536,2021-06-18 00:00:00,1,0,2024-07-16 20:58:53,0,2024-07-16 20:58:53,,,
2021-06-17,灵武市,烟煤末,6.00,27.50,0.25,,5500.00,835.00,15.00,出厂价,1537,2021-06-17 00:00:00,1,0,2024-07-16 20:58:53,0,2024-07-16 20:58:53,,,
2021-06-17,灵武市,水洗36块,6.00,24.50,0.25,,6800.00,930.00,10.00,出厂价,1538,2021-06-17 00:00:00,1,0,2024-07-16 20:58:53,0,2024-07-16 20:58:53,,,
2021-06-16,灵武市,烟煤末,6.00,27.50,0.25,,5500.00,820.00,5.00,出厂价,1539,2021-06-16 00:00:00,1,0,2024-07-16 20:58:53,0,2024-07-16 20:58:53,,,
2021-06-16,灵武市,水洗36块,6.00,24.50,0.25,,6800.00,920.00,15.00,出厂价,1540,2021-06-16 00:00:00,1,0,2024-07-16 20:58:53,0,2024-07-16 20:58:53,,,
2021-06-15,灵武市,烟煤末,6.00,27.50,0.25,,5500.00,815.00,15.00,出厂价,1541,2021-06-15 00:00:00,1,0,2024-07-16 20:58:53,0,2024-07-16 20:58:53,,,
2021-06-15,灵武市,水洗36块,6.00,24.50,0.25,,6800.00,905.00,5.00,出厂价,1542,2021-06-15 00:00:00,1,0,2024-07-16 20:58:53,0,2024-07-16 20:58:53,,,
2021-06-11,灵武市,烟煤末,6.00,27.50,0.25,,5500.00,800.00,5.00,出厂价,1543,2021-06-11 00:00:00,1,0,2024-07-16 20:58:53,0,2024-07-16 20:58:53,,,
2021-06-11,灵武市,水洗36块,6.00,24.50,0.25,,6800.00,900.00,5.00,出厂价,1544,2021-06-11 00:00:00,1,0,2024-07-16 20:58:53,0,2024-07-16 20:58:53,,,
2021-06-10,灵武市,烟煤末,6.00,27.50,0.25,,5500.00,795.00,0.00,出厂价,1545,2021-06-10 00:00:00,1,0,2024-07-16 20:58:53,0,2024-07-16 20:58:53,,,
2021-06-10,灵武市,水洗36块,6.00,24.50,0.25,,6800.00,895.00,0.00,出厂价,1546,2021-06-10 00:00:00,1,0,2024-07-16 20:58:53,0,2024-07-16 20:58:53,,,
2021-06-09,灵武市,烟煤末,6.00,27.50,0.25,,5500.00,795.00,5.00,出厂价,1547,2021-06-09 00:00:00,1,0,2024-07-16 20:58:53,0,2024-07-16 20:58:53,,,
2021-06-09,灵武市,水洗36块,6.00,24.50,0.25,,6800.00,895.00,0.00,出厂价,1548,2021-06-09 00:00:00,1,0,2024-07-16 20:58:53,0,2024-07-16 20:58:53,,,
2021-06-08,灵武市,烟煤末,6.00,27.50,0.25,,5500.00,790.00,10.00,出厂价,1549,2021-06-08 00:00:00,1,0,2024-07-16 20:58:53,0,2024-07-16 20:58:53,,,
2021-06-08,灵武市,水洗36块,6.00,24.50,0.25,,6800.00,895.00,0.00,出厂价,1550,2021-06-08 00:00:00,1,0,2024-07-16 20:58:53,0,2024-07-16 20:58:53,,,
2021-06-07,灵武市,烟煤末,6.00,27.50,0.25,,5500.00,780.00,10.00,出厂价,1551,2021-06-07 00:00:00,1,0,2024-07-16 20:58:53,0,2024-07-16 20:58:53,,,
2021-06-07,灵武市,水洗36块,6.00,24.50,0.25,,6800.00,895.00,25.00,出厂价,1552,2021-06-07 00:00:00,1,0,2024-07-16 20:58:53,0,2024-07-16 20:58:53,,,
2021-06-04,灵武市,烟煤末,6.00,27.50,0.25,,5500.00,770.00,10.00,出厂价,1553,2021-06-04 00:00:00,1,0,2024-07-16 20:58:53,0,2024-07-16 20:58:53,,,
2021-06-04,灵武市,水洗36块,6.00,24.50,0.25,,6800.00,870.00,0.00,出厂价,1554,2021-06-04 00:00:00,1,0,2024-07-16 20:58:53,0,2024-07-16 20:58:53,,,
2021-06-03,灵武市,烟煤末,6.00,27.50,0.25,,5500.00,760.00,0.00,出厂价,1555,2021-06-03 00:00:00,1,0,2024-07-16 20:58:53,0,2024-07-16 20:58:53,,,
2021-06-03,灵武市,水洗36块,6.00,24.50,0.25,,6800.00,870.00,0.00,出厂价,1556,2021-06-03 00:00:00,1,0,2024-07-16 20:58:53,0,2024-07-16 20:58:53,,,
2021-06-02,灵武市,烟煤末,6.00,27.50,0.25,,5500.00,760.00,5.00,出厂价,1557,2021-06-02 00:00:00,1,0,2024-07-16 20:58:53,0,2024-07-16 20:58:53,,,
2021-06-02,灵武市,水洗36块,6.00,24.50,0.25,,6800.00,870.00,0.00,出厂价,1558,2021-06-02 00:00:00,1,0,2024-07-16 20:58:53,0,2024-07-16 20:58:53,,,
2021-06-01,灵武市,烟煤末,6.00,27.50,0.25,,5500.00,755.00,15.00,出厂价,1559,2021-06-01 00:00:00,1,0,2024-07-16 20:58:53,0,2024-07-16 20:58:53,,,
2021-06-01,灵武市,水洗36块,6.00,24.50,0.25,,6800.00,870.00,0.00,出厂价,1560,2021-06-01 00:00:00,1,0,2024-07-16 20:58:53,0,2024-07-16 20:58:53,,,
2021-05-31,灵武市,烟煤末,6.00,27.50,0.25,,5500.00,740.00,0.00,出厂价,1561,2021-05-31 00:00:00,1,0,2024-07-16 20:58:56,0,2024-07-16 20:58:56,,,
2021-05-31,灵武市,水洗36块,6.00,24.50,0.25,,6800.00,870.00,0.00,出厂价,1562,2021-05-31 00:00:00,1,0,2024-07-16 20:58:56,0,2024-07-16 20:58:56,,,
2021-05-28,灵武市,烟煤末,6.00,27.50,0.25,,5500.00,740.00,-10.00,出厂价,1563,2021-05-28 00:00:00,1,0,2024-07-16 20:58:56,0,2024-07-16 20:58:56,,,
2021-05-28,灵武市,水洗36块,6.00,24.50,0.25,,6800.00,870.00,-5.00,出厂价,1564,2021-05-28 00:00:00,1,0,2024-07-16 20:58:56,0,2024-07-16 20:58:56,,,
2021-05-27,灵武市,烟煤末,6.00,27.50,0.25,,5500.00,750.00,-5.00,出厂价,1565,2021-05-27 00:00:00,1,0,2024-07-16 20:58:56,0,2024-07-16 20:58:56,,,
2021-05-27,灵武市,水洗36块,6.00,24.50,0.25,,6800.00,875.00,-10.00,出厂价,1566,2021-05-27 00:00:00,1,0,2024-07-16 20:58:56,0,2024-07-16 20:58:56,,,
2021-05-26,灵武市,烟煤末,6.00,27.50,0.25,,5500.00,755.00,-35.00,出厂价,1567,2021-05-26 00:00:00,1,0,2024-07-16 20:58:56,0,2024-07-16 20:58:56,,,
2021-05-26,灵武市,水洗36块,6.00,24.50,0.25,,6800.00,885.00,-20.00,出厂价,1568,2021-05-26 00:00:00,1,0,2024-07-16 20:58:56,0,2024-07-16 20:58:56,,,
2021-05-25,灵武市,烟煤末,6.00,27.50,0.25,,5500.00,790.00,-40.00,出厂价,1569,2021-05-25 00:00:00,1,0,2024-07-16 20:58:56,0,2024-07-16 20:58:56,,,
2021-05-25,灵武市,水洗36块,6.00,24.50,0.25,,6800.00,905.00,-25.00,出厂价,1570,2021-05-25 00:00:00,1,0,2024-07-16 20:58:56,0,2024-07-16 20:58:56,,,
2021-05-24,灵武市,烟煤末,6.00,27.50,0.25,,5500.00,830.00,-5.00,出厂价,1571,2021-05-24 00:00:00,1,0,2024-07-16 20:58:56,0,2024-07-16 20:58:56,,,
2021-05-24,灵武市,水洗36块,6.00,24.50,0.25,,6800.00,930.00,0.00,出厂价,1572,2021-05-24 00:00:00,1,0,2024-07-16 20:58:56,0,2024-07-16 20:58:56,,,
2021-05-21,灵武市,烟煤末,6.00,27.50,0.25,,5500.00,835.00,-10.00,出厂价,1573,2021-05-21 00:00:00,1,0,2024-07-16 20:58:56,0,2024-07-16 20:58:56,,,
2021-05-21,灵武市,水洗36块,6.00,24.50,0.25,,6800.00,930.00,0.00,出厂价,1574,2021-05-21 00:00:00,1,0,2024-07-16 20:58:56,0,2024-07-16 20:58:56,,,
2021-05-20,灵武市,烟煤末,6.00,27.50,0.25,,5500.00,845.00,0.00,出厂价,1575,2021-05-20 00:00:00,1,0,2024-07-16 20:58:56,0,2024-07-16 20:58:56,,,
2021-05-20,灵武市,水洗36块,6.00,24.50,0.25,,6800.00,930.00,0.00,出厂价,1576,2021-05-20 00:00:00,1,0,2024-07-16 20:58:56,0,2024-07-16 20:58:56,,,
2021-05-19,灵武市,烟煤末,6.00,27.50,0.25,,5500.00,845.00,0.00,出厂价,1577,2021-05-19 00:00:00,1,0,2024-07-16 20:58:56,0,2024-07-16 20:58:56,,,
2021-05-19,灵武市,水洗36块,6.00,24.50,0.25,,6800.00,930.00,0.00,出厂价,1578,2021-05-19 00:00:00,1,0,2024-07-16 20:58:56,0,2024-07-16 20:58:56,,,
2021-05-18,灵武市,烟煤末,6.00,27.50,0.25,,5500.00,845.00,0.00,出厂价,1579,2021-05-18 00:00:00,1,0,2024-07-16 20:58:56,0,2024-07-16 20:58:56,,,
2021-05-18,灵武市,水洗36块,6.00,24.50,0.25,,6800.00,930.00,0.00,出厂价,1580,2021-05-18 00:00:00,1,0,2024-07-16 20:58:56,0,2024-07-16 20:58:56,,,
2021-05-17,灵武市,烟煤末,6.00,27.50,0.25,,5500.00,845.00,0.00,出厂价,1581,2021-05-17 00:00:00,1,0,2024-07-16 20:58:56,0,2024-07-16 20:58:56,,,
2021-05-17,灵武市,水洗36块,6.00,24.50,0.25,,6800.00,930.00,0.00,出厂价,1582,2021-05-17 00:00:00,1,0,2024-07-16 20:58:56,0,2024-07-16 20:58:56,,,
2021-05-14,灵武市,烟煤末,6.00,27.50,0.25,,5500.00,845.00,30.00,出厂价,1583,2021-05-14 00:00:00,1,0,2024-07-16 20:58:56,0,2024-07-16 20:58:56,,,
2021-05-14,灵武市,水洗36块,6.00,24.50,0.25,,6800.00,930.00,30.00,出厂价,1584,2021-05-14 00:00:00,1,0,2024-07-16 20:58:56,0,2024-07-16 20:58:56,,,
2021-05-13,灵武市,烟煤末,6.00,27.50,0.25,,5500.00,815.00,25.00,出厂价,1585,2021-05-13 00:00:00,1,0,2024-07-16 20:58:56,0,2024-07-16 20:58:56,,,
2021-05-13,灵武市,水洗36块,6.00,24.50,0.25,,6800.00,900.00,40.00,出厂价,1586,2021-05-13 00:00:00,1,0,2024-07-16 20:58:56,0,2024-07-16 20:58:56,,,
2021-05-12,灵武市,烟煤末,6.00,27.50,0.25,,5500.00,790.00,25.00,出厂价,1587,2021-05-12 00:00:00,1,0,2024-07-16 20:58:56,0,2024-07-16 20:58:56,,,
2021-05-12,灵武市,水洗36块,6.00,24.50,0.25,,6800.00,860.00,35.00,出厂价,1588,2021-05-12 00:00:00,1,0,2024-07-16 20:58:56,0,2024-07-16 20:58:56,,,
2021-05-11,灵武市,烟煤末,6.00,27.50,0.25,,5500.00,765.00,35.00,出厂价,1589,2021-05-11 00:00:00,1,0,2024-07-16 20:58:56,0,2024-07-16 20:58:56,,,
2021-05-11,灵武市,水洗36块,6.00,24.50,0.25,,6800.00,825.00,40.00,出厂价,1590,2021-05-11 00:00:00,1,0,2024-07-16 20:58:56,0,2024-07-16 20:58:56,,,
2021-05-10,灵武市,烟煤末,6.00,27.50,0.25,,5500.00,730.00,10.00,出厂价,1591,2021-05-10 00:00:00,1,0,2024-07-16 20:59:00,0,2024-07-16 20:59:00,,,
2021-05-10,灵武市,水洗36块,6.00,24.50,0.25,,6800.00,785.00,25.00,出厂价,1592,2021-05-10 00:00:00,1,0,2024-07-16 20:59:00,0,2024-07-16 20:59:00,,,
2021-05-08,灵武市,烟煤末,6.00,27.50,0.25,,5500.00,720.00,10.00,出厂价,1593,2021-05-08 00:00:00,1,0,2024-07-16 20:59:00,0,2024-07-16 20:59:00,,,
2021-05-08,灵武市,水洗36块,6.00,24.50,0.25,,6800.00,760.00,5.00,出厂价,1594,2021-05-08 00:00:00,1,0,2024-07-16 20:59:00,0,2024-07-16 20:59:00,,,
2021-05-07,灵武市,烟煤末,6.00,27.50,0.25,,5500.00,710.00,15.00,出厂价,1595,2021-05-07 00:00:00,1,0,2024-07-16 20:59:00,0,2024-07-16 20:59:00,,,
2021-05-07,灵武市,水洗36块,6.00,24.50,0.25,,6800.00,755.00,15.00,出厂价,1596,2021-05-07 00:00:00,1,0,2024-07-16 20:59:00,0,2024-07-16 20:59:00,,,
2021-05-06,灵武市,烟煤末,6.00,27.50,0.25,,5500.00,695.00,0.00,出厂价,1597,2021-05-06 00:00:00,1,0,2024-07-16 20:59:00,0,2024-07-16 20:59:00,,,
2021-05-06,灵武市,水洗36块,6.00,24.50,0.25,,6800.00,740.00,0.00,出厂价,1598,2021-05-06 00:00:00,1,0,2024-07-16 20:59:00,0,2024-07-16 20:59:00,,,
2021-04-30,灵武市,烟煤末,6.00,27.50,0.25,,5500.00,695.00,0.00,出厂价,1599,2021-04-30 00:00:00,1,0,2024-07-16 20:59:00,0,2024-07-16 20:59:00,,,
2021-04-30,灵武市,水洗36块,6.00,24.50,0.25,,6800.00,740.00,0.00,出厂价,1600,2021-04-30 00:00:00,1,0,2024-07-16 20:59:00,0,2024-07-16 20:59:00,,,
2021-04-29,灵武市,烟煤末,6.00,27.50,0.25,,5500.00,695.00,0.00,出厂价,1601,2021-04-29 00:00:00,1,0,2024-07-16 20:59:00,0,2024-07-16 20:59:00,,,
2021-04-29,灵武市,水洗36块,6.00,24.50,0.25,,6800.00,740.00,0.00,出厂价,1602,2021-04-29 00:00:00,1,0,2024-07-16 20:59:00,0,2024-07-16 20:59:00,,,
2021-04-28,灵武市,烟煤末,6.00,27.50,0.25,,5500.00,695.00,0.00,出厂价,1603,2021-04-28 00:00:00,1,0,2024-07-16 20:59:00,0,2024-07-16 20:59:00,,,
2021-04-28,灵武市,水洗36块,6.00,24.50,0.25,,6800.00,740.00,0.00,出厂价,1604,2021-04-28 00:00:00,1,0,2024-07-16 20:59:00,0,2024-07-16 20:59:00,,,
2021-04-27,灵武市,烟煤末,6.00,27.50,0.25,,5500.00,695.00,0.00,出厂价,1605,2021-04-27 00:00:00,1,0,2024-07-16 20:59:00,0,2024-07-16 20:59:00,,,
2021-04-27,灵武市,水洗36块,6.00,24.50,0.25,,6800.00,740.00,0.00,出厂价,1606,2021-04-27 00:00:00,1,0,2024-07-16 20:59:00,0,2024-07-16 20:59:00,,,
2021-04-26,灵武市,烟煤末,6.00,27.50,0.25,,5500.00,695.00,-5.00,出厂价,1607,2021-04-26 00:00:00,1,0,2024-07-16 20:59:00,0,2024-07-16 20:59:00,,,
2021-04-26,灵武市,水洗36块,6.00,24.50,0.25,,6800.00,740.00,0.00,出厂价,1608,2021-04-26 00:00:00,1,0,2024-07-16 20:59:00,0,2024-07-16 20:59:00,,,
2021-04-25,灵武市,烟煤末,6.00,27.50,0.25,,5500.00,700.00,0.00,出厂价,1609,2021-04-25 00:00:00,1,0,2024-07-16 20:59:00,0,2024-07-16 20:59:00,,,
2021-04-25,灵武市,水洗36块,6.00,24.50,0.25,,6800.00,740.00,0.00,出厂价,1610,2021-04-25 00:00:00,1,0,2024-07-16 20:59:00,0,2024-07-16 20:59:00,,,
2021-04-23,灵武市,烟煤末,6.00,27.50,0.25,,5500.00,700.00,5.00,出厂价,1611,2021-04-23 00:00:00,1,0,2024-07-16 20:59:00,0,2024-07-16 20:59:00,,,
2021-04-23,灵武市,水洗36块,6.00,24.50,0.25,,6800.00,740.00,10.00,出厂价,1612,2021-04-23 00:00:00,1,0,2024-07-16 20:59:00,0,2024-07-16 20:59:00,,,
2021-04-22,灵武市,烟煤末,6.00,27.50,0.25,,5500.00,695.00,20.00,出厂价,1613,2021-04-22 00:00:00,1,0,2024-07-16 20:59:00,0,2024-07-16 20:59:00,,,
2021-04-22,灵武市,水洗36块,6.00,24.50,0.25,,6800.00,730.00,15.00,出厂价,1614,2021-04-22 00:00:00,1,0,2024-07-16 20:59:00,0,2024-07-16 20:59:00,,,
2021-04-21,灵武市,烟煤末,6.00,27.50,0.25,,5500.00,675.00,10.00,出厂价,1615,2021-04-21 00:00:00,1,0,2024-07-16 20:59:00,0,2024-07-16 20:59:00,,,
2021-04-21,灵武市,水洗36块,6.00,24.50,0.25,,6800.00,715.00,10.00,出厂价,1616,2021-04-21 00:00:00,1,0,2024-07-16 20:59:00,0,2024-07-16 20:59:00,,,
2021-04-20,灵武市,烟煤末,6.00,27.50,0.25,,5500.00,665.00,25.00,出厂价,1617,2021-04-20 00:00:00,1,0,2024-07-16 20:59:00,0,2024-07-16 20:59:00,,,
2021-04-20,灵武市,水洗36块,6.00,24.50,0.25,,6800.00,705.00,15.00,出厂价,1618,2021-04-20 00:00:00,1,0,2024-07-16 20:59:00,0,2024-07-16 20:59:00,,,
2021-04-19,灵武市,烟煤末,6.00,27.50,0.25,,5500.00,640.00,10.00,出厂价,1619,2021-04-19 00:00:00,1,0,2024-07-16 20:59:00,0,2024-07-16 20:59:00,,,
2021-04-19,灵武市,水洗36块,6.00,24.50,0.25,,6800.00,690.00,15.00,出厂价,1620,2021-04-19 00:00:00,1,0,2024-07-16 20:59:00,0,2024-07-16 20:59:00,,,
2021-04-16,灵武市,烟煤末,6.00,27.50,0.25,,5500.00,630.00,0.00,出厂价,1621,2021-04-16 00:00:00,1,0,2024-07-16 20:59:03,0,2024-07-16 20:59:03,,,
2021-04-16,灵武市,水洗36块,6.00,24.50,0.25,,6800.00,675.00,0.00,出厂价,1622,2021-04-16 00:00:00,1,0,2024-07-16 20:59:03,0,2024-07-16 20:59:03,,,
2021-04-15,灵武市,烟煤末,6.00,27.50,0.25,,5500.00,630.00,0.00,出厂价,1623,2021-04-15 00:00:00,1,0,2024-07-16 20:59:03,0,2024-07-16 20:59:03,,,
2021-04-15,灵武市,水洗36块,6.00,24.50,0.25,,6800.00,675.00,0.00,出厂价,1624,2021-04-15 00:00:00,1,0,2024-07-16 20:59:03,0,2024-07-16 20:59:03,,,
2021-04-14,灵武市,烟煤末,6.00,27.50,0.25,,5500.00,630.00,0.00,出厂价,1625,2021-04-14 00:00:00,1,0,2024-07-16 20:59:03,0,2024-07-16 20:59:03,,,
2021-04-14,灵武市,水洗36块,6.00,24.50,0.25,,6800.00,675.00,0.00,出厂价,1626,2021-04-14 00:00:00,1,0,2024-07-16 20:59:03,0,2024-07-16 20:59:03,,,
2021-04-13,灵武市,烟煤末,6.00,27.50,0.25,,5500.00,630.00,-10.00,出厂价,1627,2021-04-13 00:00:00,1,0,2024-07-16 20:59:03,0,2024-07-16 20:59:03,,,
2021-04-13,灵武市,水洗36块,6.00,24.50,0.25,,6800.00,675.00,-10.00,出厂价,1628,2021-04-13 00:00:00,1,0,2024-07-16 20:59:03,0,2024-07-16 20:59:03,,,
2021-04-12,灵武市,烟煤末,6.00,27.50,0.25,,5500.00,640.00,-5.00,出厂价,1629,2021-04-12 00:00:00,1,0,2024-07-16 20:59:03,0,2024-07-16 20:59:03,,,
2021-04-12,灵武市,水洗36块,6.00,24.50,0.25,,6800.00,685.00,-5.00,出厂价,1630,2021-04-12 00:00:00,1,0,2024-07-16 20:59:03,0,2024-07-16 20:59:03,,,
2021-04-09,灵武市,烟煤末,6.00,27.50,0.25,,5500.00,645.00,0.00,出厂价,1631,2021-04-09 00:00:00,1,0,2024-07-16 20:59:03,0,2024-07-16 20:59:03,,,
2021-04-09,灵武市,水洗36块,6.00,24.50,0.25,,6800.00,690.00,0.00,出厂价,1632,2021-04-09 00:00:00,1,0,2024-07-16 20:59:03,0,2024-07-16 20:59:03,,,
2021-04-08,灵武市,烟煤末,6.00,27.50,0.25,,5500.00,645.00,0.00,出厂价,1633,2021-04-08 00:00:00,1,0,2024-07-16 20:59:03,0,2024-07-16 20:59:03,,,
2021-04-08,灵武市,水洗36块,6.00,24.50,0.25,,6800.00,690.00,0.00,出厂价,1634,2021-04-08 00:00:00,1,0,2024-07-16 20:59:03,0,2024-07-16 20:59:03,,,
2021-04-07,灵武市,烟煤末,6.00,27.50,0.25,,5500.00,645.00,0.00,出厂价,1635,2021-04-07 00:00:00,1,0,2024-07-16 20:59:03,0,2024-07-16 20:59:03,,,
2021-04-07,灵武市,水洗36块,6.00,24.50,0.25,,6800.00,690.00,0.00,出厂价,1636,2021-04-07 00:00:00,1,0,2024-07-16 20:59:03,0,2024-07-16 20:59:03,,,
2021-04-06,灵武市,烟煤末,6.00,27.50,0.25,,5500.00,645.00,20.00,出厂价,1637,2021-04-06 00:00:00,1,0,2024-07-16 20:59:03,0,2024-07-16 20:59:03,,,
2021-04-06,灵武市,水洗36块,6.00,24.50,0.25,,6800.00,690.00,30.00,出厂价,1638,2021-04-06 00:00:00,1,0,2024-07-16 20:59:03,0,2024-07-16 20:59:03,,,
2021-04-02,灵武市,烟煤末,6.00,27.50,0.25,,5500.00,625.00,10.00,出厂价,1639,2021-04-02 00:00:00,1,0,2024-07-16 20:59:03,0,2024-07-16 20:59:03,,,
2021-04-02,灵武市,水洗36块,6.00,24.50,0.25,,6800.00,660.00,15.00,出厂价,1640,2021-04-02 00:00:00,1,0,2024-07-16 20:59:03,0,2024-07-16 20:59:03,,,
2021-04-01,灵武市,烟煤末,6.00,27.50,0.25,,5500.00,615.00,30.00,出厂价,1641,2021-04-01 00:00:00,1,0,2024-07-16 20:59:03,0,2024-07-16 20:59:03,,,
2021-04-01,灵武市,水洗36块,6.00,24.50,0.25,,6800.00,645.00,35.00,出厂价,1642,2021-04-01 00:00:00,1,0,2024-07-16 20:59:03,0,2024-07-16 20:59:03,,,
2021-03-31,灵武市,烟煤末,6.00,27.50,0.25,,5500.00,585.00,5.00,出厂价,1643,2021-03-31 00:00:00,1,0,2024-07-16 20:59:03,0,2024-07-16 20:59:03,,,
2021-03-31,灵武市,水洗36块,6.00,24.50,0.25,,6800.00,610.00,20.00,出厂价,1644,2021-03-31 00:00:00,1,0,2024-07-16 20:59:03,0,2024-07-16 20:59:03,,,
2021-03-30,灵武市,烟煤末,6.00,27.50,0.25,,5500.00,580.00,20.00,出厂价,1645,2021-03-30 00:00:00,1,0,2024-07-16 20:59:03,0,2024-07-16 20:59:03,,,
2021-03-30,灵武市,水洗36块,6.00,24.50,0.25,,6800.00,590.00,15.00,出厂价,1646,2021-03-30 00:00:00,1,0,2024-07-16 20:59:03,0,2024-07-16 20:59:03,,,
2021-03-29,灵武市,烟煤末,6.00,27.50,0.25,,5500.00,560.00,15.00,出厂价,1647,2021-03-29 00:00:00,1,0,2024-07-16 20:59:03,0,2024-07-16 20:59:03,,,
2021-03-29,灵武市,水洗36块,6.00,24.50,0.25,,6800.00,575.00,10.00,出厂价,1648,2021-03-29 00:00:00,1,0,2024-07-16 20:59:03,0,2024-07-16 20:59:03,,,
2021-03-26,灵武市,烟煤末,6.00,27.50,0.25,,5500.00,545.00,10.00,出厂价,1649,2021-03-26 00:00:00,1,0,2024-07-16 20:59:03,0,2024-07-16 20:59:03,,,
2021-03-26,灵武市,水洗36块,6.00,24.50,0.25,,6800.00,565.00,0.00,出厂价,1650,2021-03-26 00:00:00,1,0,2024-07-16 20:59:03,0,2024-07-16 20:59:03,,,
2021-03-25,灵武市,烟煤末,6.00,27.50,0.25,,5500.00,535.00,0.00,出厂价,1651,2021-03-25 00:00:00,1,0,2024-07-16 20:59:06,0,2024-07-16 20:59:06,,,
2021-03-25,灵武市,水洗36块,6.00,24.50,0.25,,6800.00,565.00,0.00,出厂价,1652,2021-03-25 00:00:00,1,0,2024-07-16 20:59:06,0,2024-07-16 20:59:06,,,
2021-03-24,灵武市,烟煤末,6.00,27.50,0.25,,5500.00,535.00,5.00,出厂价,1653,2021-03-24 00:00:00,1,0,2024-07-16 20:59:06,0,2024-07-16 20:59:06,,,
2021-03-24,灵武市,水洗36块,6.00,24.50,0.25,,6800.00,565.00,5.00,出厂价,1654,2021-03-24 00:00:00,1,0,2024-07-16 20:59:06,0,2024-07-16 20:59:06,,,
2021-03-23,灵武市,烟煤末,6.00,27.50,0.25,,5500.00,530.00,0.00,出厂价,1655,2021-03-23 00:00:00,1,0,2024-07-16 20:59:06,0,2024-07-16 20:59:06,,,
2021-03-23,灵武市,水洗36块,6.00,24.50,0.25,,6800.00,560.00,0.00,出厂价,1656,2021-03-23 00:00:00,1,0,2024-07-16 20:59:06,0,2024-07-16 20:59:06,,,
2021-03-22,灵武市,烟煤末,6.00,27.50,0.25,,5500.00,530.00,0.00,出厂价,1657,2021-03-22 00:00:00,1,0,2024-07-16 20:59:06,0,2024-07-16 20:59:06,,,
2021-03-22,灵武市,水洗36块,6.00,24.50,0.25,,6800.00,560.00,0.00,出厂价,1658,2021-03-22 00:00:00,1,0,2024-07-16 20:59:06,0,2024-07-16 20:59:06,,,
2021-03-19,灵武市,烟煤末,6.00,27.50,0.25,,5500.00,530.00,5.00,出厂价,1659,2021-03-19 00:00:00,1,0,2024-07-16 20:59:06,0,2024-07-16 20:59:06,,,
2021-03-19,灵武市,水洗36块,6.00,24.50,0.25,,6800.00,560.00,5.00,出厂价,1660,2021-03-19 00:00:00,1,0,2024-07-16 20:59:06,0,2024-07-16 20:59:06,,,
2021-03-18,灵武市,烟煤末,6.00,27.50,0.25,,5500.00,525.00,0.00,出厂价,1661,2021-03-18 00:00:00,1,0,2024-07-16 20:59:06,0,2024-07-16 20:59:06,,,
2021-03-18,灵武市,水洗36块,6.00,24.50,0.25,,6800.00,555.00,0.00,出厂价,1662,2021-03-18 00:00:00,1,0,2024-07-16 20:59:06,0,2024-07-16 20:59:06,,,
2021-03-17,灵武市,烟煤末,6.00,27.50,0.25,,5500.00,525.00,0.00,出厂价,1663,2021-03-17 00:00:00,1,0,2024-07-16 20:59:06,0,2024-07-16 20:59:06,,,
2021-03-17,灵武市,水洗36块,6.00,24.50,0.25,,6800.00,555.00,0.00,出厂价,1664,2021-03-17 00:00:00,1,0,2024-07-16 20:59:06,0,2024-07-16 20:59:06,,,
2021-03-16,灵武市,烟煤末,6.00,27.50,0.25,,5500.00,525.00,0.00,出厂价,1665,2021-03-16 00:00:00,1,0,2024-07-16 20:59:06,0,2024-07-16 20:59:06,,,
2021-03-16,灵武市,水洗36块,6.00,24.50,0.25,,6800.00,555.00,0.00,出厂价,1666,2021-03-16 00:00:00,1,0,2024-07-16 20:59:06,0,2024-07-16 20:59:06,,,
2021-03-15,灵武市,烟煤末,6.00,27.50,0.25,,5500.00,525.00,10.00,出厂价,1667,2021-03-15 00:00:00,1,0,2024-07-16 20:59:06,0,2024-07-16 20:59:06,,,
2021-03-15,灵武市,水洗36块,6.00,24.50,0.25,,6800.00,555.00,10.00,出厂价,1668,2021-03-15 00:00:00,1,0,2024-07-16 20:59:06,0,2024-07-16 20:59:06,,,
2021-03-12,灵武市,烟煤末,6.00,27.50,0.25,,5500.00,515.00,10.00,出厂价,1669,2021-03-12 00:00:00,1,0,2024-07-16 20:59:06,0,2024-07-16 20:59:06,,,
2021-03-12,灵武市,水洗36块,6.00,24.50,0.25,,6800.00,545.00,0.00,出厂价,1670,2021-03-12 00:00:00,1,0,2024-07-16 20:59:06,0,2024-07-16 20:59:06,,,
2021-03-11,灵武市,烟煤末,6.00,27.50,0.25,,5500.00,505.00,10.00,出厂价,1671,2021-03-11 00:00:00,1,0,2024-07-16 20:59:06,0,2024-07-16 20:59:06,,,
2021-03-11,灵武市,水洗36块,6.00,24.50,0.25,,6800.00,545.00,0.00,出厂价,1672,2021-03-11 00:00:00,1,0,2024-07-16 20:59:06,0,2024-07-16 20:59:06,,,
2021-03-10,灵武市,烟煤末,6.00,27.50,0.25,,5500.00,495.00,5.00,出厂价,1673,2021-03-10 00:00:00,1,0,2024-07-16 20:59:06,0,2024-07-16 20:59:06,,,
2021-03-10,灵武市,水洗36块,6.00,24.50,0.25,,6800.00,545.00,0.00,出厂价,1674,2021-03-10 00:00:00,1,0,2024-07-16 20:59:06,0,2024-07-16 20:59:06,,,
2021-03-09,灵武市,烟煤末,6.00,27.50,0.25,,5500.00,490.00,10.00,出厂价,1675,2021-03-09 00:00:00,1,0,2024-07-16 20:59:06,0,2024-07-16 20:59:06,,,
2021-03-09,灵武市,水洗36块,6.00,24.50,0.25,,6800.00,545.00,5.00,出厂价,1676,2021-03-09 00:00:00,1,0,2024-07-16 20:59:06,0,2024-07-16 20:59:06,,,
2021-03-08,灵武市,烟煤末,6.00,27.50,0.25,,5500.00,480.00,5.00,出厂价,1677,2021-03-08 00:00:00,1,0,2024-07-16 20:59:06,0,2024-07-16 20:59:06,,,
2021-03-08,灵武市,水洗36块,6.00,24.50,0.25,,6800.00,540.00,5.00,出厂价,1678,2021-03-08 00:00:00,1,0,2024-07-16 20:59:06,0,2024-07-16 20:59:06,,,
2021-03-05,灵武市,烟煤末,6.00,27.50,0.25,,5500.00,475.00,5.00,出厂价,1679,2021-03-05 00:00:00,1,0,2024-07-16 20:59:06,0,2024-07-16 20:59:06,,,
2021-03-05,灵武市,水洗36块,6.00,24.50,0.25,,6800.00,535.00,5.00,出厂价,1680,2021-03-05 00:00:00,1,0,2024-07-16 20:59:06,0,2024-07-16 20:59:06,,,
2021-03-04,灵武市,烟煤末,6.00,27.50,0.25,,5500.00,470.00,0.00,出厂价,1681,2021-03-04 00:00:00,1,0,2024-07-16 20:59:10,0,2024-07-16 20:59:10,,,
2021-03-04,灵武市,水洗36块,6.00,24.50,0.25,,6800.00,530.00,0.00,出厂价,1682,2021-03-04 00:00:00,1,0,2024-07-16 20:59:10,0,2024-07-16 20:59:10,,,
2021-03-03,灵武市,烟煤末,6.00,27.50,0.25,,5500.00,470.00,0.00,出厂价,1683,2021-03-03 00:00:00,1,0,2024-07-16 20:59:10,0,2024-07-16 20:59:10,,,
2021-03-03,灵武市,水洗36块,6.00,24.50,0.25,,6800.00,530.00,0.00,出厂价,1684,2021-03-03 00:00:00,1,0,2024-07-16 20:59:10,0,2024-07-16 20:59:10,,,
2021-03-02,灵武市,烟煤末,6.00,27.50,0.25,,5500.00,470.00,-5.00,出厂价,1685,2021-03-02 00:00:00,1,0,2024-07-16 20:59:10,0,2024-07-16 20:59:10,,,
2021-03-02,灵武市,水洗36块,6.00,24.50,0.25,,6800.00,530.00,0.00,出厂价,1686,2021-03-02 00:00:00,1,0,2024-07-16 20:59:10,0,2024-07-16 20:59:10,,,
2021-03-01,灵武市,烟煤末,6.00,27.50,0.25,,5500.00,475.00,-5.00,出厂价,1687,2021-03-01 00:00:00,1,0,2024-07-16 20:59:10,0,2024-07-16 20:59:10,,,
2021-03-01,灵武市,水洗36块,6.00,24.50,0.25,,6800.00,530.00,0.00,出厂价,1688,2021-03-01 00:00:00,1,0,2024-07-16 20:59:10,0,2024-07-16 20:59:10,,,
2021-02-26,灵武市,烟煤末,6.00,27.50,0.25,,5500.00,480.00,-5.00,出厂价,1689,2021-02-26 00:00:00,1,0,2024-07-16 20:59:10,0,2024-07-16 20:59:10,,,
2021-02-26,灵武市,水洗36块,6.00,24.50,0.25,,6800.00,530.00,0.00,出厂价,1690,2021-02-26 00:00:00,1,0,2024-07-16 20:59:10,0,2024-07-16 20:59:10,,,
2021-02-25,灵武市,烟煤末,6.00,27.50,0.25,,5500.00,485.00,-10.00,出厂价,1691,2021-02-25 00:00:00,1,0,2024-07-16 20:59:10,0,2024-07-16 20:59:10,,,
2021-02-25,灵武市,水洗36块,6.00,24.50,0.25,,6800.00,530.00,0.00,出厂价,1692,2021-02-25 00:00:00,1,0,2024-07-16 20:59:10,0,2024-07-16 20:59:10,,,
2021-02-24,灵武市,烟煤末,6.00,27.50,0.25,,5500.00,495.00,-5.00,出厂价,1693,2021-02-24 00:00:00,1,0,2024-07-16 20:59:10,0,2024-07-16 20:59:10,,,
2021-02-24,灵武市,水洗36块,6.00,24.50,0.25,,6800.00,530.00,0.00,出厂价,1694,2021-02-24 00:00:00,1,0,2024-07-16 20:59:10,0,2024-07-16 20:59:10,,,
2021-02-23,灵武市,烟煤末,6.00,27.50,0.25,,5500.00,500.00,-10.00,出厂价,1695,2021-02-23 00:00:00,1,0,2024-07-16 20:59:10,0,2024-07-16 20:59:10,,,
2021-02-23,灵武市,水洗36块,6.00,24.50,0.25,,6800.00,530.00,-50.00,出厂价,1696,2021-02-23 00:00:00,1,0,2024-07-16 20:59:10,0,2024-07-16 20:59:10,,,
2021-02-22,灵武市,烟煤末,6.00,27.50,0.25,,5500.00,510.00,-10.00,出厂价,1697,2021-02-22 00:00:00,1,0,2024-07-16 20:59:10,0,2024-07-16 20:59:10,,,
2021-02-22,灵武市,水洗36块,6.00,24.50,0.25,,6800.00,580.00,0.00,出厂价,1698,2021-02-22 00:00:00,1,0,2024-07-16 20:59:10,0,2024-07-16 20:59:10,,,
2021-02-20,灵武市,烟煤末,6.00,27.50,0.25,,5500.00,520.00,-10.00,出厂价,1699,2021-02-20 00:00:00,1,0,2024-07-16 20:59:10,0,2024-07-16 20:59:10,,,
2021-02-20,灵武市,水洗36块,6.00,24.50,0.25,,6800.00,580.00,0.00,出厂价,1700,2021-02-20 00:00:00,1,0,2024-07-16 20:59:10,0,2024-07-16 20:59:10,,,
2021-02-19,灵武市,烟煤末,6.00,27.50,0.25,,5500.00,530.00,-20.00,出厂价,1701,2021-02-19 00:00:00,1,0,2024-07-16 20:59:10,0,2024-07-16 20:59:10,,,
2021-02-19,灵武市,水洗36块,6.00,24.50,0.25,,6800.00,580.00,0.00,出厂价,1702,2021-02-19 00:00:00,1,0,2024-07-16 20:59:10,0,2024-07-16 20:59:10,,,
2021-02-18,灵武市,烟煤末,6.00,27.50,0.25,,5500.00,550.00,0.00,出厂价,1703,2021-02-18 00:00:00,1,0,2024-07-16 20:59:10,0,2024-07-16 20:59:10,,,
2021-02-18,灵武市,水洗36块,6.00,24.50,0.25,,6800.00,580.00,0.00,出厂价,1704,2021-02-18 00:00:00,1,0,2024-07-16 20:59:10,0,2024-07-16 20:59:10,,,
2021-02-10,灵武市,烟煤末,6.00,27.50,0.25,,5500.00,550.00,-15.00,出厂价,1705,2021-02-10 00:00:00,1,0,2024-07-16 20:59:10,0,2024-07-16 20:59:10,,,
2021-02-10,灵武市,水洗36块,6.00,24.50,0.25,,6800.00,580.00,-15.00,出厂价,1706,2021-02-10 00:00:00,1,0,2024-07-16 20:59:10,0,2024-07-16 20:59:10,,,
2021-02-09,灵武市,烟煤末,6.00,27.50,0.25,,5500.00,565.00,-15.00,出厂价,1707,2021-02-09 00:00:00,1,0,2024-07-16 20:59:10,0,2024-07-16 20:59:10,,,
2021-02-09,灵武市,水洗36块,6.00,24.50,0.25,,6800.00,595.00,-15.00,出厂价,1708,2021-02-09 00:00:00,1,0,2024-07-16 20:59:10,0,2024-07-16 20:59:10,,,
2021-02-08,灵武市,烟煤末,6.00,27.50,0.25,,5500.00,580.00,0.00,出厂价,1709,2021-02-08 00:00:00,1,0,2024-07-16 20:59:10,0,2024-07-16 20:59:10,,,
2021-02-08,灵武市,水洗36块,6.00,24.50,0.25,,6800.00,610.00,0.00,出厂价,1710,2021-02-08 00:00:00,1,0,2024-07-16 20:59:10,0,2024-07-16 20:59:10,,,
2021-02-07,灵武市,烟煤末,6.00,27.50,0.25,,5500.00,580.00,-10.00,出厂价,1711,2021-02-07 00:00:00,1,0,2024-07-16 20:59:13,0,2024-07-16 20:59:13,,,
2021-02-07,灵武市,水洗36块,6.00,24.50,0.25,,6800.00,610.00,-10.00,出厂价,1712,2021-02-07 00:00:00,1,0,2024-07-16 20:59:13,0,2024-07-16 20:59:13,,,
2021-02-05,灵武市,烟煤末,6.00,27.50,0.25,,5500.00,590.00,-10.00,出厂价,1713,2021-02-05 00:00:00,1,0,2024-07-16 20:59:13,0,2024-07-16 20:59:13,,,
2021-02-05,灵武市,水洗36块,6.00,24.50,0.25,,6800.00,620.00,-15.00,出厂价,1714,2021-02-05 00:00:00,1,0,2024-07-16 20:59:13,0,2024-07-16 20:59:13,,,
2021-02-04,灵武市,烟煤末,6.00,27.50,0.25,,5500.00,600.00,-15.00,出厂价,1715,2021-02-04 00:00:00,1,0,2024-07-16 20:59:13,0,2024-07-16 20:59:13,,,
2021-02-04,灵武市,水洗36块,6.00,24.50,0.25,,6800.00,635.00,-10.00,出厂价,1716,2021-02-04 00:00:00,1,0,2024-07-16 20:59:13,0,2024-07-16 20:59:13,,,
2021-02-03,灵武市,烟煤末,6.00,27.50,0.25,,5500.00,615.00,0.00,出厂价,1717,2021-02-03 00:00:00,1,0,2024-07-16 20:59:13,0,2024-07-16 20:59:13,,,
2021-02-03,灵武市,水洗36块,6.00,24.50,0.25,,6800.00,645.00,0.00,出厂价,1718,2021-02-03 00:00:00,1,0,2024-07-16 20:59:13,0,2024-07-16 20:59:13,,,
2021-02-02,灵武市,烟煤末,6.00,27.50,0.25,,5500.00,615.00,-25.00,出厂价,1719,2021-02-02 00:00:00,1,0,2024-07-16 20:59:13,0,2024-07-16 20:59:13,,,
2021-02-02,灵武市,水洗36块,6.00,24.50,0.25,,6800.00,645.00,-40.00,出厂价,1720,2021-02-02 00:00:00,1,0,2024-07-16 20:59:13,0,2024-07-16 20:59:13,,,
2021-02-01,灵武市,烟煤末,6.00,27.50,0.25,,5500.00,640.00,-15.00,出厂价,1721,2021-02-01 00:00:00,1,0,2024-07-16 20:59:13,0,2024-07-16 20:59:13,,,
2021-02-01,灵武市,水洗36块,6.00,24.50,0.25,,6800.00,685.00,-20.00,出厂价,1722,2021-02-01 00:00:00,1,0,2024-07-16 20:59:13,0,2024-07-16 20:59:13,,,
2021-01-29,灵武市,烟煤末,6.00,27.50,0.25,,5500.00,655.00,-15.00,出厂价,1723,2021-01-29 00:00:00,1,0,2024-07-16 20:59:13,0,2024-07-16 20:59:13,,,
2021-01-29,灵武市,水洗36块,6.00,24.50,0.25,,6800.00,705.00,-5.00,出厂价,1724,2021-01-29 00:00:00,1,0,2024-07-16 20:59:13,0,2024-07-16 20:59:13,,,
2021-01-28,灵武市,烟煤末,6.00,27.50,0.25,,5500.00,670.00,0.00,出厂价,1725,2021-01-28 00:00:00,1,0,2024-07-16 20:59:13,0,2024-07-16 20:59:13,,,
2021-01-28,灵武市,水洗36块,6.00,24.50,0.25,,6800.00,710.00,0.00,出厂价,1726,2021-01-28 00:00:00,1,0,2024-07-16 20:59:13,0,2024-07-16 20:59:13,,,
2021-01-27,灵武市,烟煤末,6.00,27.50,0.25,,5500.00,670.00,-25.00,出厂价,1727,2021-01-27 00:00:00,1,0,2024-07-16 20:59:13,0,2024-07-16 20:59:13,,,
2021-01-27,灵武市,水洗36块,6.00,24.50,0.25,,6800.00,710.00,-10.00,出厂价,1728,2021-01-27 00:00:00,1,0,2024-07-16 20:59:13,0,2024-07-16 20:59:13,,,
2021-01-26,灵武市,烟煤末,6.00,27.50,0.25,,5500.00,695.00,-10.00,出厂价,1729,2021-01-26 00:00:00,1,0,2024-07-16 20:59:13,0,2024-07-16 20:59:13,,,
2021-01-26,灵武市,水洗36块,6.00,24.50,0.25,,6800.00,720.00,0.00,出厂价,1730,2021-01-26 00:00:00,1,0,2024-07-16 20:59:13,0,2024-07-16 20:59:13,,,
2021-01-25,灵武市,烟煤末,6.00,27.50,0.25,,5500.00,705.00,0.00,出厂价,1731,2021-01-25 00:00:00,1,0,2024-07-16 20:59:13,0,2024-07-16 20:59:13,,,
2021-01-25,灵武市,水洗36块,6.00,24.50,0.25,,6800.00,720.00,0.00,出厂价,1732,2021-01-25 00:00:00,1,0,2024-07-16 20:59:13,0,2024-07-16 20:59:13,,,
2021-01-22,灵武市,烟煤末,6.00,27.50,0.25,,5500.00,705.00,10.00,出厂价,1733,2021-01-22 00:00:00,1,0,2024-07-16 20:59:13,0,2024-07-16 20:59:13,,,
2021-01-22,灵武市,水洗36块,6.00,24.50,0.25,,6800.00,720.00,0.00,出厂价,1734,2021-01-22 00:00:00,1,0,2024-07-16 20:59:13,0,2024-07-16 20:59:13,,,
2021-01-21,灵武市,烟煤末,6.00,27.50,0.25,,5500.00,695.00,5.00,出厂价,1735,2021-01-21 00:00:00,1,0,2024-07-16 20:59:13,0,2024-07-16 20:59:13,,,
2021-01-21,灵武市,水洗36块,6.00,24.50,0.25,,6800.00,720.00,10.00,出厂价,1736,2021-01-21 00:00:00,1,0,2024-07-16 20:59:13,0,2024-07-16 20:59:13,,,
2021-01-20,灵武市,烟煤末,6.00,27.50,0.25,,5500.00,690.00,10.00,出厂价,1737,2021-01-20 00:00:00,1,0,2024-07-16 20:59:13,0,2024-07-16 20:59:13,,,
2021-01-20,灵武市,水洗36块,6.00,24.50,0.25,,6800.00,710.00,10.00,出厂价,1738,2021-01-20 00:00:00,1,0,2024-07-16 20:59:13,0,2024-07-16 20:59:13,,,
2021-01-19,灵武市,烟煤末,6.00,27.50,0.25,,5500.00,680.00,10.00,出厂价,1739,2021-01-19 00:00:00,1,0,2024-07-16 20:59:13,0,2024-07-16 20:59:13,,,
2021-01-19,灵武市,水洗36块,6.00,24.50,0.25,,6800.00,700.00,10.00,出厂价,1740,2021-01-19 00:00:00,1,0,2024-07-16 20:59:13,0,2024-07-16 20:59:13,,,
2021-01-18,灵武市,烟煤末,6.00,27.50,0.25,,5500.00,670.00,10.00,出厂价,1741,2021-01-18 00:00:00,1,0,2024-07-16 20:59:16,0,2024-07-16 20:59:16,,,
2021-01-18,灵武市,水洗36块,6.00,24.50,0.25,,6800.00,690.00,10.00,出厂价,1742,2021-01-18 00:00:00,1,0,2024-07-16 20:59:16,0,2024-07-16 20:59:16,,,
2021-01-15,灵武市,烟煤末,6.00,27.50,0.25,,5500.00,660.00,10.00,出厂价,1743,2021-01-15 00:00:00,1,0,2024-07-16 20:59:16,0,2024-07-16 20:59:16,,,
2021-01-15,灵武市,水洗36块,6.00,24.50,0.25,,6800.00,680.00,10.00,出厂价,1744,2021-01-15 00:00:00,1,0,2024-07-16 20:59:16,0,2024-07-16 20:59:16,,,
2021-01-14,灵武市,烟煤末,6.00,27.50,0.25,,5500.00,650.00,5.00,出厂价,1745,2021-01-14 00:00:00,1,0,2024-07-16 20:59:16,0,2024-07-16 20:59:16,,,
2021-01-14,灵武市,水洗36块,6.00,24.50,0.25,,6800.00,670.00,10.00,出厂价,1746,2021-01-14 00:00:00,1,0,2024-07-16 20:59:16,0,2024-07-16 20:59:16,,,
2021-01-13,灵武市,烟煤末,6.00,27.50,0.25,,5500.00,645.00,5.00,出厂价,1747,2021-01-13 00:00:00,1,0,2024-07-16 20:59:16,0,2024-07-16 20:59:16,,,
2021-01-13,灵武市,水洗36块,6.00,24.50,0.25,,6800.00,660.00,5.00,出厂价,1748,2021-01-13 00:00:00,1,0,2024-07-16 20:59:16,0,2024-07-16 20:59:16,,,
2021-01-12,灵武市,烟煤末,6.00,27.50,0.25,,5500.00,640.00,10.00,出厂价,1749,2021-01-12 00:00:00,1,0,2024-07-16 20:59:16,0,2024-07-16 20:59:16,,,
2021-01-12,灵武市,水洗36块,6.00,24.50,0.25,,6800.00,655.00,0.00,出厂价,1750,2021-01-12 00:00:00,1,0,2024-07-16 20:59:16,0,2024-07-16 20:59:16,,,
2021-01-11,灵武市,烟煤末,6.00,27.50,0.25,,5500.00,630.00,5.00,出厂价,1751,2021-01-11 00:00:00,1,0,2024-07-16 20:59:16,0,2024-07-16 20:59:16,,,
2021-01-11,灵武市,水洗36块,6.00,24.50,0.25,,6800.00,655.00,5.00,出厂价,1752,2021-01-11 00:00:00,1,0,2024-07-16 20:59:16,0,2024-07-16 20:59:16,,,
2021-01-08,灵武市,烟煤末,6.00,27.50,0.25,,5500.00,625.00,0.00,出厂价,1753,2021-01-08 00:00:00,1,0,2024-07-16 20:59:16,0,2024-07-16 20:59:16,,,
2021-01-08,灵武市,水洗36块,6.00,24.50,0.25,,6800.00,650.00,5.00,出厂价,1754,2021-01-08 00:00:00,1,0,2024-07-16 20:59:16,0,2024-07-16 20:59:16,,,
2021-01-07,灵武市,烟煤末,6.00,27.50,0.25,,5500.00,625.00,5.00,出厂价,1755,2021-01-07 00:00:00,1,0,2024-07-16 20:59:16,0,2024-07-16 20:59:16,,,
2021-01-07,灵武市,水洗36块,6.00,24.50,0.25,,6800.00,645.00,0.00,出厂价,1756,2021-01-07 00:00:00,1,0,2024-07-16 20:59:16,0,2024-07-16 20:59:16,,,
2021-01-06,灵武市,烟煤末,6.00,27.50,0.25,,5500.00,620.00,5.00,出厂价,1757,2021-01-06 00:00:00,1,0,2024-07-16 20:59:16,0,2024-07-16 20:59:16,,,
2021-01-06,灵武市,水洗36块,6.00,24.50,0.25,,6800.00,645.00,10.00,出厂价,1758,2021-01-06 00:00:00,1,0,2024-07-16 20:59:16,0,2024-07-16 20:59:16,,,
2021-01-05,灵武市,烟煤末,6.00,27.50,0.25,,5500.00,615.00,5.00,出厂价,1759,2021-01-05 00:00:00,1,0,2024-07-16 20:59:16,0,2024-07-16 20:59:16,,,
2021-01-05,灵武市,水洗36块,6.00,24.50,0.25,,6800.00,635.00,5.00,出厂价,1760,2021-01-05 00:00:00,1,0,2024-07-16 20:59:16,0,2024-07-16 20:59:16,,,
2021-01-04,灵武市,烟煤末,6.00,27.50,0.25,,5500.00,610.00,5.00,出厂价,1761,2021-01-04 00:00:00,1,0,2024-07-16 20:59:16,0,2024-07-16 20:59:16,,,
2021-01-04,灵武市,水洗36块,6.00,24.50,0.25,,6800.00,630.00,5.00,出厂价,1762,2021-01-04 00:00:00,1,0,2024-07-16 20:59:16,0,2024-07-16 20:59:16,,,
2020-12-31,灵武市,烟煤末,6.00,27.50,0.25,,5500.00,605.00,7.00,出厂价,1763,2020-12-31 00:00:00,1,0,2024-07-16 20:59:16,0,2024-07-16 20:59:16,,,
2020-12-31,灵武市,水洗36块,6.00,24.50,0.25,,6800.00,625.00,5.00,出厂价,1764,2020-12-31 00:00:00,1,0,2024-07-16 20:59:16,0,2024-07-16 20:59:16,,,
2020-12-30,灵武市,烟煤末,6.00,27.50,0.25,,5500.00,598.00,3.00,出厂价,1765,2020-12-30 00:00:00,1,0,2024-07-16 20:59:16,0,2024-07-16 20:59:16,,,
2020-12-30,灵武市,水洗36块,6.00,24.50,0.25,,6800.00,620.00,0.00,出厂价,1766,2020-12-30 00:00:00,1,0,2024-07-16 20:59:16,0,2024-07-16 20:59:16,,,
2020-12-29,灵武市,烟煤末,6.00,27.50,0.25,,5500.00,595.00,5.00,出厂价,1767,2020-12-29 00:00:00,1,0,2024-07-16 20:59:16,0,2024-07-16 20:59:16,,,
2020-12-29,灵武市,水洗36块,6.00,24.50,0.25,,6800.00,620.00,0.00,出厂价,1768,2020-12-29 00:00:00,1,0,2024-07-16 20:59:16,0,2024-07-16 20:59:16,,,
2020-12-28,灵武市,烟煤末,6.00,27.50,0.25,,5500.00,590.00,5.00,出厂价,1769,2020-12-28 00:00:00,1,0,2024-07-16 20:59:16,0,2024-07-16 20:59:16,,,
2020-12-28,灵武市,水洗36块,6.00,24.50,0.25,,6800.00,620.00,0.00,出厂价,1770,2020-12-28 00:00:00,1,0,2024-07-16 20:59:16,0,2024-07-16 20:59:16,,,
2020-12-25,灵武市,烟煤末,6.00,27.50,0.25,,5500.00,585.00,5.00,出厂价,1771,2020-12-25 00:00:00,1,0,2024-07-16 20:59:20,0,2024-07-16 20:59:20,,,
2020-12-25,灵武市,水洗36块,6.00,24.50,0.25,,6800.00,620.00,0.00,出厂价,1772,2020-12-25 00:00:00,1,0,2024-07-16 20:59:20,0,2024-07-16 20:59:20,,,
2020-12-24,灵武市,烟煤末,6.00,27.50,0.25,,5500.00,580.00,5.00,出厂价,1773,2020-12-24 00:00:00,1,0,2024-07-16 20:59:20,0,2024-07-16 20:59:20,,,
2020-12-24,灵武市,水洗36块,6.00,24.50,0.25,,6800.00,620.00,5.00,出厂价,1774,2020-12-24 00:00:00,1,0,2024-07-16 20:59:20,0,2024-07-16 20:59:20,,,
2020-12-23,灵武市,烟煤末,6.00,27.50,0.25,,5500.00,575.00,0.00,出厂价,1775,2020-12-23 00:00:00,1,0,2024-07-16 20:59:20,0,2024-07-16 20:59:20,,,
2020-12-23,灵武市,水洗36块,6.00,24.50,0.25,,6800.00,615.00,0.00,出厂价,1776,2020-12-23 00:00:00,1,0,2024-07-16 20:59:20,0,2024-07-16 20:59:20,,,
2020-12-22,灵武市,烟煤末,6.00,27.50,0.25,,5500.00,575.00,0.00,出厂价,1777,2020-12-22 00:00:00,1,0,2024-07-16 20:59:20,0,2024-07-16 20:59:20,,,
2020-12-22,灵武市,水洗36块,6.00,24.50,0.25,,6800.00,615.00,5.00,出厂价,1778,2020-12-22 00:00:00,1,0,2024-07-16 20:59:20,0,2024-07-16 20:59:20,,,
2020-12-21,灵武市,烟煤末,6.00,27.50,0.25,,5500.00,575.00,5.00,出厂价,1779,2020-12-21 00:00:00,1,0,2024-07-16 20:59:20,0,2024-07-16 20:59:20,,,
2020-12-21,灵武市,水洗36块,6.00,24.50,0.25,,6800.00,610.00,5.00,出厂价,1780,2020-12-21 00:00:00,1,0,2024-07-16 20:59:20,0,2024-07-16 20:59:20,,,
2020-12-18,灵武市,烟煤末,6.00,27.50,0.25,,5500.00,570.00,5.00,出厂价,1781,2020-12-18 00:00:00,1,0,2024-07-16 20:59:20,0,2024-07-16 20:59:20,,,
2020-12-18,灵武市,水洗36块,6.00,24.50,0.25,,6800.00,605.00,0.00,出厂价,1782,2020-12-18 00:00:00,1,0,2024-07-16 20:59:20,0,2024-07-16 20:59:20,,,
2020-12-17,灵武市,烟煤末,6.00,27.50,0.25,,5500.00,565.00,5.00,出厂价,1783,2020-12-17 00:00:00,1,0,2024-07-16 20:59:20,0,2024-07-16 20:59:20,,,
2020-12-17,灵武市,水洗36块,6.00,24.50,0.25,,6800.00,605.00,5.00,出厂价,1784,2020-12-17 00:00:00,1,0,2024-07-16 20:59:20,0,2024-07-16 20:59:20,,,
2020-12-16,灵武市,烟煤末,6.00,27.50,0.25,,5500.00,560.00,5.00,出厂价,1785,2020-12-16 00:00:00,1,0,2024-07-16 20:59:20,0,2024-07-16 20:59:20,,,
2020-12-16,灵武市,水洗36块,6.00,24.50,0.25,,6800.00,600.00,0.00,出厂价,1786,2020-12-16 00:00:00,1,0,2024-07-16 20:59:20,0,2024-07-16 20:59:20,,,
2020-12-15,灵武市,烟煤末,6.00,27.50,0.25,,5500.00,555.00,15.00,出厂价,1787,2020-12-15 00:00:00,1,0,2024-07-16 20:59:20,0,2024-07-16 20:59:20,,,
2020-12-15,灵武市,水洗36块,6.00,24.50,0.25,,6800.00,600.00,10.00,出厂价,1788,2020-12-15 00:00:00,1,0,2024-07-16 20:59:20,0,2024-07-16 20:59:20,,,
2020-12-14,灵武市,烟煤末,6.00,27.50,0.25,,5500.00,540.00,2.00,出厂价,1789,2020-12-14 00:00:00,1,0,2024-07-16 20:59:20,0,2024-07-16 20:59:20,,,
2020-12-14,灵武市,水洗36块,6.00,24.50,0.25,,6800.00,590.00,0.00,出厂价,1790,2020-12-14 00:00:00,1,0,2024-07-16 20:59:20,0,2024-07-16 20:59:20,,,
2020-12-11,灵武市,烟煤末,6.00,27.50,0.25,,5500.00,538.00,3.00,出厂价,1791,2020-12-11 00:00:00,1,0,2024-07-16 20:59:20,0,2024-07-16 20:59:20,,,
2020-12-11,灵武市,水洗36块,6.00,24.50,0.25,,6800.00,590.00,10.00,出厂价,1792,2020-12-11 00:00:00,1,0,2024-07-16 20:59:20,0,2024-07-16 20:59:20,,,
2020-12-10,灵武市,烟煤末,6.00,27.50,0.25,,5500.00,535.00,7.00,出厂价,1793,2020-12-10 00:00:00,1,0,2024-07-16 20:59:20,0,2024-07-16 20:59:20,,,
2020-12-10,灵武市,水洗36块,6.00,24.50,0.25,,6800.00,580.00,0.00,出厂价,1794,2020-12-10 00:00:00,1,0,2024-07-16 20:59:20,0,2024-07-16 20:59:20,,,
2020-12-09,灵武市,烟煤末,6.00,27.50,0.25,,5500.00,528.00,3.00,出厂价,1795,2020-12-09 00:00:00,1,0,2024-07-16 20:59:20,0,2024-07-16 20:59:20,,,
2020-12-09,灵武市,水洗36块,6.00,24.50,0.25,,6800.00,580.00,5.00,出厂价,1796,2020-12-09 00:00:00,1,0,2024-07-16 20:59:20,0,2024-07-16 20:59:20,,,
2020-12-08,灵武市,烟煤末,6.00,27.50,0.25,,5500.00,525.00,5.00,出厂价,1797,2020-12-08 00:00:00,1,0,2024-07-16 20:59:20,0,2024-07-16 20:59:20,,,
2020-12-08,灵武市,水洗36块,6.00,24.50,0.25,,6800.00,575.00,0.00,出厂价,1798,2020-12-08 00:00:00,1,0,2024-07-16 20:59:20,0,2024-07-16 20:59:20,,,
2020-12-07,灵武市,烟煤末,6.00,27.50,0.25,,5500.00,520.00,5.00,出厂价,1799,2020-12-07 00:00:00,1,0,2024-07-16 20:59:20,0,2024-07-16 20:59:20,,,
2020-12-07,灵武市,水洗36块,6.00,24.50,0.25,,6800.00,575.00,5.00,出厂价,1800,2020-12-07 00:00:00,1,0,2024-07-16 20:59:20,0,2024-07-16 20:59:20,,,
2020-12-04,灵武市,烟煤末,6.00,27.50,0.25,,5500.00,515.00,0.00,出厂价,1801,2020-12-04 00:00:00,1,0,2024-07-16 20:59:23,0,2024-07-16 20:59:23,,,
2020-12-04,灵武市,水洗36块,6.00,24.50,0.25,,6800.00,570.00,5.00,出厂价,1802,2020-12-04 00:00:00,1,0,2024-07-16 20:59:23,0,2024-07-16 20:59:23,,,
2020-12-03,灵武市,烟煤末,6.00,27.50,0.25,,5500.00,515.00,5.00,出厂价,1803,2020-12-03 00:00:00,1,0,2024-07-16 20:59:23,0,2024-07-16 20:59:23,,,
2020-12-03,灵武市,水洗36块,6.00,24.50,0.25,,6800.00,565.00,0.00,出厂价,1804,2020-12-03 00:00:00,1,0,2024-07-16 20:59:23,0,2024-07-16 20:59:23,,,
2020-12-02,灵武市,烟煤末,6.00,27.50,0.25,,5500.00,510.00,0.00,出厂价,1805,2020-12-02 00:00:00,1,0,2024-07-16 20:59:23,0,2024-07-16 20:59:23,,,
2020-12-02,灵武市,水洗36块,6.00,24.50,0.25,,6800.00,565.00,0.00,出厂价,1806,2020-12-02 00:00:00,1,0,2024-07-16 20:59:23,0,2024-07-16 20:59:23,,,
2020-12-01,灵武市,烟煤末,6.00,27.50,0.25,,5500.00,510.00,5.00,出厂价,1807,2020-12-01 00:00:00,1,0,2024-07-16 20:59:23,0,2024-07-16 20:59:23,,,
2020-12-01,灵武市,水洗36块,6.00,24.50,0.25,,6800.00,565.00,5.00,出厂价,1808,2020-12-01 00:00:00,1,0,2024-07-16 20:59:23,0,2024-07-16 20:59:23,,,
2020-11-30,灵武市,烟煤末,6.00,27.50,0.25,,5500.00,505.00,5.00,出厂价,1809,2020-11-30 00:00:00,1,0,2024-07-16 20:59:23,0,2024-07-16 20:59:23,,,
2020-11-30,灵武市,水洗36块,6.00,24.50,0.25,,6800.00,560.00,5.00,出厂价,1810,2020-11-30 00:00:00,1,0,2024-07-16 20:59:23,0,2024-07-16 20:59:23,,,
2020-11-27,灵武市,烟煤末,6.00,27.50,0.25,,5500.00,500.00,2.00,出厂价,1811,2020-11-27 00:00:00,1,0,2024-07-16 20:59:23,0,2024-07-16 20:59:23,,,
2020-11-27,灵武市,水洗36块,6.00,24.50,0.25,,6800.00,555.00,0.00,出厂价,1812,2020-11-27 00:00:00,1,0,2024-07-16 20:59:23,0,2024-07-16 20:59:23,,,
2020-11-26,灵武市,烟煤末,6.00,27.50,0.25,,5500.00,498.00,0.00,出厂价,1813,2020-11-26 00:00:00,1,0,2024-07-16 20:59:23,0,2024-07-16 20:59:23,,,
2020-11-26,灵武市,水洗36块,6.00,24.50,0.25,,6800.00,555.00,0.00,出厂价,1814,2020-11-26 00:00:00,1,0,2024-07-16 20:59:23,0,2024-07-16 20:59:23,,,
2020-11-25,灵武市,烟煤末,6.00,27.50,0.25,,5500.00,498.00,0.00,出厂价,1815,2020-11-25 00:00:00,1,0,2024-07-16 20:59:23,0,2024-07-16 20:59:23,,,
2020-11-25,灵武市,水洗36块,6.00,24.50,0.25,,6800.00,555.00,0.00,出厂价,1816,2020-11-25 00:00:00,1,0,2024-07-16 20:59:23,0,2024-07-16 20:59:23,,,
2020-11-24,灵武市,烟煤末,6.00,27.50,0.25,,5500.00,498.00,0.00,出厂价,1817,2020-11-24 00:00:00,1,0,2024-07-16 20:59:23,0,2024-07-16 20:59:23,,,
2020-11-24,灵武市,水洗36块,6.00,24.50,0.25,,6800.00,555.00,0.00,出厂价,1818,2020-11-24 00:00:00,1,0,2024-07-16 20:59:23,0,2024-07-16 20:59:23,,,
2020-11-23,灵武市,烟煤末,6.00,27.50,0.25,,5500.00,498.00,4.00,出厂价,1819,2020-11-23 00:00:00,1,0,2024-07-16 20:59:23,0,2024-07-16 20:59:23,,,
2020-11-23,灵武市,水洗36块,6.00,24.50,0.25,,6800.00,555.00,3.00,出厂价,1820,2020-11-23 00:00:00,1,0,2024-07-16 20:59:23,0,2024-07-16 20:59:23,,,
2020-11-20,灵武市,烟煤末,6.00,27.50,0.25,,5500.00,494.00,0.00,出厂价,1821,2020-11-20 00:00:00,1,0,2024-07-16 20:59:23,0,2024-07-16 20:59:23,,,
2020-11-20,灵武市,水洗36块,6.00,24.50,0.25,,6800.00,552.00,0.00,出厂价,1822,2020-11-20 00:00:00,1,0,2024-07-16 20:59:23,0,2024-07-16 20:59:23,,,
2020-11-19,灵武市,烟煤末,6.00,27.50,0.25,,5500.00,494.00,0.00,出厂价,1823,2020-11-19 00:00:00,1,0,2024-07-16 20:59:23,0,2024-07-16 20:59:23,,,
2020-11-19,灵武市,水洗36块,6.00,24.50,0.25,,6800.00,552.00,0.00,出厂价,1824,2020-11-19 00:00:00,1,0,2024-07-16 20:59:23,0,2024-07-16 20:59:23,,,
2020-11-18,灵武市,烟煤末,6.00,27.50,0.25,,5500.00,494.00,0.00,出厂价,1825,2020-11-18 00:00:00,1,0,2024-07-16 20:59:23,0,2024-07-16 20:59:23,,,
2020-11-18,灵武市,水洗36块,6.00,24.50,0.25,,6800.00,552.00,0.00,出厂价,1826,2020-11-18 00:00:00,1,0,2024-07-16 20:59:23,0,2024-07-16 20:59:23,,,
2020-11-17,灵武市,烟煤末,6.00,27.50,0.25,,5500.00,494.00,0.00,出厂价,1827,2020-11-17 00:00:00,1,0,2024-07-16 20:59:23,0,2024-07-16 20:59:23,,,
2020-11-17,灵武市,水洗36块,6.00,24.50,0.25,,6800.00,552.00,0.00,出厂价,1828,2020-11-17 00:00:00,1,0,2024-07-16 20:59:23,0,2024-07-16 20:59:23,,,
2020-11-16,灵武市,烟煤末,6.00,27.50,0.25,,5500.00,494.00,0.00,出厂价,1829,2020-11-16 00:00:00,1,0,2024-07-16 20:59:23,0,2024-07-16 20:59:23,,,
2020-11-16,灵武市,水洗36块,6.00,24.50,0.25,,6800.00,552.00,0.00,出厂价,1830,2020-11-16 00:00:00,1,0,2024-07-16 20:59:23,0,2024-07-16 20:59:23,,,
2020-11-13,灵武市,烟煤末,6.00,27.50,0.25,,5500.00,494.00,2.00,出厂价,1831,2020-11-13 00:00:00,1,0,2024-07-16 20:59:25,0,2024-07-16 20:59:25,,,
2020-11-13,灵武市,水洗36块,6.00,24.50,0.25,,6800.00,552.00,0.00,出厂价,1832,2020-11-13 00:00:00,1,0,2024-07-16 20:59:25,0,2024-07-16 20:59:25,,,
2020-11-12,灵武市,烟煤末,6.00,27.50,0.25,,5500.00,492.00,0.00,出厂价,1833,2020-11-12 00:00:00,1,0,2024-07-16 20:59:25,0,2024-07-16 20:59:25,,,
2020-11-12,灵武市,水洗36块,6.00,24.50,0.25,,6800.00,552.00,0.00,出厂价,1834,2020-11-12 00:00:00,1,0,2024-07-16 20:59:25,0,2024-07-16 20:59:25,,,
2020-11-11,灵武市,烟煤末,6.00,27.50,0.25,,5500.00,492.00,0.00,出厂价,1835,2020-11-11 00:00:00,1,0,2024-07-16 20:59:25,0,2024-07-16 20:59:25,,,
2020-11-11,灵武市,水洗36块,6.00,24.50,0.25,,6800.00,552.00,0.00,出厂价,1836,2020-11-11 00:00:00,1,0,2024-07-16 20:59:25,0,2024-07-16 20:59:25,,,
2020-11-10,灵武市,烟煤末,6.00,27.50,0.25,,5500.00,492.00,2.00,出厂价,1837,2020-11-10 00:00:00,1,0,2024-07-16 20:59:25,0,2024-07-16 20:59:25,,,
2020-11-10,灵武市,水洗36块,6.00,24.50,0.25,,6800.00,552.00,0.00,出厂价,1838,2020-11-10 00:00:00,1,0,2024-07-16 20:59:25,0,2024-07-16 20:59:25,,,
2020-11-09,灵武市,烟煤末,6.00,27.50,0.25,,5500.00,490.00,-5.00,出厂价,1839,2020-11-09 00:00:00,1,0,2024-07-16 20:59:25,0,2024-07-16 20:59:25,,,
2020-11-09,灵武市,水洗36块,6.00,24.50,0.25,,6800.00,552.00,2.00,出厂价,1840,2020-11-09 00:00:00,1,0,2024-07-16 20:59:25,0,2024-07-16 20:59:25,,,
2020-11-06,灵武市,烟煤末,6.00,27.50,0.25,,5500.00,495.00,0.00,出厂价,1841,2020-11-06 00:00:00,1,0,2024-07-16 20:59:25,0,2024-07-16 20:59:25,,,
2020-11-06,灵武市,水洗36块,6.00,24.50,0.25,,6800.00,550.00,0.00,出厂价,1842,2020-11-06 00:00:00,1,0,2024-07-16 20:59:25,0,2024-07-16 20:59:25,,,
2020-11-05,灵武市,烟煤末,6.00,27.50,0.25,,5500.00,495.00,5.00,出厂价,1843,2020-11-05 00:00:00,1,0,2024-07-16 20:59:25,0,2024-07-16 20:59:25,,,
2020-11-05,灵武市,水洗36块,6.00,24.50,0.25,,6800.00,550.00,10.00,出厂价,1844,2020-11-05 00:00:00,1,0,2024-07-16 20:59:25,0,2024-07-16 20:59:25,,,
2020-11-04,灵武市,烟煤末,6.00,27.50,0.25,,5500.00,490.00,0.00,出厂价,1845,2020-11-04 00:00:00,1,0,2024-07-16 20:59:25,0,2024-07-16 20:59:25,,,
2020-11-04,灵武市,水洗36块,6.00,24.50,0.25,,6800.00,540.00,0.00,出厂价,1846,2020-11-04 00:00:00,1,0,2024-07-16 20:59:25,0,2024-07-16 20:59:25,,,
2020-11-03,灵武市,烟煤末,6.00,27.50,0.25,,5500.00,490.00,0.00,出厂价,1847,2020-11-03 00:00:00,1,0,2024-07-16 20:59:25,0,2024-07-16 20:59:25,,,
2020-11-03,灵武市,水洗36块,6.00,24.50,0.25,,6800.00,540.00,0.00,出厂价,1848,2020-11-03 00:00:00,1,0,2024-07-16 20:59:25,0,2024-07-16 20:59:25,,,
2020-11-02,灵武市,烟煤末,6.00,27.50,0.25,,5500.00,490.00,0.00,出厂价,1849,2020-11-02 00:00:00,1,0,2024-07-16 20:59:25,0,2024-07-16 20:59:25,,,
2020-11-02,灵武市,水洗36块,6.00,24.50,0.25,,6800.00,540.00,0.00,出厂价,1850,2020-11-02 00:00:00,1,0,2024-07-16 20:59:25,0,2024-07-16 20:59:25,,,
2020-10-30,灵武市,烟煤末,6.00,27.50,0.25,,5500.00,490.00,-5.00,出厂价,1851,2020-10-30 00:00:00,1,0,2024-07-16 20:59:25,0,2024-07-16 20:59:25,,,
2020-10-30,灵武市,水洗36块,6.00,24.50,0.25,,6800.00,540.00,0.00,出厂价,1852,2020-10-30 00:00:00,1,0,2024-07-16 20:59:25,0,2024-07-16 20:59:25,,,
2020-10-29,灵武市,烟煤末,6.00,27.50,0.25,,5500.00,495.00,0.00,出厂价,1853,2020-10-29 00:00:00,1,0,2024-07-16 20:59:25,0,2024-07-16 20:59:25,,,
2020-10-29,灵武市,水洗36块,6.00,24.50,0.25,,6800.00,540.00,0.00,出厂价,1854,2020-10-29 00:00:00,1,0,2024-07-16 20:59:25,0,2024-07-16 20:59:25,,,
2020-10-28,灵武市,烟煤末,6.00,27.50,0.25,,5500.00,495.00,0.00,出厂价,1855,2020-10-28 00:00:00,1,0,2024-07-16 20:59:25,0,2024-07-16 20:59:25,,,
2020-10-28,灵武市,水洗36块,6.00,24.50,0.25,,6800.00,540.00,0.00,出厂价,1856,2020-10-28 00:00:00,1,0,2024-07-16 20:59:25,0,2024-07-16 20:59:25,,,
2020-10-27,灵武市,烟煤末,6.00,27.50,0.25,,5500.00,495.00,0.00,出厂价,1857,2020-10-27 00:00:00,1,0,2024-07-16 20:59:25,0,2024-07-16 20:59:25,,,
2020-10-27,灵武市,水洗36块,6.00,24.50,0.25,,6800.00,540.00,0.00,出厂价,1858,2020-10-27 00:00:00,1,0,2024-07-16 20:59:25,0,2024-07-16 20:59:25,,,
2020-10-26,灵武市,烟煤末,6.00,27.50,0.25,,5500.00,495.00,0.00,出厂价,1859,2020-10-26 00:00:00,1,0,2024-07-16 20:59:25,0,2024-07-16 20:59:25,,,
2020-10-26,灵武市,水洗36块,6.00,24.50,0.25,,6800.00,540.00,0.00,出厂价,1860,2020-10-26 00:00:00,1,0,2024-07-16 20:59:25,0,2024-07-16 20:59:25,,,
2020-10-23,灵武市,烟煤末,6.00,27.50,0.25,,5500.00,495.00,0.00,出厂价,1861,2020-10-23 00:00:00,1,0,2024-07-16 20:59:28,0,2024-07-16 20:59:28,,,
2020-10-23,灵武市,水洗36块,6.00,24.50,0.25,,6800.00,540.00,0.00,出厂价,1862,2020-10-23 00:00:00,1,0,2024-07-16 20:59:28,0,2024-07-16 20:59:28,,,
2020-10-22,灵武市,烟煤末,6.00,27.50,0.25,,5500.00,495.00,0.00,出厂价,1863,2020-10-22 00:00:00,1,0,2024-07-16 20:59:28,0,2024-07-16 20:59:28,,,
2020-10-22,灵武市,水洗36块,6.00,24.50,0.25,,6800.00,540.00,0.00,出厂价,1864,2020-10-22 00:00:00,1,0,2024-07-16 20:59:28,0,2024-07-16 20:59:28,,,
2020-10-21,灵武市,烟煤末,6.00,27.50,0.25,,5500.00,495.00,0.00,出厂价,1865,2020-10-21 00:00:00,1,0,2024-07-16 20:59:28,0,2024-07-16 20:59:28,,,
2020-10-21,灵武市,水洗36块,6.00,24.50,0.25,,6800.00,540.00,0.00,出厂价,1866,2020-10-21 00:00:00,1,0,2024-07-16 20:59:28,0,2024-07-16 20:59:28,,,
2020-10-20,灵武市,烟煤末,6.00,27.50,0.25,,5500.00,495.00,0.00,出厂价,1867,2020-10-20 00:00:00,1,0,2024-07-16 20:59:28,0,2024-07-16 20:59:28,,,
2020-10-20,灵武市,水洗36块,6.00,24.50,0.25,,6800.00,540.00,0.00,出厂价,1868,2020-10-20 00:00:00,1,0,2024-07-16 20:59:28,0,2024-07-16 20:59:28,,,
2020-10-19,灵武市,烟煤末,6.00,27.50,0.25,,5500.00,495.00,0.00,出厂价,1869,2020-10-19 00:00:00,1,0,2024-07-16 20:59:28,0,2024-07-16 20:59:28,,,
2020-10-19,灵武市,水洗36块,6.00,24.50,0.25,,6800.00,540.00,0.00,出厂价,1870,2020-10-19 00:00:00,1,0,2024-07-16 20:59:28,0,2024-07-16 20:59:28,,,
2020-10-16,灵武市,烟煤末,6.00,27.50,0.25,,5500.00,495.00,0.00,出厂价,1871,2020-10-16 00:00:00,1,0,2024-07-16 20:59:28,0,2024-07-16 20:59:28,,,
2020-10-16,灵武市,水洗36块,6.00,24.50,0.25,,6800.00,540.00,0.00,出厂价,1872,2020-10-16 00:00:00,1,0,2024-07-16 20:59:28,0,2024-07-16 20:59:28,,,
2020-10-15,灵武市,烟煤末,6.00,27.50,0.25,,5500.00,495.00,0.00,出厂价,1873,2020-10-15 00:00:00,1,0,2024-07-16 20:59:28,0,2024-07-16 20:59:28,,,
2020-10-15,灵武市,水洗36块,6.00,24.50,0.25,,6800.00,540.00,0.00,出厂价,1874,2020-10-15 00:00:00,1,0,2024-07-16 20:59:28,0,2024-07-16 20:59:28,,,
2020-10-14,灵武市,烟煤末,6.00,27.50,0.25,,5500.00,495.00,0.00,出厂价,1875,2020-10-14 00:00:00,1,0,2024-07-16 20:59:28,0,2024-07-16 20:59:28,,,
2020-10-14,灵武市,水洗36块,6.00,24.50,0.25,,6800.00,540.00,0.00,出厂价,1876,2020-10-14 00:00:00,1,0,2024-07-16 20:59:28,0,2024-07-16 20:59:28,,,
2020-10-13,灵武市,烟煤末,6.00,27.50,0.25,,5500.00,495.00,0.00,出厂价,1877,2020-10-13 00:00:00,1,0,2024-07-16 20:59:28,0,2024-07-16 20:59:28,,,
2020-10-13,灵武市,水洗36块,6.00,24.50,0.25,,6800.00,540.00,0.00,出厂价,1878,2020-10-13 00:00:00,1,0,2024-07-16 20:59:28,0,2024-07-16 20:59:28,,,
2020-10-12,灵武市,烟煤末,6.00,27.50,0.25,,5500.00,495.00,0.00,出厂价,1879,2020-10-12 00:00:00,1,0,2024-07-16 20:59:28,0,2024-07-16 20:59:28,,,
2020-10-12,灵武市,水洗36块,6.00,24.50,0.25,,6800.00,540.00,0.00,出厂价,1880,2020-10-12 00:00:00,1,0,2024-07-16 20:59:28,0,2024-07-16 20:59:28,,,
2020-10-10,灵武市,烟煤末,6.00,27.50,0.25,,5500.00,495.00,0.00,出厂价,1881,2020-10-10 00:00:00,1,0,2024-07-16 20:59:28,0,2024-07-16 20:59:28,,,
2020-10-10,灵武市,水洗36块,6.00,24.50,0.25,,6800.00,540.00,0.00,出厂价,1882,2020-10-10 00:00:00,1,0,2024-07-16 20:59:28,0,2024-07-16 20:59:28,,,
2020-10-09,灵武市,烟煤末,6.00,27.50,0.25,,5500.00,495.00,5.00,出厂价,1883,2020-10-09 00:00:00,1,0,2024-07-16 20:59:28,0,2024-07-16 20:59:28,,,
2020-10-09,灵武市,水洗36块,6.00,24.50,0.25,,6800.00,540.00,10.00,出厂价,1884,2020-10-09 00:00:00,1,0,2024-07-16 20:59:28,0,2024-07-16 20:59:28,,,
2020-09-30,灵武市,烟煤末,6.00,27.50,0.25,,5500.00,490.00,5.00,出厂价,1885,2020-09-30 00:00:00,1,0,2024-07-16 20:59:28,0,2024-07-16 20:59:28,,,
2020-09-30,灵武市,水洗36块,6.00,24.50,0.25,,6800.00,530.00,10.00,出厂价,1886,2020-09-30 00:00:00,1,0,2024-07-16 20:59:28,0,2024-07-16 20:59:28,,,
2020-09-29,灵武市,烟煤末,6.00,27.50,0.25,,5500.00,485.00,5.00,出厂价,1887,2020-09-29 00:00:00,1,0,2024-07-16 20:59:28,0,2024-07-16 20:59:28,,,
2020-09-29,灵武市,水洗36块,6.00,24.50,0.25,,6800.00,520.00,5.00,出厂价,1888,2020-09-29 00:00:00,1,0,2024-07-16 20:59:28,0,2024-07-16 20:59:28,,,
2020-09-28,灵武市,烟煤末,6.00,27.50,0.25,,5500.00,480.00,0.00,出厂价,1889,2020-09-28 00:00:00,1,0,2024-07-16 20:59:28,0,2024-07-16 20:59:28,,,
2020-09-28,灵武市,水洗36块,6.00,24.50,0.25,,6800.00,515.00,0.00,出厂价,1890,2020-09-28 00:00:00,1,0,2024-07-16 20:59:28,0,2024-07-16 20:59:28,,,
2020-09-27,灵武市,烟煤末,6.00,27.50,0.25,,5500.00,480.00,0.00,出厂价,1891,2020-09-27 00:00:00,1,0,2024-07-16 20:59:32,0,2024-07-16 20:59:32,,,
2020-09-27,灵武市,水洗36块,6.00,24.50,0.25,,6800.00,515.00,0.00,出厂价,1892,2020-09-27 00:00:00,1,0,2024-07-16 20:59:32,0,2024-07-16 20:59:32,,,
2020-09-25,灵武市,烟煤末,6.00,27.50,0.25,,5500.00,480.00,5.00,出厂价,1893,2020-09-25 00:00:00,1,0,2024-07-16 20:59:32,0,2024-07-16 20:59:32,,,
2020-09-25,灵武市,水洗36块,6.00,24.50,0.25,,6800.00,515.00,10.00,出厂价,1894,2020-09-25 00:00:00,1,0,2024-07-16 20:59:32,0,2024-07-16 20:59:32,,,
2020-09-24,灵武市,烟煤末,6.00,27.50,0.25,,5500.00,475.00,5.00,出厂价,1895,2020-09-24 00:00:00,1,0,2024-07-16 20:59:32,0,2024-07-16 20:59:32,,,
2020-09-24,灵武市,水洗36块,6.00,24.50,0.25,,6800.00,505.00,10.00,出厂价,1896,2020-09-24 00:00:00,1,0,2024-07-16 20:59:32,0,2024-07-16 20:59:32,,,
2020-09-23,灵武市,烟煤末,6.00,27.50,0.25,,5500.00,470.00,5.00,出厂价,1897,2020-09-23 00:00:00,1,0,2024-07-16 20:59:32,0,2024-07-16 20:59:32,,,
2020-09-23,灵武市,水洗36块,6.00,24.50,0.25,,6800.00,495.00,0.00,出厂价,1898,2020-09-23 00:00:00,1,0,2024-07-16 20:59:32,0,2024-07-16 20:59:32,,,
2020-09-22,灵武市,烟煤末,6.00,27.50,0.25,,5500.00,465.00,0.00,出厂价,1899,2020-09-22 00:00:00,1,0,2024-07-16 20:59:32,0,2024-07-16 20:59:32,,,
2020-09-22,灵武市,水洗36块,6.00,24.50,0.25,,6800.00,495.00,0.00,出厂价,1900,2020-09-22 00:00:00,1,0,2024-07-16 20:59:32,0,2024-07-16 20:59:32,,,
2020-09-21,灵武市,烟煤末,6.00,27.50,0.25,,5500.00,465.00,5.00,出厂价,1901,2020-09-21 00:00:00,1,0,2024-07-16 20:59:32,0,2024-07-16 20:59:32,,,
2020-09-21,灵武市,水洗36块,6.00,24.50,0.25,,6800.00,495.00,0.00,出厂价,1902,2020-09-21 00:00:00,1,0,2024-07-16 20:59:32,0,2024-07-16 20:59:32,,,
2020-09-18,灵武市,烟煤末,6.00,27.50,0.25,,5500.00,460.00,0.00,出厂价,1903,2020-09-18 00:00:00,1,0,2024-07-16 20:59:32,0,2024-07-16 20:59:32,,,
2020-09-18,灵武市,水洗36块,6.00,24.50,0.25,,6800.00,495.00,0.00,出厂价,1904,2020-09-18 00:00:00,1,0,2024-07-16 20:59:32,0,2024-07-16 20:59:32,,,
2020-09-17,灵武市,烟煤末,6.00,27.50,0.25,,5500.00,460.00,0.00,出厂价,1905,2020-09-17 00:00:00,1,0,2024-07-16 20:59:32,0,2024-07-16 20:59:32,,,
2020-09-17,灵武市,水洗36块,6.00,24.50,0.25,,6800.00,495.00,0.00,出厂价,1906,2020-09-17 00:00:00,1,0,2024-07-16 20:59:32,0,2024-07-16 20:59:32,,,
2020-09-16,灵武市,烟煤末,6.00,27.50,0.25,,5500.00,460.00,10.00,出厂价,1907,2020-09-16 00:00:00,1,0,2024-07-16 20:59:32,0,2024-07-16 20:59:32,,,
2020-09-16,灵武市,水洗36块,6.00,24.50,0.25,,6800.00,495.00,15.00,出厂价,1908,2020-09-16 00:00:00,1,0,2024-07-16 20:59:32,0,2024-07-16 20:59:32,,,
2020-09-15,灵武市,烟煤末,6.00,27.50,0.25,,5500.00,450.00,0.00,出厂价,1909,2020-09-15 00:00:00,1,0,2024-07-16 20:59:32,0,2024-07-16 20:59:32,,,
2020-09-15,灵武市,水洗36块,6.00,24.50,0.25,,6800.00,480.00,0.00,出厂价,1910,2020-09-15 00:00:00,1,0,2024-07-16 20:59:32,0,2024-07-16 20:59:32,,,
2020-09-14,灵武市,烟煤末,6.00,27.50,0.25,,5500.00,450.00,0.00,出厂价,1911,2020-09-14 00:00:00,1,0,2024-07-16 20:59:32,0,2024-07-16 20:59:32,,,
2020-09-14,灵武市,水洗36块,6.00,24.50,0.25,,6800.00,480.00,0.00,出厂价,1912,2020-09-14 00:00:00,1,0,2024-07-16 20:59:32,0,2024-07-16 20:59:32,,,
2020-09-11,灵武市,烟煤末,6.00,27.50,0.25,,5500.00,450.00,0.00,出厂价,1913,2020-09-11 00:00:00,1,0,2024-07-16 20:59:32,0,2024-07-16 20:59:32,,,
2020-09-11,灵武市,水洗36块,6.00,24.50,0.25,,6800.00,480.00,0.00,出厂价,1914,2020-09-11 00:00:00,1,0,2024-07-16 20:59:32,0,2024-07-16 20:59:32,,,
2020-09-10,灵武市,烟煤末,6.00,27.50,0.25,,5500.00,450.00,0.00,出厂价,1915,2020-09-10 00:00:00,1,0,2024-07-16 20:59:32,0,2024-07-16 20:59:32,,,
2020-09-10,灵武市,水洗36块,6.00,24.50,0.25,,6800.00,480.00,0.00,出厂价,1916,2020-09-10 00:00:00,1,0,2024-07-16 20:59:32,0,2024-07-16 20:59:32,,,
2020-09-09,灵武市,烟煤末,6.00,27.50,0.25,,5500.00,450.00,0.00,出厂价,1917,2020-09-09 00:00:00,1,0,2024-07-16 20:59:32,0,2024-07-16 20:59:32,,,
2020-09-09,灵武市,水洗36块,6.00,24.50,0.25,,6800.00,480.00,0.00,出厂价,1918,2020-09-09 00:00:00,1,0,2024-07-16 20:59:32,0,2024-07-16 20:59:32,,,
2020-09-08,灵武市,烟煤末,6.00,27.50,0.25,,5500.00,450.00,0.00,出厂价,1919,2020-09-08 00:00:00,1,0,2024-07-16 20:59:32,0,2024-07-16 20:59:32,,,
2020-09-08,灵武市,水洗36块,6.00,24.50,0.25,,6800.00,480.00,5.00,出厂价,1920,2020-09-08 00:00:00,1,0,2024-07-16 20:59:32,0,2024-07-16 20:59:32,,,
2020-09-07,灵武市,烟煤末,6.00,27.50,0.25,,5500.00,450.00,0.00,出厂价,1921,2020-09-07 00:00:00,1,0,2024-07-16 20:59:35,0,2024-07-16 20:59:35,,,
2020-09-07,灵武市,水洗36块,6.00,24.50,0.25,,6800.00,475.00,5.00,出厂价,1922,2020-09-07 00:00:00,1,0,2024-07-16 20:59:35,0,2024-07-16 20:59:35,,,
2020-09-04,灵武市,烟煤末,6.00,27.50,0.25,,5500.00,450.00,0.00,出厂价,1923,2020-09-04 00:00:00,1,0,2024-07-16 20:59:35,0,2024-07-16 20:59:35,,,
2020-09-04,灵武市,水洗36块,6.00,24.50,0.25,,6800.00,470.00,0.00,出厂价,1924,2020-09-04 00:00:00,1,0,2024-07-16 20:59:35,0,2024-07-16 20:59:35,,,
2020-09-03,灵武市,烟煤末,6.00,27.50,0.25,,5500.00,450.00,0.00,出厂价,1925,2020-09-03 00:00:00,1,0,2024-07-16 20:59:35,0,2024-07-16 20:59:35,,,
2020-09-03,灵武市,水洗36块,6.00,24.50,0.25,,6800.00,470.00,0.00,出厂价,1926,2020-09-03 00:00:00,1,0,2024-07-16 20:59:35,0,2024-07-16 20:59:35,,,
2020-09-02,灵武市,烟煤末,6.00,27.50,0.25,,5500.00,450.00,0.00,出厂价,1927,2020-09-02 00:00:00,1,0,2024-07-16 20:59:35,0,2024-07-16 20:59:35,,,
2020-09-02,灵武市,水洗36块,6.00,24.50,0.25,,6800.00,470.00,0.00,出厂价,1928,2020-09-02 00:00:00,1,0,2024-07-16 20:59:35,0,2024-07-16 20:59:35,,,
2020-09-01,灵武市,烟煤末,6.00,27.50,0.25,,5500.00,450.00,0.00,出厂价,1929,2020-09-01 00:00:00,1,0,2024-07-16 20:59:35,0,2024-07-16 20:59:35,,,
2020-09-01,灵武市,水洗36块,6.00,24.50,0.25,,6800.00,470.00,0.00,出厂价,1930,2020-09-01 00:00:00,1,0,2024-07-16 20:59:35,0,2024-07-16 20:59:35,,,
2020-08-31,灵武市,烟煤末,6.00,27.50,0.25,,5500.00,450.00,0.00,出厂价,1931,2020-08-31 00:00:00,1,0,2024-07-16 20:59:35,0,2024-07-16 20:59:35,,,
2020-08-31,灵武市,水洗36块,6.00,24.50,0.25,,6800.00,470.00,0.00,出厂价,1932,2020-08-31 00:00:00,1,0,2024-07-16 20:59:35,0,2024-07-16 20:59:35,,,
2020-08-28,灵武市,烟煤末,6.00,27.50,0.25,,5500.00,450.00,0.00,出厂价,1933,2020-08-28 00:00:00,1,0,2024-07-16 20:59:35,0,2024-07-16 20:59:35,,,
2020-08-28,灵武市,水洗36块,6.00,24.50,0.25,,6800.00,470.00,0.00,出厂价,1934,2020-08-28 00:00:00,1,0,2024-07-16 20:59:35,0,2024-07-16 20:59:35,,,
2020-08-27,灵武市,烟煤末,6.00,27.50,0.25,,5500.00,450.00,0.00,出厂价,1935,2020-08-27 00:00:00,1,0,2024-07-16 20:59:35,0,2024-07-16 20:59:35,,,
2020-08-27,灵武市,水洗36块,6.00,24.50,0.25,,6800.00,470.00,0.00,出厂价,1936,2020-08-27 00:00:00,1,0,2024-07-16 20:59:35,0,2024-07-16 20:59:35,,,
2020-08-26,灵武市,烟煤末,6.00,27.50,0.25,,5500.00,450.00,0.00,出厂价,1937,2020-08-26 00:00:00,1,0,2024-07-16 20:59:35,0,2024-07-16 20:59:35,,,
2020-08-26,灵武市,水洗36块,6.00,24.50,0.25,,6800.00,470.00,0.00,出厂价,1938,2020-08-26 00:00:00,1,0,2024-07-16 20:59:35,0,2024-07-16 20:59:35,,,
2020-08-25,灵武市,烟煤末,6.00,27.50,0.25,,5500.00,450.00,0.00,出厂价,1939,2020-08-25 00:00:00,1,0,2024-07-16 20:59:35,0,2024-07-16 20:59:35,,,
2020-08-25,灵武市,水洗36块,6.00,24.50,0.25,,6800.00,470.00,0.00,出厂价,1940,2020-08-25 00:00:00,1,0,2024-07-16 20:59:35,0,2024-07-16 20:59:35,,,
2020-08-24,灵武市,烟煤末,6.00,27.50,0.25,,5500.00,450.00,0.00,出厂价,1941,2020-08-24 00:00:00,1,0,2024-07-16 20:59:35,0,2024-07-16 20:59:35,,,
2020-08-24,灵武市,水洗36块,6.00,24.50,0.25,,6800.00,470.00,0.00,出厂价,1942,2020-08-24 00:00:00,1,0,2024-07-16 20:59:35,0,2024-07-16 20:59:35,,,
2020-08-21,灵武市,烟煤末,6.00,27.50,0.25,,5500.00,450.00,0.00,出厂价,1943,2020-08-21 00:00:00,1,0,2024-07-16 20:59:35,0,2024-07-16 20:59:35,,,
2020-08-21,灵武市,水洗36块,6.00,24.50,0.25,,6800.00,470.00,0.00,出厂价,1944,2020-08-21 00:00:00,1,0,2024-07-16 20:59:35,0,2024-07-16 20:59:35,,,
2020-08-20,灵武市,烟煤末,6.00,27.50,0.25,,5500.00,450.00,0.00,出厂价,1945,2020-08-20 00:00:00,1,0,2024-07-16 20:59:35,0,2024-07-16 20:59:35,,,
2020-08-20,灵武市,水洗36块,6.00,24.50,0.25,,6800.00,470.00,0.00,出厂价,1946,2020-08-20 00:00:00,1,0,2024-07-16 20:59:35,0,2024-07-16 20:59:35,,,
2020-08-19,灵武市,烟煤末,6.00,27.50,0.25,,5500.00,450.00,0.00,出厂价,1947,2020-08-19 00:00:00,1,0,2024-07-16 20:59:35,0,2024-07-16 20:59:35,,,
2020-08-19,灵武市,水洗36块,6.00,24.50,0.25,,6800.00,470.00,0.00,出厂价,1948,2020-08-19 00:00:00,1,0,2024-07-16 20:59:35,0,2024-07-16 20:59:35,,,
2020-08-18,灵武市,烟煤末,6.00,27.50,0.25,,5500.00,450.00,0.00,出厂价,1949,2020-08-18 00:00:00,1,0,2024-07-16 20:59:35,0,2024-07-16 20:59:35,,,
2020-08-18,灵武市,水洗36块,6.00,24.50,0.25,,6800.00,470.00,0.00,出厂价,1950,2020-08-18 00:00:00,1,0,2024-07-16 20:59:35,0,2024-07-16 20:59:35,,,
2020-08-17,灵武市,烟煤末,6.00,27.50,0.25,,5500.00,450.00,0.00,出厂价,1951,2020-08-17 00:00:00,1,0,2024-07-16 20:59:37,0,2024-07-16 20:59:37,,,
2020-08-17,灵武市,水洗36块,6.00,24.50,0.25,,6800.00,470.00,0.00,出厂价,1952,2020-08-17 00:00:00,1,0,2024-07-16 20:59:37,0,2024-07-16 20:59:37,,,
2020-08-14,灵武市,烟煤末,6.00,27.50,0.25,,5500.00,450.00,0.00,出厂价,1953,2020-08-14 00:00:00,1,0,2024-07-16 20:59:37,0,2024-07-16 20:59:37,,,
2020-08-14,灵武市,水洗36块,6.00,24.50,0.25,,6800.00,470.00,0.00,出厂价,1954,2020-08-14 00:00:00,1,0,2024-07-16 20:59:37,0,2024-07-16 20:59:37,,,
2020-08-13,灵武市,烟煤末,6.00,27.50,0.25,,5500.00,450.00,0.00,出厂价,1955,2020-08-13 00:00:00,1,0,2024-07-16 20:59:37,0,2024-07-16 20:59:37,,,
2020-08-13,灵武市,水洗36块,6.00,24.50,0.25,,6800.00,470.00,0.00,出厂价,1956,2020-08-13 00:00:00,1,0,2024-07-16 20:59:37,0,2024-07-16 20:59:37,,,
2020-08-12,灵武市,烟煤末,6.00,27.50,0.25,,5500.00,450.00,0.00,出厂价,1957,2020-08-12 00:00:00,1,0,2024-07-16 20:59:37,0,2024-07-16 20:59:37,,,
2020-08-12,灵武市,水洗36块,6.00,24.50,0.25,,6800.00,470.00,0.00,出厂价,1958,2020-08-12 00:00:00,1,0,2024-07-16 20:59:37,0,2024-07-16 20:59:37,,,
2020-08-11,灵武市,烟煤末,6.00,27.50,0.25,,5500.00,450.00,0.00,出厂价,1959,2020-08-11 00:00:00,1,0,2024-07-16 20:59:37,0,2024-07-16 20:59:37,,,
2020-08-11,灵武市,水洗36块,6.00,24.50,0.25,,6800.00,470.00,0.00,出厂价,1960,2020-08-11 00:00:00,1,0,2024-07-16 20:59:37,0,2024-07-16 20:59:37,,,
2020-08-10,灵武市,烟煤末,6.00,27.50,0.25,,5500.00,450.00,0.00,出厂价,1961,2020-08-10 00:00:00,1,0,2024-07-16 20:59:37,0,2024-07-16 20:59:37,,,
2020-08-10,灵武市,水洗36块,6.00,24.50,0.25,,6800.00,470.00,0.00,出厂价,1962,2020-08-10 00:00:00,1,0,2024-07-16 20:59:37,0,2024-07-16 20:59:37,,,
2020-08-07,灵武市,烟煤末,6.00,27.50,0.25,,5500.00,450.00,0.00,出厂价,1963,2020-08-07 00:00:00,1,0,2024-07-16 20:59:37,0,2024-07-16 20:59:37,,,
2020-08-07,灵武市,水洗36块,6.00,24.50,0.25,,6800.00,470.00,0.00,出厂价,1964,2020-08-07 00:00:00,1,0,2024-07-16 20:59:37,0,2024-07-16 20:59:37,,,
2020-08-06,灵武市,烟煤末,6.00,27.50,0.25,,5500.00,450.00,0.00,出厂价,1965,2020-08-06 00:00:00,1,0,2024-07-16 20:59:37,0,2024-07-16 20:59:37,,,
2020-08-06,灵武市,水洗36块,6.00,24.50,0.25,,6800.00,470.00,0.00,出厂价,1966,2020-08-06 00:00:00,1,0,2024-07-16 20:59:37,0,2024-07-16 20:59:37,,,
2020-08-05,灵武市,烟煤末,6.00,27.50,0.25,,5500.00,450.00,0.00,出厂价,1967,2020-08-05 00:00:00,1,0,2024-07-16 20:59:37,0,2024-07-16 20:59:37,,,
2020-08-05,灵武市,水洗36块,6.00,24.50,0.25,,6800.00,470.00,0.00,出厂价,1968,2020-08-05 00:00:00,1,0,2024-07-16 20:59:37,0,2024-07-16 20:59:37,,,
2020-08-04,灵武市,烟煤末,6.00,27.50,0.25,,5500.00,450.00,0.00,出厂价,1969,2020-08-04 00:00:00,1,0,2024-07-16 20:59:37,0,2024-07-16 20:59:37,,,
2020-08-04,灵武市,水洗36块,6.00,24.50,0.25,,6800.00,470.00,0.00,出厂价,1970,2020-08-04 00:00:00,1,0,2024-07-16 20:59:37,0,2024-07-16 20:59:37,,,
2020-08-03,灵武市,烟煤末,6.00,27.50,0.25,,5500.00,450.00,0.00,出厂价,1971,2020-08-03 00:00:00,1,0,2024-07-16 20:59:37,0,2024-07-16 20:59:37,,,
2020-08-03,灵武市,水洗36块,6.00,24.50,0.25,,6800.00,470.00,0.00,出厂价,1972,2020-08-03 00:00:00,1,0,2024-07-16 20:59:37,0,2024-07-16 20:59:37,,,
2020-07-31,灵武市,烟煤末,6.00,27.50,0.25,,5500.00,450.00,0.00,出厂价,1973,2020-07-31 00:00:00,1,0,2024-07-16 20:59:37,0,2024-07-16 20:59:37,,,
2020-07-31,灵武市,水洗36块,6.00,24.50,0.25,,6800.00,470.00,0.00,出厂价,1974,2020-07-31 00:00:00,1,0,2024-07-16 20:59:37,0,2024-07-16 20:59:37,,,
2020-07-30,灵武市,烟煤末,6.00,27.50,0.25,,5500.00,450.00,0.00,出厂价,1975,2020-07-30 00:00:00,1,0,2024-07-16 20:59:37,0,2024-07-16 20:59:37,,,
2020-07-30,灵武市,水洗36块,6.00,24.50,0.25,,6800.00,470.00,0.00,出厂价,1976,2020-07-30 00:00:00,1,0,2024-07-16 20:59:37,0,2024-07-16 20:59:37,,,
2020-07-29,灵武市,烟煤末,6.00,27.50,0.25,,5500.00,450.00,0.00,出厂价,1977,2020-07-29 00:00:00,1,0,2024-07-16 20:59:37,0,2024-07-16 20:59:37,,,
2020-07-29,灵武市,水洗36块,6.00,24.50,0.25,,6800.00,470.00,0.00,出厂价,1978,2020-07-29 00:00:00,1,0,2024-07-16 20:59:37,0,2024-07-16 20:59:37,,,
2020-07-28,灵武市,烟煤末,6.00,27.50,0.25,,5500.00,450.00,0.00,出厂价,1979,2020-07-28 00:00:00,1,0,2024-07-16 20:59:37,0,2024-07-16 20:59:37,,,
2020-07-28,灵武市,水洗36块,6.00,24.50,0.25,,6800.00,470.00,0.00,出厂价,1980,2020-07-28 00:00:00,1,0,2024-07-16 20:59:37,0,2024-07-16 20:59:37,,,
2020-07-27,灵武市,烟煤末,6.00,27.50,0.25,,5500.00,450.00,-5.00,出厂价,1981,2020-07-27 00:00:00,1,0,2024-07-16 20:59:40,0,2024-07-16 20:59:40,,,
2020-07-27,灵武市,水洗36块,6.00,24.50,0.25,,6800.00,470.00,0.00,出厂价,1982,2020-07-27 00:00:00,1,0,2024-07-16 20:59:40,0,2024-07-16 20:59:40,,,
2020-07-24,灵武市,烟煤末,6.00,27.50,0.25,,5500.00,455.00,0.00,出厂价,1983,2020-07-24 00:00:00,1,0,2024-07-16 20:59:40,0,2024-07-16 20:59:40,,,
2020-07-24,灵武市,水洗36块,6.00,24.50,0.25,,6800.00,470.00,0.00,出厂价,1984,2020-07-24 00:00:00,1,0,2024-07-16 20:59:40,0,2024-07-16 20:59:40,,,
2020-07-23,灵武市,烟煤末,6.00,27.50,0.25,,5500.00,455.00,-5.00,出厂价,1985,2020-07-23 00:00:00,1,0,2024-07-16 20:59:40,0,2024-07-16 20:59:40,,,
2020-07-23,灵武市,水洗36块,6.00,24.50,0.25,,6800.00,470.00,-5.00,出厂价,1986,2020-07-23 00:00:00,1,0,2024-07-16 20:59:40,0,2024-07-16 20:59:40,,,
2020-07-22,灵武市,烟煤末,6.00,27.50,0.25,,5500.00,460.00,0.00,出厂价,1987,2020-07-22 00:00:00,1,0,2024-07-16 20:59:40,0,2024-07-16 20:59:40,,,
2020-07-22,灵武市,水洗36块,6.00,24.50,0.25,,6800.00,475.00,0.00,出厂价,1988,2020-07-22 00:00:00,1,0,2024-07-16 20:59:40,0,2024-07-16 20:59:40,,,
2020-07-21,灵武市,烟煤末,6.00,27.50,0.25,,5500.00,460.00,0.00,出厂价,1989,2020-07-21 00:00:00,1,0,2024-07-16 20:59:40,0,2024-07-16 20:59:40,,,
2020-07-21,灵武市,水洗36块,6.00,24.50,0.25,,6800.00,475.00,0.00,出厂价,1990,2020-07-21 00:00:00,1,0,2024-07-16 20:59:40,0,2024-07-16 20:59:40,,,
2020-07-20,灵武市,烟煤末,6.00,27.50,0.25,,5500.00,460.00,0.00,出厂价,1991,2020-07-20 00:00:00,1,0,2024-07-16 20:59:40,0,2024-07-16 20:59:40,,,
2020-07-20,灵武市,水洗36块,6.00,24.50,0.25,,6800.00,475.00,0.00,出厂价,1992,2020-07-20 00:00:00,1,0,2024-07-16 20:59:40,0,2024-07-16 20:59:40,,,
2020-07-17,灵武市,烟煤末,6.00,27.50,0.25,,5500.00,460.00,5.00,出厂价,1993,2020-07-17 00:00:00,1,0,2024-07-16 20:59:40,0,2024-07-16 20:59:40,,,
2020-07-17,灵武市,水洗36块,6.00,24.50,0.25,,6800.00,475.00,0.00,出厂价,1994,2020-07-17 00:00:00,1,0,2024-07-16 20:59:40,0,2024-07-16 20:59:40,,,
2020-07-16,灵武市,烟煤末,6.00,27.50,0.25,,5500.00,455.00,0.00,出厂价,1995,2020-07-16 00:00:00,1,0,2024-07-16 20:59:40,0,2024-07-16 20:59:40,,,
2020-07-16,灵武市,水洗36块,6.00,24.50,0.25,,6800.00,475.00,0.00,出厂价,1996,2020-07-16 00:00:00,1,0,2024-07-16 20:59:40,0,2024-07-16 20:59:40,,,
2020-07-15,灵武市,烟煤末,6.00,27.50,0.25,,5500.00,455.00,0.00,出厂价,1997,2020-07-15 00:00:00,1,0,2024-07-16 20:59:40,0,2024-07-16 20:59:40,,,
2020-07-15,灵武市,水洗36块,6.00,24.50,0.25,,6800.00,475.00,0.00,出厂价,1998,2020-07-15 00:00:00,1,0,2024-07-16 20:59:40,0,2024-07-16 20:59:40,,,
2020-07-14,灵武市,烟煤末,6.00,27.50,0.25,,5500.00,455.00,0.00,出厂价,1999,2020-07-14 00:00:00,1,0,2024-07-16 20:59:40,0,2024-07-16 20:59:40,,,
2020-07-14,灵武市,水洗36块,6.00,24.50,0.25,,6800.00,475.00,0.00,出厂价,2000,2020-07-14 00:00:00,1,0,2024-07-16 20:59:40,0,2024-07-16 20:59:40,,,
2020-07-13,灵武市,烟煤末,6.00,27.50,0.25,,5500.00,455.00,0.00,出厂价,2001,2020-07-13 00:00:00,1,0,2024-07-16 20:59:40,0,2024-07-16 20:59:40,,,
2020-07-13,灵武市,水洗36块,6.00,24.50,0.25,,6800.00,475.00,0.00,出厂价,2002,2020-07-13 00:00:00,1,0,2024-07-16 20:59:40,0,2024-07-16 20:59:40,,,
2020-07-10,灵武市,烟煤末,6.00,27.50,0.25,,5500.00,455.00,5.00,出厂价,2003,2020-07-10 00:00:00,1,0,2024-07-16 20:59:40,0,2024-07-16 20:59:40,,,
2020-07-10,灵武市,水洗36块,6.00,24.50,0.25,,6800.00,475.00,0.00,出厂价,2004,2020-07-10 00:00:00,1,0,2024-07-16 20:59:40,0,2024-07-16 20:59:40,,,
2020-07-09,灵武市,烟煤末,6.00,27.50,0.25,,5500.00,450.00,0.00,出厂价,2005,2020-07-09 00:00:00,1,0,2024-07-16 20:59:40,0,2024-07-16 20:59:40,,,
2020-07-09,灵武市,水洗36块,6.00,24.50,0.25,,6800.00,475.00,0.00,出厂价,2006,2020-07-09 00:00:00,1,0,2024-07-16 20:59:40,0,2024-07-16 20:59:40,,,
2020-07-08,灵武市,烟煤末,6.00,27.50,0.25,,5500.00,450.00,0.00,出厂价,2007,2020-07-08 00:00:00,1,0,2024-07-16 20:59:40,0,2024-07-16 20:59:40,,,
2020-07-08,灵武市,水洗36块,6.00,24.50,0.25,,6800.00,475.00,0.00,出厂价,2008,2020-07-08 00:00:00,1,0,2024-07-16 20:59:40,0,2024-07-16 20:59:40,,,
2020-07-07,灵武市,烟煤末,6.00,27.50,0.25,,5500.00,450.00,10.00,出厂价,2009,2020-07-07 00:00:00,1,0,2024-07-16 20:59:40,0,2024-07-16 20:59:40,,,
2020-07-07,灵武市,水洗36块,6.00,24.50,0.25,,6800.00,475.00,0.00,出厂价,2010,2020-07-07 00:00:00,1,0,2024-07-16 20:59:40,0,2024-07-16 20:59:40,,,
2020-07-06,灵武市,烟煤末,6.00,27.50,0.25,,5500.00,440.00,10.00,出厂价,2011,2020-07-06 00:00:00,1,0,2024-07-16 20:59:43,0,2024-07-16 20:59:43,,,
2020-07-06,灵武市,水洗36块,6.00,24.50,0.25,,6800.00,475.00,0.00,出厂价,2012,2020-07-06 00:00:00,1,0,2024-07-16 20:59:43,0,2024-07-16 20:59:43,,,
2020-07-03,灵武市,烟煤末,6.00,27.50,0.25,,5500.00,430.00,0.00,出厂价,2013,2020-07-03 00:00:00,1,0,2024-07-16 20:59:43,0,2024-07-16 20:59:43,,,
2020-07-03,灵武市,水洗36块,6.00,24.50,0.25,,6800.00,475.00,0.00,出厂价,2014,2020-07-03 00:00:00,1,0,2024-07-16 20:59:43,0,2024-07-16 20:59:43,,,
2020-07-02,灵武市,烟煤末,6.00,27.50,0.25,,5500.00,430.00,0.00,出厂价,2015,2020-07-02 00:00:00,1,0,2024-07-16 20:59:43,0,2024-07-16 20:59:43,,,
2020-07-02,灵武市,水洗36块,6.00,24.50,0.25,,6800.00,475.00,0.00,出厂价,2016,2020-07-02 00:00:00,1,0,2024-07-16 20:59:43,0,2024-07-16 20:59:43,,,
2020-07-01,灵武市,烟煤末,6.00,27.50,0.25,,5500.00,430.00,0.00,出厂价,2017,2020-07-01 00:00:00,1,0,2024-07-16 20:59:43,0,2024-07-16 20:59:43,,,
2020-07-01,灵武市,水洗36块,6.00,24.50,0.25,,6800.00,475.00,0.00,出厂价,2018,2020-07-01 00:00:00,1,0,2024-07-16 20:59:43,0,2024-07-16 20:59:43,,,
2020-06-30,灵武市,烟煤末,6.00,27.50,0.25,,5500.00,430.00,0.00,出厂价,2019,2020-06-30 00:00:00,1,0,2024-07-16 20:59:43,0,2024-07-16 20:59:43,,,
2020-06-30,灵武市,水洗36块,6.00,24.50,0.25,,6800.00,475.00,0.00,出厂价,2020,2020-06-30 00:00:00,1,0,2024-07-16 20:59:43,0,2024-07-16 20:59:43,,,
2020-06-29,灵武市,烟煤末,6.00,27.50,0.25,,5500.00,430.00,0.00,出厂价,2021,2020-06-29 00:00:00,1,0,2024-07-16 20:59:43,0,2024-07-16 20:59:43,,,
2020-06-29,灵武市,水洗36块,6.00,24.50,0.25,,6800.00,475.00,0.00,出厂价,2022,2020-06-29 00:00:00,1,0,2024-07-16 20:59:43,0,2024-07-16 20:59:43,,,
2020-06-28,灵武市,烟煤末,6.00,27.50,0.25,,5500.00,430.00,10.00,出厂价,2023,2020-06-28 00:00:00,1,0,2024-07-16 20:59:43,0,2024-07-16 20:59:43,,,
2020-06-28,灵武市,水洗36块,6.00,24.50,0.25,,6800.00,475.00,0.00,出厂价,2024,2020-06-28 00:00:00,1,0,2024-07-16 20:59:43,0,2024-07-16 20:59:43,,,
2020-06-24,灵武市,烟煤末,6.00,27.50,0.25,,5500.00,420.00,0.00,出厂价,2025,2020-06-24 00:00:00,1,0,2024-07-16 20:59:43,0,2024-07-16 20:59:43,,,
2020-06-24,灵武市,水洗36块,6.00,24.50,0.25,,6800.00,475.00,0.00,出厂价,2026,2020-06-24 00:00:00,1,0,2024-07-16 20:59:43,0,2024-07-16 20:59:43,,,
2020-06-23,灵武市,烟煤末,6.00,27.50,0.25,,5500.00,420.00,0.00,出厂价,2027,2020-06-23 00:00:00,1,0,2024-07-16 20:59:43,0,2024-07-16 20:59:43,,,
2020-06-23,灵武市,水洗36块,6.00,24.50,0.25,,6800.00,475.00,0.00,出厂价,2028,2020-06-23 00:00:00,1,0,2024-07-16 20:59:43,0,2024-07-16 20:59:43,,,
2020-06-22,灵武市,烟煤末,6.00,27.50,0.25,,5500.00,420.00,0.00,出厂价,2029,2020-06-22 00:00:00,1,0,2024-07-16 20:59:43,0,2024-07-16 20:59:43,,,
2020-06-22,灵武市,水洗36块,6.00,24.50,0.25,,6800.00,475.00,0.00,出厂价,2030,2020-06-22 00:00:00,1,0,2024-07-16 20:59:43,0,2024-07-16 20:59:43,,,
2020-06-19,灵武市,烟煤末,6.00,27.50,0.25,,5500.00,420.00,5.00,出厂价,2031,2020-06-19 00:00:00,1,0,2024-07-16 20:59:43,0,2024-07-16 20:59:43,,,
2020-06-19,灵武市,水洗36块,6.00,24.50,0.25,,6800.00,475.00,0.00,出厂价,2032,2020-06-19 00:00:00,1,0,2024-07-16 20:59:43,0,2024-07-16 20:59:43,,,
2020-06-18,灵武市,烟煤末,6.00,27.50,0.25,,5500.00,415.00,0.00,出厂价,2033,2020-06-18 00:00:00,1,0,2024-07-16 20:59:43,0,2024-07-16 20:59:43,,,
2020-06-18,灵武市,水洗36块,6.00,24.50,0.25,,6800.00,475.00,0.00,出厂价,2034,2020-06-18 00:00:00,1,0,2024-07-16 20:59:43,0,2024-07-16 20:59:43,,,
2020-06-17,灵武市,烟煤末,6.00,27.50,0.25,,5500.00,415.00,0.00,出厂价,2035,2020-06-17 00:00:00,1,0,2024-07-16 20:59:43,0,2024-07-16 20:59:43,,,
2020-06-17,灵武市,水洗36块,6.00,24.50,0.25,,6800.00,475.00,0.00,出厂价,2036,2020-06-17 00:00:00,1,0,2024-07-16 20:59:43,0,2024-07-16 20:59:43,,,
2020-06-16,灵武市,烟煤末,6.00,27.50,0.25,,5500.00,415.00,0.00,出厂价,2037,2020-06-16 00:00:00,1,0,2024-07-16 20:59:43,0,2024-07-16 20:59:43,,,
2020-06-16,灵武市,水洗36块,6.00,24.50,0.25,,6800.00,475.00,0.00,出厂价,2038,2020-06-16 00:00:00,1,0,2024-07-16 20:59:43,0,2024-07-16 20:59:43,,,
2020-06-15,灵武市,烟煤末,6.00,27.50,0.25,,5500.00,415.00,5.00,出厂价,2039,2020-06-15 00:00:00,1,0,2024-07-16 20:59:43,0,2024-07-16 20:59:43,,,
2020-06-15,灵武市,水洗36块,6.00,24.50,0.25,,6800.00,475.00,0.00,出厂价,2040,2020-06-15 00:00:00,1,0,2024-07-16 20:59:43,0,2024-07-16 20:59:43,,,
2020-06-12,灵武市,烟煤末,6.00,27.50,0.25,,5500.00,410.00,0.00,出厂价,2041,2020-06-12 00:00:00,1,0,2024-07-16 20:59:46,0,2024-07-16 20:59:46,,,
2020-06-12,灵武市,水洗36块,6.00,24.50,0.25,,6800.00,475.00,0.00,出厂价,2042,2020-06-12 00:00:00,1,0,2024-07-16 20:59:46,0,2024-07-16 20:59:46,,,
2020-06-11,灵武市,烟煤末,6.00,27.50,0.25,,5500.00,410.00,5.00,出厂价,2043,2020-06-11 00:00:00,1,0,2024-07-16 20:59:46,0,2024-07-16 20:59:46,,,
2020-06-11,灵武市,水洗36块,6.00,24.50,0.25,,6800.00,475.00,0.00,出厂价,2044,2020-06-11 00:00:00,1,0,2024-07-16 20:59:46,0,2024-07-16 20:59:46,,,
2020-06-10,灵武市,烟煤末,6.00,27.50,0.25,,5500.00,405.00,0.00,出厂价,2045,2020-06-10 00:00:00,1,0,2024-07-16 20:59:46,0,2024-07-16 20:59:46,,,
2020-06-10,灵武市,水洗36块,6.00,24.50,0.25,,6800.00,475.00,0.00,出厂价,2046,2020-06-10 00:00:00,1,0,2024-07-16 20:59:46,0,2024-07-16 20:59:46,,,
2020-06-09,灵武市,烟煤末,6.00,27.50,0.25,,5500.00,405.00,0.00,出厂价,2047,2020-06-09 00:00:00,1,0,2024-07-16 20:59:46,0,2024-07-16 20:59:46,,,
2020-06-09,灵武市,水洗36块,6.00,24.50,0.25,,6800.00,475.00,0.00,出厂价,2048,2020-06-09 00:00:00,1,0,2024-07-16 20:59:46,0,2024-07-16 20:59:46,,,
2020-06-08,灵武市,烟煤末,6.00,27.50,0.25,,5500.00,405.00,0.00,出厂价,2049,2020-06-08 00:00:00,1,0,2024-07-16 20:59:46,0,2024-07-16 20:59:46,,,
2020-06-08,灵武市,水洗36块,6.00,24.50,0.25,,6800.00,475.00,0.00,出厂价,2050,2020-06-08 00:00:00,1,0,2024-07-16 20:59:46,0,2024-07-16 20:59:46,,,
2020-06-05,灵武市,烟煤末,6.00,27.50,0.25,,5500.00,405.00,0.00,出厂价,2051,2020-06-05 00:00:00,1,0,2024-07-16 20:59:46,0,2024-07-16 20:59:46,,,
2020-06-05,灵武市,水洗36块,6.00,24.50,0.25,,6800.00,475.00,0.00,出厂价,2052,2020-06-05 00:00:00,1,0,2024-07-16 20:59:46,0,2024-07-16 20:59:46,,,
2020-06-04,灵武市,烟煤末,6.00,27.50,0.25,,5500.00,405.00,0.00,出厂价,2053,2020-06-04 00:00:00,1,0,2024-07-16 20:59:46,0,2024-07-16 20:59:46,,,
2020-06-04,灵武市,水洗36块,6.00,24.50,0.25,,6800.00,475.00,0.00,出厂价,2054,2020-06-04 00:00:00,1,0,2024-07-16 20:59:46,0,2024-07-16 20:59:46,,,
2020-06-03,灵武市,烟煤末,6.00,27.50,0.25,,5500.00,405.00,0.00,出厂价,2055,2020-06-03 00:00:00,1,0,2024-07-16 20:59:46,0,2024-07-16 20:59:46,,,
2020-06-03,灵武市,水洗36块,6.00,24.50,0.25,,6800.00,475.00,0.00,出厂价,2056,2020-06-03 00:00:00,1,0,2024-07-16 20:59:46,0,2024-07-16 20:59:46,,,
2020-06-02,灵武市,烟煤末,6.00,27.50,0.25,,5500.00,405.00,5.00,出厂价,2057,2020-06-02 00:00:00,1,0,2024-07-16 20:59:46,0,2024-07-16 20:59:46,,,
2020-06-02,灵武市,水洗36块,6.00,24.50,0.25,,6800.00,475.00,-15.00,出厂价,2058,2020-06-02 00:00:00,1,0,2024-07-16 20:59:46,0,2024-07-16 20:59:46,,,
2020-06-01,灵武市,烟煤末,6.00,27.50,0.25,,5500.00,400.00,0.00,出厂价,2059,2020-06-01 00:00:00,1,0,2024-07-16 20:59:46,0,2024-07-16 20:59:46,,,
2020-06-01,灵武市,水洗36块,6.00,24.50,0.25,,6800.00,490.00,0.00,出厂价,2060,2020-06-01 00:00:00,1,0,2024-07-16 20:59:46,0,2024-07-16 20:59:46,,,
2020-05-29,灵武市,烟煤末,6.00,27.50,0.25,,5500.00,400.00,5.00,出厂价,2061,2020-05-29 00:00:00,1,0,2024-07-16 20:59:46,0,2024-07-16 20:59:46,,,
2020-05-29,灵武市,水洗36块,6.00,24.50,0.25,,6800.00,490.00,0.00,出厂价,2062,2020-05-29 00:00:00,1,0,2024-07-16 20:59:46,0,2024-07-16 20:59:46,,,
2020-05-28,灵武市,烟煤末,6.00,27.50,0.25,,5500.00,395.00,0.00,出厂价,2063,2020-05-28 00:00:00,1,0,2024-07-16 20:59:46,0,2024-07-16 20:59:46,,,
2020-05-28,灵武市,水洗36块,6.00,24.50,0.25,,6800.00,490.00,0.00,出厂价,2064,2020-05-28 00:00:00,1,0,2024-07-16 20:59:46,0,2024-07-16 20:59:46,,,
2020-05-27,灵武市,烟煤末,6.00,27.50,0.25,,5500.00,395.00,5.00,出厂价,2065,2020-05-27 00:00:00,1,0,2024-07-16 20:59:46,0,2024-07-16 20:59:46,,,
2020-05-27,灵武市,水洗36块,6.00,24.50,0.25,,6800.00,490.00,0.00,出厂价,2066,2020-05-27 00:00:00,1,0,2024-07-16 20:59:46,0,2024-07-16 20:59:46,,,
2020-05-26,灵武市,烟煤末,6.00,27.50,0.25,,5500.00,390.00,10.00,出厂价,2067,2020-05-26 00:00:00,1,0,2024-07-16 20:59:46,0,2024-07-16 20:59:46,,,
2020-05-26,灵武市,水洗36块,6.00,24.50,0.25,,6800.00,490.00,0.00,出厂价,2068,2020-05-26 00:00:00,1,0,2024-07-16 20:59:46,0,2024-07-16 20:59:46,,,
2020-05-25,灵武市,烟煤末,6.00,27.50,0.25,,5500.00,380.00,0.00,出厂价,2069,2020-05-25 00:00:00,1,0,2024-07-16 20:59:46,0,2024-07-16 20:59:46,,,
2020-05-25,灵武市,水洗36块,6.00,24.50,0.25,,6800.00,490.00,0.00,出厂价,2070,2020-05-25 00:00:00,1,0,2024-07-16 20:59:46,0,2024-07-16 20:59:46,,,
2020-05-22,灵武市,烟煤末,6.00,27.50,0.25,,5500.00,380.00,0.00,出厂价,2071,2020-05-22 00:00:00,1,0,2024-07-16 20:59:50,0,2024-07-16 20:59:50,,,
2020-05-22,灵武市,水洗36块,6.00,24.50,0.25,,6800.00,490.00,0.00,出厂价,2072,2020-05-22 00:00:00,1,0,2024-07-16 20:59:50,0,2024-07-16 20:59:50,,,
2020-05-21,灵武市,烟煤末,6.00,27.50,0.25,,5500.00,380.00,5.00,出厂价,2073,2020-05-21 00:00:00,1,0,2024-07-16 20:59:50,0,2024-07-16 20:59:50,,,
2020-05-21,灵武市,水洗36块,6.00,24.50,0.25,,6800.00,490.00,0.00,出厂价,2074,2020-05-21 00:00:00,1,0,2024-07-16 20:59:50,0,2024-07-16 20:59:50,,,
2020-05-20,灵武市,烟煤末,6.00,27.50,0.25,,5500.00,375.00,5.00,出厂价,2075,2020-05-20 00:00:00,1,0,2024-07-16 20:59:50,0,2024-07-16 20:59:50,,,
2020-05-20,灵武市,水洗36块,6.00,24.50,0.25,,6800.00,490.00,0.00,出厂价,2076,2020-05-20 00:00:00,1,0,2024-07-16 20:59:50,0,2024-07-16 20:59:50,,,
2020-05-19,灵武市,烟煤末,6.00,27.50,0.25,,5500.00,370.00,0.00,出厂价,2077,2020-05-19 00:00:00,1,0,2024-07-16 20:59:50,0,2024-07-16 20:59:50,,,
2020-05-19,灵武市,水洗36块,6.00,24.50,0.25,,6800.00,490.00,0.00,出厂价,2078,2020-05-19 00:00:00,1,0,2024-07-16 20:59:50,0,2024-07-16 20:59:50,,,
2020-05-18,灵武市,烟煤末,6.00,27.50,0.25,,5500.00,370.00,5.00,出厂价,2079,2020-05-18 00:00:00,1,0,2024-07-16 20:59:50,0,2024-07-16 20:59:50,,,
2020-05-18,灵武市,水洗36块,6.00,24.50,0.25,,6800.00,490.00,0.00,出厂价,2080,2020-05-18 00:00:00,1,0,2024-07-16 20:59:50,0,2024-07-16 20:59:50,,,
2020-05-15,灵武市,烟煤末,6.00,27.50,0.25,,5500.00,365.00,0.00,出厂价,2081,2020-05-15 00:00:00,1,0,2024-07-16 20:59:50,0,2024-07-16 20:59:50,,,
2020-05-15,灵武市,水洗36块,6.00,24.50,0.25,,6800.00,490.00,0.00,出厂价,2082,2020-05-15 00:00:00,1,0,2024-07-16 20:59:50,0,2024-07-16 20:59:50,,,
2020-05-14,灵武市,烟煤末,6.00,27.50,0.25,,5500.00,365.00,0.00,出厂价,2083,2020-05-14 00:00:00,1,0,2024-07-16 20:59:50,0,2024-07-16 20:59:50,,,
2020-05-14,灵武市,水洗36块,6.00,24.50,0.25,,6800.00,490.00,0.00,出厂价,2084,2020-05-14 00:00:00,1,0,2024-07-16 20:59:50,0,2024-07-16 20:59:50,,,
2020-05-13,灵武市,烟煤末,6.00,27.50,0.25,,5500.00,365.00,0.00,出厂价,2085,2020-05-13 00:00:00,1,0,2024-07-16 20:59:50,0,2024-07-16 20:59:50,,,
2020-05-13,灵武市,水洗36块,6.00,24.50,0.25,,6800.00,490.00,0.00,出厂价,2086,2020-05-13 00:00:00,1,0,2024-07-16 20:59:50,0,2024-07-16 20:59:50,,,
2020-05-12,灵武市,烟煤末,6.00,27.50,0.25,,5500.00,365.00,0.00,出厂价,2087,2020-05-12 00:00:00,1,0,2024-07-16 20:59:50,0,2024-07-16 20:59:50,,,
2020-05-12,灵武市,水洗36块,6.00,24.50,0.25,,6800.00,490.00,0.00,出厂价,2088,2020-05-12 00:00:00,1,0,2024-07-16 20:59:50,0,2024-07-16 20:59:50,,,
2020-05-11,灵武市,烟煤末,6.00,27.50,0.25,,5500.00,365.00,0.00,出厂价,2089,2020-05-11 00:00:00,1,0,2024-07-16 20:59:50,0,2024-07-16 20:59:50,,,
2020-05-11,灵武市,水洗36块,6.00,24.50,0.25,,6800.00,490.00,0.00,出厂价,2090,2020-05-11 00:00:00,1,0,2024-07-16 20:59:50,0,2024-07-16 20:59:50,,,
2020-05-09,灵武市,烟煤末,6.00,27.50,0.25,,5500.00,365.00,0.00,出厂价,2091,2020-05-09 00:00:00,1,0,2024-07-16 20:59:50,0,2024-07-16 20:59:50,,,
2020-05-09,灵武市,水洗36块,6.00,24.50,0.25,,6800.00,490.00,0.00,出厂价,2092,2020-05-09 00:00:00,1,0,2024-07-16 20:59:50,0,2024-07-16 20:59:50,,,
2020-05-08,灵武市,烟煤末,6.00,27.50,0.25,,5500.00,365.00,-5.00,出厂价,2093,2020-05-08 00:00:00,1,0,2024-07-16 20:59:50,0,2024-07-16 20:59:50,,,
2020-05-08,灵武市,水洗36块,6.00,24.50,0.25,,6800.00,490.00,0.00,出厂价,2094,2020-05-08 00:00:00,1,0,2024-07-16 20:59:50,0,2024-07-16 20:59:50,,,
2020-05-07,灵武市,烟煤末,6.00,27.50,0.25,,5500.00,370.00,-10.00,出厂价,2095,2020-05-07 00:00:00,1,0,2024-07-16 20:59:50,0,2024-07-16 20:59:50,,,
2020-05-07,灵武市,水洗36块,6.00,24.50,0.25,,6800.00,490.00,-5.00,出厂价,2096,2020-05-07 00:00:00,1,0,2024-07-16 20:59:50,0,2024-07-16 20:59:50,,,
2020-05-06,灵武市,烟煤末,6.00,27.50,0.25,,5500.00,380.00,0.00,出厂价,2097,2020-05-06 00:00:00,1,0,2024-07-16 20:59:50,0,2024-07-16 20:59:50,,,
2020-05-06,灵武市,水洗36块,6.00,24.50,0.25,,6800.00,495.00,0.00,出厂价,2098,2020-05-06 00:00:00,1,0,2024-07-16 20:59:50,0,2024-07-16 20:59:50,,,
2020-04-30,灵武市,烟煤末,6.00,27.50,0.25,,5500.00,380.00,0.00,出厂价,2099,2020-04-30 00:00:00,1,0,2024-07-16 20:59:50,0,2024-07-16 20:59:50,,,
2020-04-30,灵武市,水洗36块,6.00,24.50,0.25,,6800.00,495.00,0.00,出厂价,2100,2020-04-30 00:00:00,1,0,2024-07-16 20:59:50,0,2024-07-16 20:59:50,,,
2020-04-29,灵武市,烟煤末,6.00,27.50,0.25,,5500.00,380.00,0.00,出厂价,2101,2020-04-29 00:00:00,1,0,2024-07-16 20:59:54,0,2024-07-16 20:59:54,,,
2020-04-29,灵武市,水洗36块,6.00,24.50,0.25,,6800.00,495.00,0.00,出厂价,2102,2020-04-29 00:00:00,1,0,2024-07-16 20:59:54,0,2024-07-16 20:59:54,,,
2020-04-28,灵武市,烟煤末,6.00,27.50,0.25,,5500.00,380.00,0.00,出厂价,2103,2020-04-28 00:00:00,1,0,2024-07-16 20:59:54,0,2024-07-16 20:59:54,,,
2020-04-28,灵武市,水洗36块,6.00,24.50,0.25,,6800.00,495.00,0.00,出厂价,2104,2020-04-28 00:00:00,1,0,2024-07-16 20:59:54,0,2024-07-16 20:59:54,,,
2020-04-27,灵武市,烟煤末,6.00,27.50,0.25,,5500.00,380.00,0.00,出厂价,2105,2020-04-27 00:00:00,1,0,2024-07-16 20:59:54,0,2024-07-16 20:59:54,,,
2020-04-27,灵武市,水洗36块,6.00,24.50,0.25,,6800.00,495.00,0.00,出厂价,2106,2020-04-27 00:00:00,1,0,2024-07-16 20:59:54,0,2024-07-16 20:59:54,,,
2020-04-26,灵武市,烟煤末,6.00,27.50,0.25,,5500.00,380.00,0.00,出厂价,2107,2020-04-26 00:00:00,1,0,2024-07-16 20:59:54,0,2024-07-16 20:59:54,,,
2020-04-26,灵武市,水洗36块,6.00,24.50,0.25,,6800.00,495.00,0.00,出厂价,2108,2020-04-26 00:00:00,1,0,2024-07-16 20:59:54,0,2024-07-16 20:59:54,,,
2020-04-24,灵武市,烟煤末,6.00,27.50,0.25,,5500.00,380.00,0.00,出厂价,2109,2020-04-24 00:00:00,1,0,2024-07-16 20:59:54,0,2024-07-16 20:59:54,,,
2020-04-24,灵武市,水洗36块,6.00,24.50,0.25,,6800.00,495.00,0.00,出厂价,2110,2020-04-24 00:00:00,1,0,2024-07-16 20:59:54,0,2024-07-16 20:59:54,,,
2020-04-23,灵武市,烟煤末,6.00,27.50,0.25,,5500.00,380.00,-5.00,出厂价,2111,2020-04-23 00:00:00,1,0,2024-07-16 20:59:54,0,2024-07-16 20:59:54,,,
2020-04-23,灵武市,水洗36块,6.00,24.50,0.25,,6800.00,495.00,0.00,出厂价,2112,2020-04-23 00:00:00,1,0,2024-07-16 20:59:54,0,2024-07-16 20:59:54,,,
2020-04-22,灵武市,烟煤末,6.00,27.50,0.25,,5500.00,385.00,0.00,出厂价,2113,2020-04-22 00:00:00,1,0,2024-07-16 20:59:54,0,2024-07-16 20:59:54,,,
2020-04-22,灵武市,水洗36块,6.00,24.50,0.25,,6800.00,495.00,0.00,出厂价,2114,2020-04-22 00:00:00,1,0,2024-07-16 20:59:54,0,2024-07-16 20:59:54,,,
2020-04-21,灵武市,烟煤末,6.00,27.50,0.25,,5500.00,385.00,-5.00,出厂价,2115,2020-04-21 00:00:00,1,0,2024-07-16 20:59:54,0,2024-07-16 20:59:54,,,
2020-04-21,灵武市,水洗36块,6.00,24.50,0.25,,6800.00,495.00,-5.00,出厂价,2116,2020-04-21 00:00:00,1,0,2024-07-16 20:59:54,0,2024-07-16 20:59:54,,,
2020-04-20,灵武市,烟煤末,6.00,27.50,0.25,,5500.00,390.00,0.00,出厂价,2117,2020-04-20 00:00:00,1,0,2024-07-16 20:59:54,0,2024-07-16 20:59:54,,,
2020-04-20,灵武市,水洗36块,6.00,24.50,0.25,,6800.00,500.00,0.00,出厂价,2118,2020-04-20 00:00:00,1,0,2024-07-16 20:59:54,0,2024-07-16 20:59:54,,,
2020-04-17,灵武市,烟煤末,6.00,27.50,0.25,,5500.00,390.00,0.00,出厂价,2119,2020-04-17 00:00:00,1,0,2024-07-16 20:59:54,0,2024-07-16 20:59:54,,,
2020-04-17,灵武市,水洗36块,6.00,24.50,0.25,,6800.00,500.00,0.00,出厂价,2120,2020-04-17 00:00:00,1,0,2024-07-16 20:59:54,0,2024-07-16 20:59:54,,,
2020-04-16,灵武市,烟煤末,6.00,27.50,0.25,,5500.00,390.00,-5.00,出厂价,2121,2020-04-16 00:00:00,1,0,2024-07-16 20:59:54,0,2024-07-16 20:59:54,,,
2020-04-16,灵武市,水洗36块,6.00,24.50,0.25,,6800.00,500.00,0.00,出厂价,2122,2020-04-16 00:00:00,1,0,2024-07-16 20:59:54,0,2024-07-16 20:59:54,,,
2020-04-15,灵武市,烟煤末,6.00,27.50,0.25,,5500.00,395.00,-5.00,出厂价,2123,2020-04-15 00:00:00,1,0,2024-07-16 20:59:54,0,2024-07-16 20:59:54,,,
2020-04-15,灵武市,水洗36块,6.00,24.50,0.25,,6800.00,500.00,-5.00,出厂价,2124,2020-04-15 00:00:00,1,0,2024-07-16 20:59:54,0,2024-07-16 20:59:54,,,
2020-04-14,灵武市,烟煤末,6.00,27.50,0.25,,5500.00,400.00,0.00,出厂价,2125,2020-04-14 00:00:00,1,0,2024-07-16 20:59:54,0,2024-07-16 20:59:54,,,
2020-04-14,灵武市,水洗36块,6.00,24.50,0.25,,6800.00,505.00,-10.00,出厂价,2126,2020-04-14 00:00:00,1,0,2024-07-16 20:59:54,0,2024-07-16 20:59:54,,,
2020-04-13,灵武市,烟煤末,6.00,27.50,0.25,,5500.00,400.00,0.00,出厂价,2127,2020-04-13 00:00:00,1,0,2024-07-16 20:59:54,0,2024-07-16 20:59:54,,,
2020-04-13,灵武市,水洗36块,6.00,24.50,0.25,,6800.00,515.00,0.00,出厂价,2128,2020-04-13 00:00:00,1,0,2024-07-16 20:59:54,0,2024-07-16 20:59:54,,,
2020-04-10,灵武市,烟煤末,6.00,27.50,0.25,,5500.00,400.00,0.00,出厂价,2129,2020-04-10 00:00:00,1,0,2024-07-16 20:59:54,0,2024-07-16 20:59:54,,,
2020-04-10,灵武市,水洗36块,6.00,24.50,0.25,,6800.00,515.00,0.00,出厂价,2130,2020-04-10 00:00:00,1,0,2024-07-16 20:59:54,0,2024-07-16 20:59:54,,,
2020-04-09,灵武市,烟煤末,6.00,27.50,0.25,,5500.00,400.00,-5.00,出厂价,2131,2020-04-09 00:00:00,1,0,2024-07-16 20:59:58,0,2024-07-16 20:59:58,,,
2020-04-09,灵武市,水洗36块,6.00,24.50,0.25,,6800.00,515.00,0.00,出厂价,2132,2020-04-09 00:00:00,1,0,2024-07-16 20:59:58,0,2024-07-16 20:59:58,,,
2020-04-08,灵武市,烟煤末,6.00,27.50,0.25,,5500.00,405.00,-5.00,出厂价,2133,2020-04-08 00:00:00,1,0,2024-07-16 20:59:58,0,2024-07-16 20:59:58,,,
2020-04-08,灵武市,水洗36块,6.00,24.50,0.25,,6800.00,515.00,0.00,出厂价,2134,2020-04-08 00:00:00,1,0,2024-07-16 20:59:58,0,2024-07-16 20:59:58,,,
2020-04-07,灵武市,烟煤末,6.00,27.50,0.25,,5500.00,410.00,0.00,出厂价,2135,2020-04-07 00:00:00,1,0,2024-07-16 20:59:58,0,2024-07-16 20:59:58,,,
2020-04-07,灵武市,水洗36块,6.00,24.50,0.25,,6800.00,515.00,-5.00,出厂价,2136,2020-04-07 00:00:00,1,0,2024-07-16 20:59:58,0,2024-07-16 20:59:58,,,
2020-04-03,灵武市,烟煤末,6.00,27.50,0.25,,5500.00,410.00,0.00,出厂价,2137,2020-04-03 00:00:00,1,0,2024-07-16 20:59:58,0,2024-07-16 20:59:58,,,
2020-04-03,灵武市,水洗36块,6.00,24.50,0.25,,6800.00,520.00,0.00,出厂价,2138,2020-04-03 00:00:00,1,0,2024-07-16 20:59:58,0,2024-07-16 20:59:58,,,
2020-04-02,灵武市,烟煤末,6.00,27.50,0.25,,5500.00,410.00,0.00,出厂价,2139,2020-04-02 00:00:00,1,0,2024-07-16 20:59:58,0,2024-07-16 20:59:58,,,
2020-04-02,灵武市,水洗36块,6.00,24.50,0.25,,6800.00,520.00,0.00,出厂价,2140,2020-04-02 00:00:00,1,0,2024-07-16 20:59:58,0,2024-07-16 20:59:58,,,
2020-04-01,灵武市,烟煤末,6.00,27.50,0.25,,5500.00,410.00,-10.00,出厂价,2141,2020-04-01 00:00:00,1,0,2024-07-16 20:59:58,0,2024-07-16 20:59:58,,,
2020-04-01,灵武市,水洗36块,6.00,24.50,0.25,,6800.00,520.00,0.00,出厂价,2142,2020-04-01 00:00:00,1,0,2024-07-16 20:59:58,0,2024-07-16 20:59:58,,,
2020-03-31,灵武市,烟煤末,6.00,27.50,0.25,,5500.00,420.00,0.00,出厂价,2143,2020-03-31 00:00:00,1,0,2024-07-16 20:59:58,0,2024-07-16 20:59:58,,,
2020-03-31,灵武市,水洗36块,6.00,24.50,0.25,,6800.00,520.00,-10.00,出厂价,2144,2020-03-31 00:00:00,1,0,2024-07-16 20:59:58,0,2024-07-16 20:59:58,,,
2020-03-30,灵武市,烟煤末,6.00,27.50,0.25,,5500.00,420.00,0.00,出厂价,2145,2020-03-30 00:00:00,1,0,2024-07-16 20:59:58,0,2024-07-16 20:59:58,,,
2020-03-30,灵武市,水洗36块,6.00,24.50,0.25,,6800.00,530.00,0.00,出厂价,2146,2020-03-30 00:00:00,1,0,2024-07-16 20:59:58,0,2024-07-16 20:59:58,,,
2020-03-27,灵武市,烟煤末,6.00,27.50,0.25,,5500.00,420.00,0.00,出厂价,2147,2020-03-27 00:00:00,1,0,2024-07-16 20:59:58,0,2024-07-16 20:59:58,,,
2020-03-27,灵武市,水洗36块,6.00,24.50,0.25,,6800.00,530.00,-5.00,出厂价,2148,2020-03-27 00:00:00,1,0,2024-07-16 20:59:58,0,2024-07-16 20:59:58,,,
2020-03-26,灵武市,烟煤末,6.00,27.50,0.25,,5500.00,420.00,0.00,出厂价,2149,2020-03-26 00:00:00,1,0,2024-07-16 20:59:58,0,2024-07-16 20:59:58,,,
2020-03-26,灵武市,水洗36块,6.00,24.50,0.25,,6800.00,535.00,0.00,出厂价,2150,2020-03-26 00:00:00,1,0,2024-07-16 20:59:58,0,2024-07-16 20:59:58,,,
2020-03-25,灵武市,烟煤末,6.00,27.50,0.25,,5500.00,420.00,0.00,出厂价,2151,2020-03-25 00:00:00,1,0,2024-07-16 20:59:58,0,2024-07-16 20:59:58,,,
2020-03-25,灵武市,水洗36块,6.00,24.50,0.25,,6800.00,535.00,0.00,出厂价,2152,2020-03-25 00:00:00,1,0,2024-07-16 20:59:58,0,2024-07-16 20:59:58,,,
2020-03-24,灵武市,烟煤末,6.00,27.50,0.25,,5500.00,420.00,-5.00,出厂价,2153,2020-03-24 00:00:00,1,0,2024-07-16 20:59:58,0,2024-07-16 20:59:58,,,
2020-03-24,灵武市,水洗36块,6.00,24.50,0.25,,6800.00,535.00,-5.00,出厂价,2154,2020-03-24 00:00:00,1,0,2024-07-16 20:59:58,0,2024-07-16 20:59:58,,,
2020-03-23,灵武市,烟煤末,6.00,27.50,0.25,,5500.00,425.00,0.00,出厂价,2155,2020-03-23 00:00:00,1,0,2024-07-16 20:59:58,0,2024-07-16 20:59:58,,,
2020-03-23,灵武市,水洗36块,6.00,24.50,0.25,,6800.00,540.00,0.00,出厂价,2156,2020-03-23 00:00:00,1,0,2024-07-16 20:59:58,0,2024-07-16 20:59:58,,,
2020-03-20,灵武市,烟煤末,6.00,27.50,0.25,,5500.00,425.00,-5.00,出厂价,2157,2020-03-20 00:00:00,1,0,2024-07-16 20:59:58,0,2024-07-16 20:59:58,,,
2020-03-20,灵武市,水洗36块,6.00,24.50,0.25,,6800.00,540.00,-5.00,出厂价,2158,2020-03-20 00:00:00,1,0,2024-07-16 20:59:58,0,2024-07-16 20:59:58,,,
2020-03-19,灵武市,烟煤末,6.00,27.50,0.25,,5500.00,430.00,-10.00,出厂价,2159,2020-03-19 00:00:00,1,0,2024-07-16 20:59:58,0,2024-07-16 20:59:58,,,
2020-03-19,灵武市,水洗36块,6.00,24.50,0.25,,6800.00,545.00,0.00,出厂价,2160,2020-03-19 00:00:00,1,0,2024-07-16 20:59:58,0,2024-07-16 20:59:58,,,
2020-03-18,灵武市,烟煤末,6.00,27.50,0.25,,5500.00,440.00,0.00,出厂价,2161,2020-03-18 00:00:00,1,0,2024-07-16 21:00:02,0,2024-07-16 21:00:02,,,
2020-03-18,灵武市,水洗36块,6.00,24.50,0.25,,6800.00,545.00,0.00,出厂价,2162,2020-03-18 00:00:00,1,0,2024-07-16 21:00:02,0,2024-07-16 21:00:02,,,
2020-03-17,灵武市,烟煤末,6.00,27.50,0.25,,5500.00,440.00,-5.00,出厂价,2163,2020-03-17 00:00:00,1,0,2024-07-16 21:00:02,0,2024-07-16 21:00:02,,,
2020-03-17,灵武市,水洗36块,6.00,24.50,0.25,,6800.00,545.00,0.00,出厂价,2164,2020-03-17 00:00:00,1,0,2024-07-16 21:00:02,0,2024-07-16 21:00:02,,,
2020-03-16,灵武市,烟煤末,6.00,27.50,0.25,,5500.00,445.00,-5.00,出厂价,2165,2020-03-16 00:00:00,1,0,2024-07-16 21:00:02,0,2024-07-16 21:00:02,,,
2020-03-16,灵武市,水洗36块,6.00,24.50,0.25,,6800.00,545.00,-5.00,出厂价,2166,2020-03-16 00:00:00,1,0,2024-07-16 21:00:02,0,2024-07-16 21:00:02,,,
2020-03-13,灵武市,烟煤末,6.00,27.50,0.25,,5500.00,450.00,0.00,出厂价,2167,2020-03-13 00:00:00,1,0,2024-07-16 21:00:02,0,2024-07-16 21:00:02,,,
2020-03-13,灵武市,水洗36块,6.00,24.50,0.25,,6800.00,550.00,0.00,出厂价,2168,2020-03-13 00:00:00,1,0,2024-07-16 21:00:02,0,2024-07-16 21:00:02,,,
2020-03-12,灵武市,烟煤末,6.00,27.50,0.25,,5500.00,450.00,-5.00,出厂价,2169,2020-03-12 00:00:00,1,0,2024-07-16 21:00:02,0,2024-07-16 21:00:02,,,
2020-03-12,灵武市,水洗36块,6.00,24.50,0.25,,6800.00,550.00,-10.00,出厂价,2170,2020-03-12 00:00:00,1,0,2024-07-16 21:00:02,0,2024-07-16 21:00:02,,,
2020-03-11,灵武市,烟煤末,6.00,27.50,0.25,,5500.00,455.00,-5.00,出厂价,2171,2020-03-11 00:00:00,1,0,2024-07-16 21:00:02,0,2024-07-16 21:00:02,,,
2020-03-11,灵武市,水洗36块,6.00,24.50,0.25,,6800.00,560.00,0.00,出厂价,2172,2020-03-11 00:00:00,1,0,2024-07-16 21:00:02,0,2024-07-16 21:00:02,,,
2020-03-10,灵武市,烟煤末,6.00,27.50,0.25,,5500.00,460.00,-10.00,出厂价,2173,2020-03-10 00:00:00,1,0,2024-07-16 21:00:02,0,2024-07-16 21:00:02,,,
2020-03-10,灵武市,水洗36块,6.00,24.50,0.25,,6800.00,560.00,0.00,出厂价,2174,2020-03-10 00:00:00,1,0,2024-07-16 21:00:02,0,2024-07-16 21:00:02,,,
2020-03-09,灵武市,烟煤末,6.00,27.50,0.25,,5500.00,470.00,0.00,出厂价,2175,2020-03-09 00:00:00,1,0,2024-07-16 21:00:02,0,2024-07-16 21:00:02,,,
2020-03-09,灵武市,水洗36块,6.00,24.50,0.25,,6800.00,560.00,-5.00,出厂价,2176,2020-03-09 00:00:00,1,0,2024-07-16 21:00:02,0,2024-07-16 21:00:02,,,
2020-03-06,灵武市,烟煤末,6.00,27.50,0.25,,5500.00,470.00,-5.00,出厂价,2177,2020-03-06 00:00:00,1,0,2024-07-16 21:00:02,0,2024-07-16 21:00:02,,,
2020-03-06,灵武市,水洗36块,6.00,24.50,0.25,,6800.00,565.00,-5.00,出厂价,2178,2020-03-06 00:00:00,1,0,2024-07-16 21:00:02,0,2024-07-16 21:00:02,,,
2020-03-05,灵武市,烟煤末,6.00,27.50,0.25,,5500.00,475.00,0.00,出厂价,2179,2020-03-05 00:00:00,1,0,2024-07-16 21:00:02,0,2024-07-16 21:00:02,,,
2020-03-05,灵武市,水洗36块,6.00,24.50,0.25,,6800.00,570.00,0.00,出厂价,2180,2020-03-05 00:00:00,1,0,2024-07-16 21:00:02,0,2024-07-16 21:00:02,,,
2020-03-04,灵武市,烟煤末,6.00,27.50,0.25,,5500.00,475.00,0.00,出厂价,2181,2020-03-04 00:00:00,1,0,2024-07-16 21:00:02,0,2024-07-16 21:00:02,,,
2020-03-04,灵武市,水洗36块,6.00,24.50,0.25,,6800.00,570.00,-5.00,出厂价,2182,2020-03-04 00:00:00,1,0,2024-07-16 21:00:02,0,2024-07-16 21:00:02,,,
2020-03-03,灵武市,烟煤末,6.00,27.50,0.25,,5500.00,475.00,-5.00,出厂价,2183,2020-03-03 00:00:00,1,0,2024-07-16 21:00:02,0,2024-07-16 21:00:02,,,
2020-03-03,灵武市,水洗36块,6.00,24.50,0.25,,6800.00,575.00,0.00,出厂价,2184,2020-03-03 00:00:00,1,0,2024-07-16 21:00:02,0,2024-07-16 21:00:02,,,
2020-03-02,灵武市,烟煤末,6.00,27.50,0.25,,5500.00,480.00,0.00,出厂价,2185,2020-03-02 00:00:00,1,0,2024-07-16 21:00:02,0,2024-07-16 21:00:02,,,
2020-03-02,灵武市,水洗36块,6.00,24.50,0.25,,6800.00,575.00,0.00,出厂价,2186,2020-03-02 00:00:00,1,0,2024-07-16 21:00:02,0,2024-07-16 21:00:02,,,
2020-02-28,灵武市,烟煤末,6.00,27.50,0.25,,5500.00,480.00,0.00,出厂价,2187,2020-02-28 00:00:00,1,0,2024-07-16 21:00:02,0,2024-07-16 21:00:02,,,
2020-02-28,灵武市,水洗36块,6.00,24.50,0.25,,6800.00,575.00,5.00,出厂价,2188,2020-02-28 00:00:00,1,0,2024-07-16 21:00:02,0,2024-07-16 21:00:02,,,
2020-02-27,灵武市,烟煤末,6.00,27.50,0.25,,5500.00,480.00,0.00,出厂价,2189,2020-02-27 00:00:00,1,0,2024-07-16 21:00:02,0,2024-07-16 21:00:02,,,
2020-02-27,灵武市,水洗36块,6.00,24.50,0.25,,6800.00,570.00,0.00,出厂价,2190,2020-02-27 00:00:00,1,0,2024-07-16 21:00:02,0,2024-07-16 21:00:02,,,
2020-02-26,灵武市,烟煤末,6.00,27.50,0.25,,5500.00,480.00,0.00,出厂价,2191,2020-02-26 00:00:00,1,0,2024-07-16 21:00:05,0,2024-07-16 21:00:05,,,
2020-02-26,灵武市,水洗36块,6.00,24.50,0.25,,6800.00,570.00,0.00,出厂价,2192,2020-02-26 00:00:00,1,0,2024-07-16 21:00:05,0,2024-07-16 21:00:05,,,
2020-02-25,灵武市,烟煤末,6.00,27.50,0.25,,5500.00,480.00,20.00,出厂价,2193,2020-02-25 00:00:00,1,0,2024-07-16 21:00:05,0,2024-07-16 21:00:05,,,
2020-02-25,灵武市,水洗36块,6.00,24.50,0.25,,6800.00,570.00,5.00,出厂价,2194,2020-02-25 00:00:00,1,0,2024-07-16 21:00:05,0,2024-07-16 21:00:05,,,
2020-02-24,灵武市,烟煤末,6.00,27.50,0.25,,5500.00,460.00,0.00,出厂价,2195,2020-02-24 00:00:00,1,0,2024-07-16 21:00:05,0,2024-07-16 21:00:05,,,
2020-02-24,灵武市,水洗36块,6.00,24.50,0.25,,6800.00,565.00,5.00,出厂价,2196,2020-02-24 00:00:00,1,0,2024-07-16 21:00:05,0,2024-07-16 21:00:05,,,
2020-02-21,灵武市,烟煤末,6.00,27.50,0.25,,5500.00,460.00,5.00,出厂价,2197,2020-02-21 00:00:00,1,0,2024-07-16 21:00:05,0,2024-07-16 21:00:05,,,
2020-02-21,灵武市,水洗36块,6.00,24.50,0.25,,6800.00,560.00,5.00,出厂价,2198,2020-02-21 00:00:00,1,0,2024-07-16 21:00:05,0,2024-07-16 21:00:05,,,
2020-02-20,灵武市,烟煤末,6.00,27.50,0.25,,5500.00,455.00,5.00,出厂价,2199,2020-02-20 00:00:00,1,0,2024-07-16 21:00:05,0,2024-07-16 21:00:05,,,
2020-02-20,灵武市,水洗36块,6.00,24.50,0.25,,6800.00,555.00,10.00,出厂价,2200,2020-02-20 00:00:00,1,0,2024-07-16 21:00:05,0,2024-07-16 21:00:05,,,
2020-02-19,灵武市,烟煤末,6.00,27.50,0.25,,5500.00,450.00,0.00,出厂价,2201,2020-02-19 00:00:00,1,0,2024-07-16 21:00:05,0,2024-07-16 21:00:05,,,
2020-02-19,灵武市,水洗36块,6.00,24.50,0.25,,6800.00,545.00,0.00,出厂价,2202,2020-02-19 00:00:00,1,0,2024-07-16 21:00:05,0,2024-07-16 21:00:05,,,
2020-02-18,灵武市,烟煤末,6.00,27.50,0.25,,5500.00,450.00,5.00,出厂价,2203,2020-02-18 00:00:00,1,0,2024-07-16 21:00:05,0,2024-07-16 21:00:05,,,
2020-02-18,灵武市,水洗36块,6.00,24.50,0.25,,6800.00,545.00,5.00,出厂价,2204,2020-02-18 00:00:00,1,0,2024-07-16 21:00:05,0,2024-07-16 21:00:05,,,
2020-02-17,灵武市,烟煤末,6.00,27.50,0.25,,5500.00,445.00,0.00,出厂价,2205,2020-02-17 00:00:00,1,0,2024-07-16 21:00:05,0,2024-07-16 21:00:05,,,
2020-02-17,灵武市,水洗36块,6.00,24.50,0.25,,6800.00,540.00,0.00,出厂价,2206,2020-02-17 00:00:00,1,0,2024-07-16 21:00:05,0,2024-07-16 21:00:05,,,
2020-02-14,灵武市,烟煤末,6.00,27.50,0.25,,5500.00,445.00,0.00,出厂价,2207,2020-02-14 00:00:00,1,0,2024-07-16 21:00:05,0,2024-07-16 21:00:05,,,
2020-02-14,灵武市,水洗36块,6.00,24.50,0.25,,6800.00,540.00,0.00,出厂价,2208,2020-02-14 00:00:00,1,0,2024-07-16 21:00:05,0,2024-07-16 21:00:05,,,
2020-02-13,灵武市,烟煤末,6.00,27.50,0.25,,5500.00,445.00,5.00,出厂价,2209,2020-02-13 00:00:00,1,0,2024-07-16 21:00:05,0,2024-07-16 21:00:05,,,
2020-02-13,灵武市,水洗36块,6.00,24.50,0.25,,6800.00,540.00,5.00,出厂价,2210,2020-02-13 00:00:00,1,0,2024-07-16 21:00:05,0,2024-07-16 21:00:05,,,
2020-02-12,灵武市,烟煤末,6.00,27.50,0.25,,5500.00,440.00,0.00,出厂价,2211,2020-02-12 00:00:00,1,0,2024-07-16 21:00:05,0,2024-07-16 21:00:05,,,
2020-02-12,灵武市,水洗36块,6.00,24.50,0.25,,6800.00,535.00,5.00,出厂价,2212,2020-02-12 00:00:00,1,0,2024-07-16 21:00:05,0,2024-07-16 21:00:05,,,
2020-02-11,灵武市,烟煤末,6.00,27.50,0.25,,5500.00,440.00,0.00,出厂价,2213,2020-02-11 00:00:00,1,0,2024-07-16 21:00:05,0,2024-07-16 21:00:05,,,
2020-02-11,灵武市,水洗36块,6.00,24.50,0.25,,6800.00,530.00,0.00,出厂价,2214,2020-02-11 00:00:00,1,0,2024-07-16 21:00:05,0,2024-07-16 21:00:05,,,
2020-02-10,灵武市,烟煤末,6.00,27.50,0.25,,5500.00,440.00,0.00,出厂价,2215,2020-02-10 00:00:00,1,0,2024-07-16 21:00:05,0,2024-07-16 21:00:05,,,
2020-02-10,灵武市,水洗36块,6.00,24.50,0.25,,6800.00,530.00,0.00,出厂价,2216,2020-02-10 00:00:00,1,0,2024-07-16 21:00:05,0,2024-07-16 21:00:05,,,
2020-02-07,灵武市,烟煤末,6.00,27.50,0.25,,5500.00,440.00,0.00,出厂价,2217,2020-02-07 00:00:00,1,0,2024-07-16 21:00:05,0,2024-07-16 21:00:05,,,
2020-02-07,灵武市,水洗36块,6.00,24.50,0.25,,6800.00,530.00,0.00,出厂价,2218,2020-02-07 00:00:00,1,0,2024-07-16 21:00:05,0,2024-07-16 21:00:05,,,
2020-02-06,灵武市,烟煤末,6.00,27.50,0.25,,5500.00,440.00,0.00,出厂价,2219,2020-02-06 00:00:00,1,0,2024-07-16 21:00:05,0,2024-07-16 21:00:05,,,
2020-02-06,灵武市,水洗36块,6.00,24.50,0.25,,6800.00,530.00,0.00,出厂价,2220,2020-02-06 00:00:00,1,0,2024-07-16 21:00:05,0,2024-07-16 21:00:05,,,
2020-02-05,灵武市,烟煤末,6.00,27.50,0.25,,5500.00,440.00,0.00,出厂价,2221,2020-02-05 00:00:00,1,0,2024-07-16 21:00:09,0,2024-07-16 21:00:09,,,
2020-02-05,灵武市,水洗36块,6.00,24.50,0.25,,6800.00,530.00,0.00,出厂价,2222,2020-02-05 00:00:00,1,0,2024-07-16 21:00:09,0,2024-07-16 21:00:09,,,
2020-02-04,灵武市,烟煤末,6.00,27.50,0.25,,5500.00,440.00,0.00,出厂价,2223,2020-02-04 00:00:00,1,0,2024-07-16 21:00:09,0,2024-07-16 21:00:09,,,
2020-02-04,灵武市,水洗36块,6.00,24.50,0.25,,6800.00,530.00,0.00,出厂价,2224,2020-02-04 00:00:00,1,0,2024-07-16 21:00:09,0,2024-07-16 21:00:09,,,
2020-02-03,灵武市,烟煤末,6.00,27.50,0.25,,5500.00,440.00,0.00,出厂价,2225,2020-02-03 00:00:00,1,0,2024-07-16 21:00:09,0,2024-07-16 21:00:09,,,
2020-02-03,灵武市,水洗36块,6.00,24.50,0.25,,6800.00,530.00,0.00,出厂价,2226,2020-02-03 00:00:00,1,0,2024-07-16 21:00:09,0,2024-07-16 21:00:09,,,
2020-01-23,灵武市,烟煤末,6.00,27.50,0.25,,5500.00,440.00,0.00,出厂价,2227,2020-01-23 00:00:00,1,0,2024-07-16 21:00:09,0,2024-07-16 21:00:09,,,
2020-01-23,灵武市,水洗36块,6.00,24.50,0.25,,6800.00,530.00,0.00,出厂价,2228,2020-01-23 00:00:00,1,0,2024-07-16 21:00:09,0,2024-07-16 21:00:09,,,
2020-01-22,灵武市,烟煤末,6.00,27.50,0.25,,5500.00,440.00,0.00,出厂价,2229,2020-01-22 00:00:00,1,0,2024-07-16 21:00:09,0,2024-07-16 21:00:09,,,
2020-01-22,灵武市,水洗36块,6.00,24.50,0.25,,6800.00,530.00,0.00,出厂价,2230,2020-01-22 00:00:00,1,0,2024-07-16 21:00:09,0,2024-07-16 21:00:09,,,
2020-01-21,灵武市,烟煤末,6.00,27.50,0.25,,5500.00,440.00,0.00,出厂价,2231,2020-01-21 00:00:00,1,0,2024-07-16 21:00:09,0,2024-07-16 21:00:09,,,
2020-01-21,灵武市,水洗36块,6.00,24.50,0.25,,6800.00,530.00,0.00,出厂价,2232,2020-01-21 00:00:00,1,0,2024-07-16 21:00:09,0,2024-07-16 21:00:09,,,
2020-01-20,灵武市,烟煤末,6.00,27.50,0.25,,5500.00,440.00,0.00,出厂价,2233,2020-01-20 00:00:00,1,0,2024-07-16 21:00:09,0,2024-07-16 21:00:09,,,
2020-01-20,灵武市,水洗36块,6.00,24.50,0.25,,6800.00,530.00,0.00,出厂价,2234,2020-01-20 00:00:00,1,0,2024-07-16 21:00:09,0,2024-07-16 21:00:09,,,
2020-01-19,灵武市,烟煤末,6.00,27.50,0.25,,5500.00,440.00,0.00,出厂价,2235,2020-01-19 00:00:00,1,0,2024-07-16 21:00:09,0,2024-07-16 21:00:09,,,
2020-01-19,灵武市,水洗36块,6.00,24.50,0.25,,6800.00,530.00,0.00,出厂价,2236,2020-01-19 00:00:00,1,0,2024-07-16 21:00:09,0,2024-07-16 21:00:09,,,
2020-01-17,灵武市,烟煤末,6.00,27.50,0.25,,5500.00,440.00,0.00,出厂价,2237,2020-01-17 00:00:00,1,0,2024-07-16 21:00:09,0,2024-07-16 21:00:09,,,
2020-01-17,灵武市,水洗36块,6.00,24.50,0.25,,6800.00,530.00,0.00,出厂价,2238,2020-01-17 00:00:00,1,0,2024-07-16 21:00:09,0,2024-07-16 21:00:09,,,
2020-01-16,灵武市,烟煤末,6.00,27.50,0.25,,5500.00,440.00,0.00,出厂价,2239,2020-01-16 00:00:00,1,0,2024-07-16 21:00:09,0,2024-07-16 21:00:09,,,
2020-01-16,灵武市,水洗36块,6.00,24.50,0.25,,6800.00,530.00,0.00,出厂价,2240,2020-01-16 00:00:00,1,0,2024-07-16 21:00:09,0,2024-07-16 21:00:09,,,
2020-01-15,灵武市,烟煤末,6.00,27.50,0.25,,5500.00,440.00,0.00,出厂价,2241,2020-01-15 00:00:00,1,0,2024-07-16 21:00:09,0,2024-07-16 21:00:09,,,
2020-01-15,灵武市,水洗36块,6.00,24.50,0.25,,6800.00,530.00,0.00,出厂价,2242,2020-01-15 00:00:00,1,0,2024-07-16 21:00:09,0,2024-07-16 21:00:09,,,
2020-01-14,灵武市,烟煤末,6.00,27.50,0.25,,5500.00,440.00,0.00,出厂价,2243,2020-01-14 00:00:00,1,0,2024-07-16 21:00:09,0,2024-07-16 21:00:09,,,
2020-01-14,灵武市,水洗36块,6.00,24.50,0.25,,6800.00,530.00,0.00,出厂价,2244,2020-01-14 00:00:00,1,0,2024-07-16 21:00:09,0,2024-07-16 21:00:09,,,
2020-01-13,灵武市,烟煤末,6.00,27.50,0.25,,5500.00,440.00,0.00,出厂价,2245,2020-01-13 00:00:00,1,0,2024-07-16 21:00:09,0,2024-07-16 21:00:09,,,
2020-01-13,灵武市,水洗36块,6.00,24.50,0.25,,6800.00,530.00,0.00,出厂价,2246,2020-01-13 00:00:00,1,0,2024-07-16 21:00:09,0,2024-07-16 21:00:09,,,
2020-01-10,灵武市,烟煤末,6.00,27.50,0.25,,5500.00,440.00,0.00,出厂价,2247,2020-01-10 00:00:00,1,0,2024-07-16 21:00:09,0,2024-07-16 21:00:09,,,
2020-01-10,灵武市,水洗36块,6.00,24.50,0.25,,6800.00,530.00,0.00,出厂价,2248,2020-01-10 00:00:00,1,0,2024-07-16 21:00:09,0,2024-07-16 21:00:09,,,
2020-01-09,灵武市,烟煤末,6.00,27.50,0.25,,5500.00,440.00,0.00,出厂价,2249,2020-01-09 00:00:00,1,0,2024-07-16 21:00:09,0,2024-07-16 21:00:09,,,
2020-01-09,灵武市,水洗36块,6.00,24.50,0.25,,6800.00,530.00,0.00,出厂价,2250,2020-01-09 00:00:00,1,0,2024-07-16 21:00:09,0,2024-07-16 21:00:09,,,
2020-01-08,灵武市,烟煤末,6.00,27.50,0.25,,5500.00,440.00,0.00,出厂价,2251,2020-01-08 00:00:00,1,0,2024-07-16 21:00:11,0,2024-07-16 21:00:11,,,
2020-01-08,灵武市,水洗36块,6.00,24.50,0.25,,6800.00,530.00,0.00,出厂价,2252,2020-01-08 00:00:00,1,0,2024-07-16 21:00:11,0,2024-07-16 21:00:11,,,
2020-01-07,灵武市,烟煤末,6.00,27.50,0.25,,5500.00,440.00,0.00,出厂价,2253,2020-01-07 00:00:00,1,0,2024-07-16 21:00:11,0,2024-07-16 21:00:11,,,
2020-01-07,灵武市,水洗36块,6.00,24.50,0.25,,6800.00,530.00,0.00,出厂价,2254,2020-01-07 00:00:00,1,0,2024-07-16 21:00:11,0,2024-07-16 21:00:11,,,
2020-01-06,灵武市,烟煤末,6.00,27.50,0.25,,5500.00,440.00,0.00,出厂价,2255,2020-01-06 00:00:00,1,0,2024-07-16 21:00:11,0,2024-07-16 21:00:11,,,
2020-01-06,灵武市,水洗36块,6.00,24.50,0.25,,6800.00,530.00,0.00,出厂价,2256,2020-01-06 00:00:00,1,0,2024-07-16 21:00:11,0,2024-07-16 21:00:11,,,
2020-01-03,灵武市,烟煤末,6.00,27.50,0.25,,5500.00,440.00,0.00,出厂价,2257,2020-01-03 00:00:00,1,0,2024-07-16 21:00:11,0,2024-07-16 21:00:11,,,
2020-01-03,灵武市,水洗36块,6.00,24.50,0.25,,6800.00,530.00,-5.00,出厂价,2258,2020-01-03 00:00:00,1,0,2024-07-16 21:00:11,0,2024-07-16 21:00:11,,,
2020-01-02,灵武市,烟煤末,6.00,27.50,0.25,,5500.00,440.00,-10.00,出厂价,2259,2020-01-02 00:00:00,1,0,2024-07-16 21:00:11,0,2024-07-16 21:00:11,,,
2020-01-02,灵武市,水洗36块,6.00,24.50,0.25,,6800.00,535.00,-10.00,出厂价,2260,2020-01-02 00:00:00,1,0,2024-07-16 21:00:11,0,2024-07-16 21:00:11,,,
2019-12-31,灵武市,烟煤末,6.00,27.50,0.25,,5500.00,450.00,0.00,出厂价,2261,2019-12-31 00:00:00,1,0,2024-07-16 21:00:11,0,2024-07-16 21:00:11,,,
2019-12-31,灵武市,水洗36块,6.00,24.50,0.25,,6800.00,545.00,0.00,出厂价,2262,2019-12-31 00:00:00,1,0,2024-07-16 21:00:11,0,2024-07-16 21:00:11,,,
2019-12-30,灵武市,烟煤末,6.00,27.50,0.25,,5500.00,450.00,0.00,出厂价,2263,2019-12-30 00:00:00,1,0,2024-07-16 21:00:11,0,2024-07-16 21:00:11,,,
2019-12-30,灵武市,水洗36块,6.00,24.50,0.25,,6800.00,545.00,0.00,出厂价,2264,2019-12-30 00:00:00,1,0,2024-07-16 21:00:11,0,2024-07-16 21:00:11,,,
2019-12-27,灵武市,烟煤末,6.00,27.50,0.25,,5500.00,450.00,0.00,出厂价,2265,2019-12-27 00:00:00,1,0,2024-07-16 21:00:11,0,2024-07-16 21:00:11,,,
2019-12-27,灵武市,水洗36块,6.00,24.50,0.25,,6800.00,545.00,0.00,出厂价,2266,2019-12-27 00:00:00,1,0,2024-07-16 21:00:11,0,2024-07-16 21:00:11,,,
2019-12-26,灵武市,烟煤末,6.00,27.50,0.25,,5500.00,450.00,0.00,出厂价,2267,2019-12-26 00:00:00,1,0,2024-07-16 21:00:11,0,2024-07-16 21:00:11,,,
2019-12-26,灵武市,水洗36块,6.00,24.50,0.25,,6800.00,545.00,0.00,出厂价,2268,2019-12-26 00:00:00,1,0,2024-07-16 21:00:11,0,2024-07-16 21:00:11,,,
2019-12-25,灵武市,烟煤末,6.00,27.50,0.25,,5500.00,450.00,0.00,出厂价,2269,2019-12-25 00:00:00,1,0,2024-07-16 21:00:11,0,2024-07-16 21:00:11,,,
2019-12-25,灵武市,水洗36块,6.00,24.50,0.25,,6800.00,545.00,0.00,出厂价,2270,2019-12-25 00:00:00,1,0,2024-07-16 21:00:11,0,2024-07-16 21:00:11,,,
2019-12-24,灵武市,烟煤末,6.00,27.50,0.25,,5500.00,450.00,0.00,出厂价,2271,2019-12-24 00:00:00,1,0,2024-07-16 21:00:11,0,2024-07-16 21:00:11,,,
2019-12-24,灵武市,水洗36块,6.00,24.50,0.25,,6800.00,545.00,0.00,出厂价,2272,2019-12-24 00:00:00,1,0,2024-07-16 21:00:11,0,2024-07-16 21:00:11,,,
2019-12-23,灵武市,烟煤末,6.00,27.50,0.25,,5500.00,450.00,0.00,出厂价,2273,2019-12-23 00:00:00,1,0,2024-07-16 21:00:11,0,2024-07-16 21:00:11,,,
2019-12-23,灵武市,水洗36块,6.00,24.50,0.25,,6800.00,545.00,0.00,出厂价,2274,2019-12-23 00:00:00,1,0,2024-07-16 21:00:11,0,2024-07-16 21:00:11,,,
2019-12-20,灵武市,烟煤末,6.00,27.50,0.25,,5500.00,450.00,0.00,出厂价,2275,2019-12-20 00:00:00,1,0,2024-07-16 21:00:11,0,2024-07-16 21:00:11,,,
2019-12-20,灵武市,水洗36块,6.00,24.50,0.25,,6800.00,545.00,0.00,出厂价,2276,2019-12-20 00:00:00,1,0,2024-07-16 21:00:11,0,2024-07-16 21:00:11,,,
2019-12-19,灵武市,烟煤末,6.00,27.50,0.25,,5500.00,450.00,0.00,出厂价,2277,2019-12-19 00:00:00,1,0,2024-07-16 21:00:11,0,2024-07-16 21:00:11,,,
2019-12-19,灵武市,水洗36块,6.00,24.50,0.25,,6800.00,545.00,0.00,出厂价,2278,2019-12-19 00:00:00,1,0,2024-07-16 21:00:11,0,2024-07-16 21:00:11,,,
2019-12-18,灵武市,烟煤末,6.00,27.50,0.25,,5500.00,450.00,0.00,出厂价,2279,2019-12-18 00:00:00,1,0,2024-07-16 21:00:11,0,2024-07-16 21:00:11,,,
2019-12-18,灵武市,水洗36块,6.00,24.50,0.25,,6800.00,545.00,0.00,出厂价,2280,2019-12-18 00:00:00,1,0,2024-07-16 21:00:11,0,2024-07-16 21:00:11,,,
2019-12-17,灵武市,烟煤末,6.00,27.50,0.25,,5500.00,450.00,0.00,出厂价,2281,2019-12-17 00:00:00,1,0,2024-07-16 21:00:13,0,2024-07-16 21:00:13,,,
2019-12-17,灵武市,水洗36块,6.00,24.50,0.25,,6800.00,545.00,0.00,出厂价,2282,2019-12-17 00:00:00,1,0,2024-07-16 21:00:13,0,2024-07-16 21:00:13,,,
2019-12-16,灵武市,烟煤末,6.00,27.50,0.25,,5500.00,450.00,0.00,出厂价,2283,2019-12-16 00:00:00,1,0,2024-07-16 21:00:13,0,2024-07-16 21:00:13,,,
2019-12-16,灵武市,水洗36块,6.00,24.50,0.25,,6800.00,545.00,0.00,出厂价,2284,2019-12-16 00:00:00,1,0,2024-07-16 21:00:13,0,2024-07-16 21:00:13,,,
2019-12-13,灵武市,烟煤末,6.00,27.50,0.25,,5500.00,450.00,0.00,出厂价,2285,2019-12-13 00:00:00,1,0,2024-07-16 21:00:13,0,2024-07-16 21:00:13,,,
2019-12-13,灵武市,水洗36块,6.00,24.50,0.25,,6800.00,545.00,-5.00,出厂价,2286,2019-12-13 00:00:00,1,0,2024-07-16 21:00:13,0,2024-07-16 21:00:13,,,
2019-12-12,灵武市,烟煤末,6.00,27.50,0.25,,5500.00,450.00,0.00,出厂价,2287,2019-12-12 00:00:00,1,0,2024-07-16 21:00:13,0,2024-07-16 21:00:13,,,
2019-12-12,灵武市,水洗36块,6.00,24.50,0.25,,6800.00,550.00,0.00,出厂价,2288,2019-12-12 00:00:00,1,0,2024-07-16 21:00:13,0,2024-07-16 21:00:13,,,
2019-12-11,灵武市,烟煤末,6.00,27.50,0.25,,5500.00,450.00,0.00,出厂价,2289,2019-12-11 00:00:00,1,0,2024-07-16 21:00:13,0,2024-07-16 21:00:13,,,
2019-12-11,灵武市,水洗36块,6.00,24.50,0.25,,6800.00,550.00,0.00,出厂价,2290,2019-12-11 00:00:00,1,0,2024-07-16 21:00:13,0,2024-07-16 21:00:13,,,
2019-12-10,灵武市,烟煤末,6.00,27.50,0.25,,5500.00,450.00,0.00,出厂价,2291,2019-12-10 00:00:00,1,0,2024-07-16 21:00:13,0,2024-07-16 21:00:13,,,
2019-12-10,灵武市,水洗36块,6.00,24.50,0.25,,6800.00,550.00,0.00,出厂价,2292,2019-12-10 00:00:00,1,0,2024-07-16 21:00:13,0,2024-07-16 21:00:13,,,
2019-12-09,灵武市,烟煤末,6.00,27.50,0.25,,5500.00,450.00,0.00,出厂价,2293,2019-12-09 00:00:00,1,0,2024-07-16 21:00:13,0,2024-07-16 21:00:13,,,
2019-12-09,灵武市,水洗36块,6.00,24.50,0.25,,6800.00,550.00,0.00,出厂价,2294,2019-12-09 00:00:00,1,0,2024-07-16 21:00:13,0,2024-07-16 21:00:13,,,
2019-12-06,灵武市,烟煤末,6.00,27.50,0.25,,5500.00,450.00,0.00,出厂价,2295,2019-12-06 00:00:00,1,0,2024-07-16 21:00:13,0,2024-07-16 21:00:13,,,
2019-12-06,灵武市,水洗36块,6.00,24.50,0.25,,6800.00,550.00,0.00,出厂价,2296,2019-12-06 00:00:00,1,0,2024-07-16 21:00:13,0,2024-07-16 21:00:13,,,
2019-12-05,灵武市,烟煤末,6.00,27.50,0.25,,5500.00,450.00,0.00,出厂价,2297,2019-12-05 00:00:00,1,0,2024-07-16 21:00:13,0,2024-07-16 21:00:13,,,
2019-12-05,灵武市,水洗36块,6.00,24.50,0.25,,6800.00,550.00,0.00,出厂价,2298,2019-12-05 00:00:00,1,0,2024-07-16 21:00:13,0,2024-07-16 21:00:13,,,
2019-12-04,灵武市,烟煤末,6.00,27.50,0.25,,5500.00,450.00,0.00,出厂价,2299,2019-12-04 00:00:00,1,0,2024-07-16 21:00:13,0,2024-07-16 21:00:13,,,
2019-12-04,灵武市,水洗36块,6.00,24.50,0.25,,6800.00,550.00,0.00,出厂价,2300,2019-12-04 00:00:00,1,0,2024-07-16 21:00:13,0,2024-07-16 21:00:13,,,
2019-12-03,灵武市,烟煤末,6.00,27.50,0.25,,5500.00,450.00,0.00,出厂价,2301,2019-12-03 00:00:00,1,0,2024-07-16 21:00:13,0,2024-07-16 21:00:13,,,
2019-12-03,灵武市,水洗36块,6.00,24.50,0.25,,6800.00,550.00,0.00,出厂价,2302,2019-12-03 00:00:00,1,0,2024-07-16 21:00:13,0,2024-07-16 21:00:13,,,
2019-12-02,灵武市,烟煤末,6.00,27.50,0.25,,5500.00,450.00,0.00,出厂价,2303,2019-12-02 00:00:00,1,0,2024-07-16 21:00:13,0,2024-07-16 21:00:13,,,
2019-12-02,灵武市,水洗36块,6.00,24.50,0.25,,6800.00,550.00,0.00,出厂价,2304,2019-12-02 00:00:00,1,0,2024-07-16 21:00:13,0,2024-07-16 21:00:13,,,
2019-11-29,灵武市,烟煤末,6.00,27.50,0.25,,5500.00,450.00,0.00,出厂价,2305,2019-11-29 00:00:00,1,0,2024-07-16 21:00:13,0,2024-07-16 21:00:13,,,
2019-11-29,灵武市,水洗36块,6.00,24.50,0.25,,6800.00,550.00,0.00,出厂价,2306,2019-11-29 00:00:00,1,0,2024-07-16 21:00:13,0,2024-07-16 21:00:13,,,
2019-11-28,灵武市,烟煤末,6.00,27.50,0.25,,5500.00,450.00,0.00,出厂价,2307,2019-11-28 00:00:00,1,0,2024-07-16 21:00:13,0,2024-07-16 21:00:13,,,
2019-11-28,灵武市,水洗36块,6.00,24.50,0.25,,6800.00,550.00,0.00,出厂价,2308,2019-11-28 00:00:00,1,0,2024-07-16 21:00:13,0,2024-07-16 21:00:13,,,
2019-11-27,灵武市,烟煤末,6.00,27.50,0.25,,5500.00,450.00,0.00,出厂价,2309,2019-11-27 00:00:00,1,0,2024-07-16 21:00:13,0,2024-07-16 21:00:13,,,
2019-11-27,灵武市,水洗36块,6.00,24.50,0.25,,6800.00,550.00,0.00,出厂价,2310,2019-11-27 00:00:00,1,0,2024-07-16 21:00:13,0,2024-07-16 21:00:13,,,
2019-11-26,灵武市,烟煤末,6.00,27.50,0.25,,5500.00,450.00,0.00,出厂价,2311,2019-11-26 00:00:00,1,0,2024-07-16 21:00:16,0,2024-07-16 21:00:16,,,
2019-11-26,灵武市,水洗36块,6.00,24.50,0.25,,6800.00,550.00,0.00,出厂价,2312,2019-11-26 00:00:00,1,0,2024-07-16 21:00:16,0,2024-07-16 21:00:16,,,
2019-11-25,灵武市,烟煤末,6.00,27.50,0.25,,5500.00,450.00,0.00,出厂价,2313,2019-11-25 00:00:00,1,0,2024-07-16 21:00:16,0,2024-07-16 21:00:16,,,
2019-11-25,灵武市,水洗36块,6.00,24.50,0.25,,6800.00,550.00,0.00,出厂价,2314,2019-11-25 00:00:00,1,0,2024-07-16 21:00:16,0,2024-07-16 21:00:16,,,
2019-11-22,灵武市,烟煤末,6.00,27.50,0.25,,5500.00,450.00,0.00,出厂价,2315,2019-11-22 00:00:00,1,0,2024-07-16 21:00:16,0,2024-07-16 21:00:16,,,
2019-11-22,灵武市,水洗36块,6.00,24.50,0.25,,6800.00,550.00,0.00,出厂价,2316,2019-11-22 00:00:00,1,0,2024-07-16 21:00:16,0,2024-07-16 21:00:16,,,
2019-11-21,灵武市,烟煤末,6.00,27.50,0.25,,5500.00,450.00,0.00,出厂价,2317,2019-11-21 00:00:00,1,0,2024-07-16 21:00:16,0,2024-07-16 21:00:16,,,
2019-11-21,灵武市,水洗36块,6.00,24.50,0.25,,6800.00,550.00,0.00,出厂价,2318,2019-11-21 00:00:00,1,0,2024-07-16 21:00:16,0,2024-07-16 21:00:16,,,
2019-11-20,灵武市,烟煤末,6.00,27.50,0.25,,5500.00,450.00,0.00,出厂价,2319,2019-11-20 00:00:00,1,0,2024-07-16 21:00:16,0,2024-07-16 21:00:16,,,
2019-11-20,灵武市,水洗36块,6.00,24.50,0.25,,6800.00,550.00,-10.00,出厂价,2320,2019-11-20 00:00:00,1,0,2024-07-16 21:00:16,0,2024-07-16 21:00:16,,,
2019-11-19,灵武市,烟煤末,6.00,27.50,0.25,,5500.00,450.00,0.00,出厂价,2321,2019-11-19 00:00:00,1,0,2024-07-16 21:00:16,0,2024-07-16 21:00:16,,,
2019-11-19,灵武市,水洗36块,6.00,24.50,0.25,,6800.00,560.00,0.00,出厂价,2322,2019-11-19 00:00:00,1,0,2024-07-16 21:00:16,0,2024-07-16 21:00:16,,,
2019-11-18,灵武市,烟煤末,6.00,27.50,0.25,,5500.00,450.00,0.00,出厂价,2323,2019-11-18 00:00:00,1,0,2024-07-16 21:00:16,0,2024-07-16 21:00:16,,,
2019-11-18,灵武市,水洗36块,6.00,24.50,0.25,,6800.00,560.00,0.00,出厂价,2324,2019-11-18 00:00:00,1,0,2024-07-16 21:00:16,0,2024-07-16 21:00:16,,,
2019-11-15,灵武市,烟煤末,6.00,27.50,0.25,,5500.00,450.00,0.00,出厂价,2325,2019-11-15 00:00:00,1,0,2024-07-16 21:00:16,0,2024-07-16 21:00:16,,,
2019-11-15,灵武市,水洗36块,6.00,24.50,0.25,,6800.00,560.00,0.00,出厂价,2326,2019-11-15 00:00:00,1,0,2024-07-16 21:00:16,0,2024-07-16 21:00:16,,,
2019-11-14,灵武市,烟煤末,6.00,27.50,0.25,,5500.00,450.00,0.00,出厂价,2327,2019-11-14 00:00:00,1,0,2024-07-16 21:00:16,0,2024-07-16 21:00:16,,,
2019-11-14,灵武市,水洗36块,6.00,24.50,0.25,,6800.00,560.00,0.00,出厂价,2328,2019-11-14 00:00:00,1,0,2024-07-16 21:00:16,0,2024-07-16 21:00:16,,,
2019-11-13,灵武市,烟煤末,6.00,27.50,0.25,,5500.00,450.00,0.00,出厂价,2329,2019-11-13 00:00:00,1,0,2024-07-16 21:00:16,0,2024-07-16 21:00:16,,,
2019-11-13,灵武市,水洗36块,6.00,24.50,0.25,,6800.00,560.00,0.00,出厂价,2330,2019-11-13 00:00:00,1,0,2024-07-16 21:00:16,0,2024-07-16 21:00:16,,,
2019-11-12,灵武市,烟煤末,6.00,27.50,0.25,,5500.00,450.00,0.00,出厂价,2331,2019-11-12 00:00:00,1,0,2024-07-16 21:00:16,0,2024-07-16 21:00:16,,,
2019-11-12,灵武市,水洗36块,6.00,24.50,0.25,,6800.00,560.00,0.00,出厂价,2332,2019-11-12 00:00:00,1,0,2024-07-16 21:00:16,0,2024-07-16 21:00:16,,,
2019-11-11,灵武市,烟煤末,6.00,27.50,0.25,,5500.00,450.00,0.00,出厂价,2333,2019-11-11 00:00:00,1,0,2024-07-16 21:00:16,0,2024-07-16 21:00:16,,,
2019-11-11,灵武市,水洗36块,6.00,24.50,0.25,,6800.00,560.00,0.00,出厂价,2334,2019-11-11 00:00:00,1,0,2024-07-16 21:00:16,0,2024-07-16 21:00:16,,,
2019-11-08,灵武市,烟煤末,6.00,27.50,0.25,,5500.00,450.00,0.00,出厂价,2335,2019-11-08 00:00:00,1,0,2024-07-16 21:00:16,0,2024-07-16 21:00:16,,,
2019-11-08,灵武市,水洗36块,6.00,24.50,0.25,,6800.00,560.00,0.00,出厂价,2336,2019-11-08 00:00:00,1,0,2024-07-16 21:00:16,0,2024-07-16 21:00:16,,,
2019-11-07,灵武市,烟煤末,6.00,27.50,0.25,,5500.00,450.00,0.00,出厂价,2337,2019-11-07 00:00:00,1,0,2024-07-16 21:00:16,0,2024-07-16 21:00:16,,,
2019-11-07,灵武市,水洗36块,6.00,24.50,0.25,,6800.00,560.00,0.00,出厂价,2338,2019-11-07 00:00:00,1,0,2024-07-16 21:00:16,0,2024-07-16 21:00:16,,,
2019-11-06,灵武市,烟煤末,6.00,27.50,0.25,,5500.00,450.00,0.00,出厂价,2339,2019-11-06 00:00:00,1,0,2024-07-16 21:00:16,0,2024-07-16 21:00:16,,,
2019-11-06,灵武市,水洗36块,6.00,24.50,0.25,,6800.00,560.00,0.00,出厂价,2340,2019-11-06 00:00:00,1,0,2024-07-16 21:00:16,0,2024-07-16 21:00:16,,,
2019-11-05,灵武市,烟煤末,6.00,27.50,0.25,,5500.00,450.00,0.00,出厂价,2341,2019-11-05 00:00:00,1,0,2024-07-16 21:00:19,0,2024-07-16 21:00:19,,,
2019-11-05,灵武市,水洗36块,6.00,24.50,0.25,,6800.00,560.00,0.00,出厂价,2342,2019-11-05 00:00:00,1,0,2024-07-16 21:00:19,0,2024-07-16 21:00:19,,,
2019-11-04,灵武市,烟煤末,6.00,27.50,0.25,,5500.00,450.00,0.00,出厂价,2343,2019-11-04 00:00:00,1,0,2024-07-16 21:00:19,0,2024-07-16 21:00:19,,,
2019-11-04,灵武市,水洗36块,6.00,24.50,0.25,,6800.00,560.00,0.00,出厂价,2344,2019-11-04 00:00:00,1,0,2024-07-16 21:00:19,0,2024-07-16 21:00:19,,,
2019-11-01,灵武市,烟煤末,6.00,27.50,0.25,,5500.00,450.00,0.00,出厂价,2345,2019-11-01 00:00:00,1,0,2024-07-16 21:00:19,0,2024-07-16 21:00:19,,,
2019-11-01,灵武市,水洗36块,6.00,24.50,0.25,,6800.00,560.00,0.00,出厂价,2346,2019-11-01 00:00:00,1,0,2024-07-16 21:00:19,0,2024-07-16 21:00:19,,,
2019-10-31,灵武市,烟煤末,6.00,27.50,0.25,,5500.00,450.00,0.00,出厂价,2347,2019-10-31 00:00:00,1,0,2024-07-16 21:00:19,0,2024-07-16 21:00:19,,,
2019-10-31,灵武市,水洗36块,6.00,24.50,0.25,,6800.00,560.00,0.00,出厂价,2348,2019-10-31 00:00:00,1,0,2024-07-16 21:00:19,0,2024-07-16 21:00:19,,,
2019-10-30,灵武市,烟煤末,6.00,27.50,0.25,,5500.00,450.00,0.00,出厂价,2349,2019-10-30 00:00:00,1,0,2024-07-16 21:00:19,0,2024-07-16 21:00:19,,,
2019-10-30,灵武市,水洗36块,6.00,24.50,0.25,,6800.00,560.00,0.00,出厂价,2350,2019-10-30 00:00:00,1,0,2024-07-16 21:00:19,0,2024-07-16 21:00:19,,,
2019-10-29,灵武市,烟煤末,6.00,27.50,0.25,,5500.00,450.00,0.00,出厂价,2351,2019-10-29 00:00:00,1,0,2024-07-16 21:00:19,0,2024-07-16 21:00:19,,,
2019-10-29,灵武市,水洗36块,6.00,24.50,0.25,,6800.00,560.00,0.00,出厂价,2352,2019-10-29 00:00:00,1,0,2024-07-16 21:00:19,0,2024-07-16 21:00:19,,,
2019-10-28,灵武市,烟煤末,6.00,27.50,0.25,,5500.00,450.00,0.00,出厂价,2353,2019-10-28 00:00:00,1,0,2024-07-16 21:00:19,0,2024-07-16 21:00:19,,,
2019-10-28,灵武市,水洗36块,6.00,24.50,0.25,,6800.00,560.00,0.00,出厂价,2354,2019-10-28 00:00:00,1,0,2024-07-16 21:00:19,0,2024-07-16 21:00:19,,,
2019-10-25,灵武市,烟煤末,6.00,27.50,0.25,,5500.00,450.00,0.00,出厂价,2355,2019-10-25 00:00:00,1,0,2024-07-16 21:00:19,0,2024-07-16 21:00:19,,,
2019-10-25,灵武市,水洗36块,6.00,24.50,0.25,,6800.00,560.00,0.00,出厂价,2356,2019-10-25 00:00:00,1,0,2024-07-16 21:00:19,0,2024-07-16 21:00:19,,,
2019-10-24,灵武市,烟煤末,6.00,27.50,0.25,,5500.00,450.00,0.00,出厂价,2357,2019-10-24 00:00:00,1,0,2024-07-16 21:00:19,0,2024-07-16 21:00:19,,,
2019-10-24,灵武市,水洗36块,6.00,24.50,0.25,,6800.00,560.00,0.00,出厂价,2358,2019-10-24 00:00:00,1,0,2024-07-16 21:00:19,0,2024-07-16 21:00:19,,,
2019-10-23,灵武市,烟煤末,6.00,27.50,0.25,,5500.00,450.00,0.00,出厂价,2359,2019-10-23 00:00:00,1,0,2024-07-16 21:00:19,0,2024-07-16 21:00:19,,,
2019-10-23,灵武市,水洗36块,6.00,24.50,0.25,,6800.00,560.00,0.00,出厂价,2360,2019-10-23 00:00:00,1,0,2024-07-16 21:00:19,0,2024-07-16 21:00:19,,,
2019-10-22,灵武市,烟煤末,6.00,27.50,0.25,,5500.00,450.00,-5.00,出厂价,2361,2019-10-22 00:00:00,1,0,2024-07-16 21:00:19,0,2024-07-16 21:00:19,,,
2019-10-22,灵武市,水洗36块,6.00,24.50,0.25,,6800.00,560.00,0.00,出厂价,2362,2019-10-22 00:00:00,1,0,2024-07-16 21:00:19,0,2024-07-16 21:00:19,,,
2019-10-21,灵武市,烟煤末,6.00,27.50,0.25,,5500.00,455.00,0.00,出厂价,2363,2019-10-21 00:00:00,1,0,2024-07-16 21:00:19,0,2024-07-16 21:00:19,,,
2019-10-21,灵武市,水洗36块,6.00,24.50,0.25,,6800.00,560.00,0.00,出厂价,2364,2019-10-21 00:00:00,1,0,2024-07-16 21:00:19,0,2024-07-16 21:00:19,,,
2019-10-18,灵武市,烟煤末,6.00,27.50,0.25,,5500.00,455.00,0.00,出厂价,2365,2019-10-18 00:00:00,1,0,2024-07-16 21:00:19,0,2024-07-16 21:00:19,,,
2019-10-18,灵武市,水洗36块,6.00,24.50,0.25,,6800.00,560.00,0.00,出厂价,2366,2019-10-18 00:00:00,1,0,2024-07-16 21:00:19,0,2024-07-16 21:00:19,,,
2019-10-17,灵武市,烟煤末,6.00,27.50,0.25,,5500.00,455.00,0.00,出厂价,2367,2019-10-17 00:00:00,1,0,2024-07-16 21:00:19,0,2024-07-16 21:00:19,,,
2019-10-17,灵武市,水洗36块,6.00,24.50,0.25,,6800.00,560.00,0.00,出厂价,2368,2019-10-17 00:00:00,1,0,2024-07-16 21:00:19,0,2024-07-16 21:00:19,,,
2019-10-16,灵武市,烟煤末,6.00,27.50,0.25,,5500.00,455.00,0.00,出厂价,2369,2019-10-16 00:00:00,1,0,2024-07-16 21:00:19,0,2024-07-16 21:00:19,,,
2019-10-16,灵武市,水洗36块,6.00,24.50,0.25,,6800.00,560.00,0.00,出厂价,2370,2019-10-16 00:00:00,1,0,2024-07-16 21:00:19,0,2024-07-16 21:00:19,,,
2019-10-15,灵武市,烟煤末,6.00,27.50,0.25,,5500.00,455.00,0.00,出厂价,2371,2019-10-15 00:00:00,1,0,2024-07-16 21:00:21,0,2024-07-16 21:00:21,,,
2019-10-15,灵武市,水洗36块,6.00,24.50,0.25,,6800.00,560.00,0.00,出厂价,2372,2019-10-15 00:00:00,1,0,2024-07-16 21:00:21,0,2024-07-16 21:00:21,,,
2019-10-14,灵武市,烟煤末,6.00,27.50,0.25,,5500.00,455.00,0.00,出厂价,2373,2019-10-14 00:00:00,1,0,2024-07-16 21:00:21,0,2024-07-16 21:00:21,,,
2019-10-14,灵武市,水洗36块,6.00,24.50,0.25,,6800.00,560.00,-5.00,出厂价,2374,2019-10-14 00:00:00,1,0,2024-07-16 21:00:21,0,2024-07-16 21:00:21,,,
2019-10-12,灵武市,烟煤末,6.00,27.50,0.25,,5500.00,455.00,0.00,出厂价,2375,2019-10-12 00:00:00,1,0,2024-07-16 21:00:21,0,2024-07-16 21:00:21,,,
2019-10-12,灵武市,水洗36块,6.00,24.50,0.25,,6800.00,565.00,0.00,出厂价,2376,2019-10-12 00:00:00,1,0,2024-07-16 21:00:21,0,2024-07-16 21:00:21,,,
2019-10-11,灵武市,烟煤末,6.00,27.50,0.25,,5500.00,455.00,0.00,出厂价,2377,2019-10-11 00:00:00,1,0,2024-07-16 21:00:21,0,2024-07-16 21:00:21,,,
2019-10-11,灵武市,水洗36块,6.00,24.50,0.25,,6800.00,565.00,0.00,出厂价,2378,2019-10-11 00:00:00,1,0,2024-07-16 21:00:21,0,2024-07-16 21:00:21,,,
2019-10-10,灵武市,烟煤末,6.00,27.50,0.25,,5500.00,455.00,-5.00,出厂价,2379,2019-10-10 00:00:00,1,0,2024-07-16 21:00:21,0,2024-07-16 21:00:21,,,
2019-10-10,灵武市,水洗36块,6.00,24.50,0.25,,6800.00,565.00,-5.00,出厂价,2380,2019-10-10 00:00:00,1,0,2024-07-16 21:00:21,0,2024-07-16 21:00:21,,,
2019-10-09,灵武市,烟煤末,6.00,27.50,0.25,,5500.00,460.00,-5.00,出厂价,2381,2019-10-09 00:00:00,1,0,2024-07-16 21:00:21,0,2024-07-16 21:00:21,,,
2019-10-09,灵武市,水洗36块,6.00,24.50,0.25,,6800.00,570.00,0.00,出厂价,2382,2019-10-09 00:00:00,1,0,2024-07-16 21:00:21,0,2024-07-16 21:00:21,,,
2019-10-08,灵武市,烟煤末,6.00,27.50,0.25,,5500.00,465.00,0.00,出厂价,2383,2019-10-08 00:00:00,1,0,2024-07-16 21:00:21,0,2024-07-16 21:00:21,,,
2019-10-08,灵武市,水洗36块,6.00,24.50,0.25,,6800.00,570.00,0.00,出厂价,2384,2019-10-08 00:00:00,1,0,2024-07-16 21:00:21,0,2024-07-16 21:00:21,,,
2019-09-30,灵武市,烟煤末,6.00,27.50,0.25,,5500.00,465.00,0.00,出厂价,2385,2019-09-30 00:00:00,1,0,2024-07-16 21:00:21,0,2024-07-16 21:00:21,,,
2019-09-30,灵武市,水洗36块,6.00,24.50,0.25,,6800.00,570.00,0.00,出厂价,2386,2019-09-30 00:00:00,1,0,2024-07-16 21:00:21,0,2024-07-16 21:00:21,,,
2019-09-29,灵武市,烟煤末,6.00,27.50,0.25,,5500.00,465.00,0.00,出厂价,2387,2019-09-29 00:00:00,1,0,2024-07-16 21:00:21,0,2024-07-16 21:00:21,,,
2019-09-29,灵武市,水洗36块,6.00,24.50,0.25,,6800.00,570.00,0.00,出厂价,2388,2019-09-29 00:00:00,1,0,2024-07-16 21:00:21,0,2024-07-16 21:00:21,,,
2019-09-27,灵武市,烟煤末,6.00,27.50,0.25,,5500.00,465.00,5.00,出厂价,2389,2019-09-27 00:00:00,1,0,2024-07-16 21:00:21,0,2024-07-16 21:00:21,,,
2019-09-27,灵武市,水洗36块,6.00,24.50,0.25,,6800.00,570.00,0.00,出厂价,2390,2019-09-27 00:00:00,1,0,2024-07-16 21:00:21,0,2024-07-16 21:00:21,,,
2019-09-26,灵武市,烟煤末,6.00,27.50,0.25,,5500.00,460.00,0.00,出厂价,2391,2019-09-26 00:00:00,1,0,2024-07-16 21:00:21,0,2024-07-16 21:00:21,,,
2019-09-26,灵武市,水洗36块,6.00,24.50,0.25,,6800.00,570.00,0.00,出厂价,2392,2019-09-26 00:00:00,1,0,2024-07-16 21:00:21,0,2024-07-16 21:00:21,,,
2019-09-25,灵武市,烟煤末,6.00,27.50,0.25,,5500.00,460.00,0.00,出厂价,2393,2019-09-25 00:00:00,1,0,2024-07-16 21:00:21,0,2024-07-16 21:00:21,,,
2019-09-25,灵武市,水洗36块,6.00,24.50,0.25,,6800.00,570.00,5.00,出厂价,2394,2019-09-25 00:00:00,1,0,2024-07-16 21:00:21,0,2024-07-16 21:00:21,,,
2019-09-24,灵武市,烟煤末,6.00,27.50,0.25,,5500.00,460.00,0.00,出厂价,2395,2019-09-24 00:00:00,1,0,2024-07-16 21:00:21,0,2024-07-16 21:00:21,,,
2019-09-24,灵武市,水洗36块,6.00,24.50,0.25,,6800.00,565.00,0.00,出厂价,2396,2019-09-24 00:00:00,1,0,2024-07-16 21:00:21,0,2024-07-16 21:00:21,,,
2019-09-23,灵武市,烟煤末,6.00,27.50,0.25,,5500.00,460.00,0.00,出厂价,2397,2019-09-23 00:00:00,1,0,2024-07-16 21:00:21,0,2024-07-16 21:00:21,,,
2019-09-23,灵武市,水洗36块,6.00,24.50,0.25,,6800.00,565.00,0.00,出厂价,2398,2019-09-23 00:00:00,1,0,2024-07-16 21:00:21,0,2024-07-16 21:00:21,,,
2019-09-20,灵武市,烟煤末,6.00,27.50,0.25,,5500.00,460.00,0.00,出厂价,2399,2019-09-20 00:00:00,1,0,2024-07-16 21:00:21,0,2024-07-16 21:00:21,,,
2019-09-20,灵武市,水洗36块,6.00,24.50,0.25,,6800.00,565.00,5.00,出厂价,2400,2019-09-20 00:00:00,1,0,2024-07-16 21:00:21,0,2024-07-16 21:00:21,,,
2019-09-19,灵武市,烟煤末,6.00,27.50,0.25,,5500.00,460.00,0.00,出厂价,2401,2019-09-19 00:00:00,1,0,2024-07-16 21:00:25,0,2024-07-16 21:00:25,,,
2019-09-19,灵武市,水洗36块,6.00,24.50,0.25,,6800.00,560.00,0.00,出厂价,2402,2019-09-19 00:00:00,1,0,2024-07-16 21:00:25,0,2024-07-16 21:00:25,,,
2019-09-18,灵武市,烟煤末,6.00,27.50,0.25,,5500.00,460.00,0.00,出厂价,2403,2019-09-18 00:00:00,1,0,2024-07-16 21:00:25,0,2024-07-16 21:00:25,,,
2019-09-18,灵武市,水洗36块,6.00,24.50,0.25,,6800.00,560.00,0.00,出厂价,2404,2019-09-18 00:00:00,1,0,2024-07-16 21:00:25,0,2024-07-16 21:00:25,,,
2019-09-17,灵武市,烟煤末,6.00,27.50,0.25,,5500.00,460.00,0.00,出厂价,2405,2019-09-17 00:00:00,1,0,2024-07-16 21:00:25,0,2024-07-16 21:00:25,,,
2019-09-17,灵武市,水洗36块,6.00,24.50,0.25,,6800.00,560.00,0.00,出厂价,2406,2019-09-17 00:00:00,1,0,2024-07-16 21:00:25,0,2024-07-16 21:00:25,,,
2019-09-16,灵武市,烟煤末,6.00,27.50,0.25,,5500.00,460.00,0.00,出厂价,2407,2019-09-16 00:00:00,1,0,2024-07-16 21:00:25,0,2024-07-16 21:00:25,,,
2019-09-16,灵武市,水洗36块,6.00,24.50,0.25,,6800.00,560.00,5.00,出厂价,2408,2019-09-16 00:00:00,1,0,2024-07-16 21:00:25,0,2024-07-16 21:00:25,,,
2019-09-12,灵武市,烟煤末,6.00,27.50,0.25,,5500.00,460.00,0.00,出厂价,2409,2019-09-12 00:00:00,1,0,2024-07-16 21:00:25,0,2024-07-16 21:00:25,,,
2019-09-12,灵武市,水洗36块,6.00,24.50,0.25,,6800.00,555.00,0.00,出厂价,2410,2019-09-12 00:00:00,1,0,2024-07-16 21:00:25,0,2024-07-16 21:00:25,,,
2019-09-11,灵武市,烟煤末,6.00,27.50,0.25,,5500.00,460.00,0.00,出厂价,2411,2019-09-11 00:00:00,1,0,2024-07-16 21:00:25,0,2024-07-16 21:00:25,,,
2019-09-11,灵武市,水洗36块,6.00,24.50,0.25,,6800.00,555.00,5.00,出厂价,2412,2019-09-11 00:00:00,1,0,2024-07-16 21:00:25,0,2024-07-16 21:00:25,,,
2019-09-10,灵武市,烟煤末,6.00,27.50,0.25,,5500.00,460.00,0.00,出厂价,2413,2019-09-10 00:00:00,1,0,2024-07-16 21:00:25,0,2024-07-16 21:00:25,,,
2019-09-10,灵武市,水洗36块,6.00,24.50,0.25,,6800.00,550.00,0.00,出厂价,2414,2019-09-10 00:00:00,1,0,2024-07-16 21:00:25,0,2024-07-16 21:00:25,,,
2019-09-09,灵武市,烟煤末,6.00,27.50,0.25,,5500.00,460.00,0.00,出厂价,2415,2019-09-09 00:00:00,1,0,2024-07-16 21:00:25,0,2024-07-16 21:00:25,,,
2019-09-09,灵武市,水洗36块,6.00,24.50,0.25,,6800.00,550.00,0.00,出厂价,2416,2019-09-09 00:00:00,1,0,2024-07-16 21:00:25,0,2024-07-16 21:00:25,,,
2019-09-06,灵武市,烟煤末,6.00,27.50,0.25,,5500.00,460.00,0.00,出厂价,2417,2019-09-06 00:00:00,1,0,2024-07-16 21:00:25,0,2024-07-16 21:00:25,,,
2019-09-06,灵武市,水洗36块,6.00,24.50,0.25,,6800.00,550.00,0.00,出厂价,2418,2019-09-06 00:00:00,1,0,2024-07-16 21:00:25,0,2024-07-16 21:00:25,,,
2019-09-05,灵武市,烟煤末,6.00,27.50,0.25,,5500.00,460.00,0.00,出厂价,2419,2019-09-05 00:00:00,1,0,2024-07-16 21:00:25,0,2024-07-16 21:00:25,,,
2019-09-05,灵武市,水洗36块,6.00,24.50,0.25,,6800.00,550.00,0.00,出厂价,2420,2019-09-05 00:00:00,1,0,2024-07-16 21:00:25,0,2024-07-16 21:00:25,,,
2019-09-04,灵武市,烟煤末,6.00,27.50,0.25,,5500.00,460.00,0.00,出厂价,2421,2019-09-04 00:00:00,1,0,2024-07-16 21:00:25,0,2024-07-16 21:00:25,,,
2019-09-04,灵武市,水洗36块,6.00,24.50,0.25,,6800.00,550.00,0.00,出厂价,2422,2019-09-04 00:00:00,1,0,2024-07-16 21:00:25,0,2024-07-16 21:00:25,,,
2019-09-03,灵武市,烟煤末,6.00,27.50,0.25,,5500.00,460.00,0.00,出厂价,2423,2019-09-03 00:00:00,1,0,2024-07-16 21:00:25,0,2024-07-16 21:00:25,,,
2019-09-03,灵武市,水洗36块,6.00,24.50,0.25,,6800.00,550.00,0.00,出厂价,2424,2019-09-03 00:00:00,1,0,2024-07-16 21:00:25,0,2024-07-16 21:00:25,,,
2019-09-02,灵武市,烟煤末,6.00,27.50,0.25,,5500.00,460.00,0.00,出厂价,2425,2019-09-02 00:00:00,1,0,2024-07-16 21:00:25,0,2024-07-16 21:00:25,,,
2019-09-02,灵武市,水洗36块,6.00,24.50,0.25,,6800.00,550.00,5.00,出厂价,2426,2019-09-02 00:00:00,1,0,2024-07-16 21:00:25,0,2024-07-16 21:00:25,,,
2019-08-30,灵武市,烟煤末,6.00,27.50,0.25,,5500.00,460.00,0.00,出厂价,2427,2019-08-30 00:00:00,1,0,2024-07-16 21:00:25,0,2024-07-16 21:00:25,,,
2019-08-30,灵武市,水洗36块,6.00,24.50,0.25,,6800.00,545.00,0.00,出厂价,2428,2019-08-30 00:00:00,1,0,2024-07-16 21:00:25,0,2024-07-16 21:00:25,,,
2019-08-29,灵武市,烟煤末,6.00,27.50,0.25,,5500.00,460.00,0.00,出厂价,2429,2019-08-29 00:00:00,1,0,2024-07-16 21:00:25,0,2024-07-16 21:00:25,,,
2019-08-29,灵武市,水洗36块,6.00,24.50,0.25,,6800.00,545.00,0.00,出厂价,2430,2019-08-29 00:00:00,1,0,2024-07-16 21:00:25,0,2024-07-16 21:00:25,,,
2019-08-28,灵武市,烟煤末,6.00,27.50,0.25,,5500.00,460.00,0.00,出厂价,2431,2019-08-28 00:00:00,1,0,2024-07-16 21:00:28,0,2024-07-16 21:00:28,,,
2019-08-28,灵武市,水洗36块,6.00,24.50,0.25,,6800.00,545.00,0.00,出厂价,2432,2019-08-28 00:00:00,1,0,2024-07-16 21:00:28,0,2024-07-16 21:00:28,,,
2019-08-27,灵武市,烟煤末,6.00,27.50,0.25,,5500.00,460.00,0.00,出厂价,2433,2019-08-27 00:00:00,1,0,2024-07-16 21:00:28,0,2024-07-16 21:00:28,,,
2019-08-27,灵武市,水洗36块,6.00,24.50,0.25,,6800.00,545.00,-5.00,出厂价,2434,2019-08-27 00:00:00,1,0,2024-07-16 21:00:28,0,2024-07-16 21:00:28,,,
2019-08-26,灵武市,烟煤末,6.00,27.50,0.25,,5500.00,460.00,0.00,出厂价,2435,2019-08-26 00:00:00,1,0,2024-07-16 21:00:28,0,2024-07-16 21:00:28,,,
2019-08-26,灵武市,水洗36块,6.00,24.50,0.25,,6800.00,550.00,0.00,出厂价,2436,2019-08-26 00:00:00,1,0,2024-07-16 21:00:28,0,2024-07-16 21:00:28,,,
2019-08-23,灵武市,烟煤末,6.00,27.50,0.25,,5500.00,460.00,0.00,出厂价,2437,2019-08-23 00:00:00,1,0,2024-07-16 21:00:28,0,2024-07-16 21:00:28,,,
2019-08-23,灵武市,水洗36块,6.00,24.50,0.25,,6800.00,550.00,0.00,出厂价,2438,2019-08-23 00:00:00,1,0,2024-07-16 21:00:28,0,2024-07-16 21:00:28,,,
2019-08-22,灵武市,烟煤末,6.00,27.50,0.25,,5500.00,460.00,0.00,出厂价,2439,2019-08-22 00:00:00,1,0,2024-07-16 21:00:28,0,2024-07-16 21:00:28,,,
2019-08-22,灵武市,水洗36块,6.00,24.50,0.25,,6800.00,550.00,0.00,出厂价,2440,2019-08-22 00:00:00,1,0,2024-07-16 21:00:28,0,2024-07-16 21:00:28,,,
2019-08-21,灵武市,烟煤末,6.00,27.50,0.25,,5500.00,460.00,0.00,出厂价,2441,2019-08-21 00:00:00,1,0,2024-07-16 21:00:28,0,2024-07-16 21:00:28,,,
2019-08-21,灵武市,水洗36块,6.00,24.50,0.25,,6800.00,550.00,0.00,出厂价,2442,2019-08-21 00:00:00,1,0,2024-07-16 21:00:28,0,2024-07-16 21:00:28,,,
2019-08-20,灵武市,烟煤末,6.00,27.50,0.25,,5500.00,460.00,0.00,出厂价,2443,2019-08-20 00:00:00,1,0,2024-07-16 21:00:28,0,2024-07-16 21:00:28,,,
2019-08-20,灵武市,水洗36块,6.00,24.50,0.25,,6800.00,550.00,0.00,出厂价,2444,2019-08-20 00:00:00,1,0,2024-07-16 21:00:28,0,2024-07-16 21:00:28,,,
2019-08-19,灵武市,烟煤末,6.00,27.50,0.25,,5500.00,460.00,-5.00,出厂价,2445,2019-08-19 00:00:00,1,0,2024-07-16 21:00:28,0,2024-07-16 21:00:28,,,
2019-08-19,灵武市,水洗36块,6.00,24.50,0.25,,6800.00,550.00,0.00,出厂价,2446,2019-08-19 00:00:00,1,0,2024-07-16 21:00:28,0,2024-07-16 21:00:28,,,
2019-08-16,灵武市,烟煤末,6.00,27.50,0.25,,5500.00,465.00,0.00,出厂价,2447,2019-08-16 00:00:00,1,0,2024-07-16 21:00:28,0,2024-07-16 21:00:28,,,
2019-08-16,灵武市,水洗36块,6.00,24.50,0.25,,6800.00,550.00,0.00,出厂价,2448,2019-08-16 00:00:00,1,0,2024-07-16 21:00:28,0,2024-07-16 21:00:28,,,
2019-08-15,灵武市,烟煤末,6.00,27.50,0.25,,5500.00,465.00,0.00,出厂价,2449,2019-08-15 00:00:00,1,0,2024-07-16 21:00:28,0,2024-07-16 21:00:28,,,
2019-08-15,灵武市,水洗36块,6.00,24.50,0.25,,6800.00,550.00,0.00,出厂价,2450,2019-08-15 00:00:00,1,0,2024-07-16 21:00:28,0,2024-07-16 21:00:28,,,
2019-08-14,灵武市,烟煤末,6.00,27.50,0.25,,5500.00,465.00,-5.00,出厂价,2451,2019-08-14 00:00:00,1,0,2024-07-16 21:00:28,0,2024-07-16 21:00:28,,,
2019-08-14,灵武市,水洗36块,6.00,24.50,0.25,,6800.00,550.00,0.00,出厂价,2452,2019-08-14 00:00:00,1,0,2024-07-16 21:00:28,0,2024-07-16 21:00:28,,,
2019-08-13,灵武市,烟煤末,6.00,27.50,0.25,,5500.00,470.00,0.00,出厂价,2453,2019-08-13 00:00:00,1,0,2024-07-16 21:00:28,0,2024-07-16 21:00:28,,,
2019-08-13,灵武市,水洗36块,6.00,24.50,0.25,,6800.00,550.00,0.00,出厂价,2454,2019-08-13 00:00:00,1,0,2024-07-16 21:00:28,0,2024-07-16 21:00:28,,,
2019-08-12,灵武市,烟煤末,6.00,27.50,0.25,,5500.00,470.00,0.00,出厂价,2455,2019-08-12 00:00:00,1,0,2024-07-16 21:00:28,0,2024-07-16 21:00:28,,,
2019-08-12,灵武市,水洗36块,6.00,24.50,0.25,,6800.00,550.00,0.00,出厂价,2456,2019-08-12 00:00:00,1,0,2024-07-16 21:00:28,0,2024-07-16 21:00:28,,,
2019-08-09,灵武市,烟煤末,6.00,27.50,0.25,,5500.00,470.00,0.00,出厂价,2457,2019-08-09 00:00:00,1,0,2024-07-16 21:00:28,0,2024-07-16 21:00:28,,,
2019-08-09,灵武市,水洗36块,6.00,24.50,0.25,,6800.00,550.00,0.00,出厂价,2458,2019-08-09 00:00:00,1,0,2024-07-16 21:00:28,0,2024-07-16 21:00:28,,,
2019-08-08,灵武市,烟煤末,6.00,27.50,0.25,,5500.00,470.00,0.00,出厂价,2459,2019-08-08 00:00:00,1,0,2024-07-16 21:00:28,0,2024-07-16 21:00:28,,,
2019-08-08,灵武市,水洗36块,6.00,24.50,0.25,,6800.00,550.00,-5.00,出厂价,2460,2019-08-08 00:00:00,1,0,2024-07-16 21:00:28,0,2024-07-16 21:00:28,,,
2019-08-07,灵武市,烟煤末,6.00,27.50,0.25,,5500.00,470.00,0.00,出厂价,2461,2019-08-07 00:00:00,1,0,2024-07-16 21:00:32,0,2024-07-16 21:00:32,,,
2019-08-07,灵武市,水洗36块,6.00,24.50,0.25,,6800.00,555.00,0.00,出厂价,2462,2019-08-07 00:00:00,1,0,2024-07-16 21:00:32,0,2024-07-16 21:00:32,,,
2019-08-06,灵武市,烟煤末,6.00,27.50,0.25,,5500.00,470.00,0.00,出厂价,2463,2019-08-06 00:00:00,1,0,2024-07-16 21:00:32,0,2024-07-16 21:00:32,,,
2019-08-06,灵武市,水洗36块,6.00,24.50,0.25,,6800.00,555.00,0.00,出厂价,2464,2019-08-06 00:00:00,1,0,2024-07-16 21:00:32,0,2024-07-16 21:00:32,,,
2019-08-05,灵武市,烟煤末,6.00,27.50,0.25,,5500.00,470.00,0.00,出厂价,2465,2019-08-05 00:00:00,1,0,2024-07-16 21:00:32,0,2024-07-16 21:00:32,,,
2019-08-05,灵武市,水洗36块,6.00,24.50,0.25,,6800.00,555.00,0.00,出厂价,2466,2019-08-05 00:00:00,1,0,2024-07-16 21:00:32,0,2024-07-16 21:00:32,,,
2019-08-02,灵武市,烟煤末,6.00,27.50,0.25,,5500.00,470.00,0.00,出厂价,2467,2019-08-02 00:00:00,1,0,2024-07-16 21:00:32,0,2024-07-16 21:00:32,,,
2019-08-02,灵武市,水洗36块,6.00,24.50,0.25,,6800.00,555.00,0.00,出厂价,2468,2019-08-02 00:00:00,1,0,2024-07-16 21:00:32,0,2024-07-16 21:00:32,,,
2019-08-01,灵武市,烟煤末,6.00,27.50,0.25,,5500.00,470.00,0.00,出厂价,2469,2019-08-01 00:00:00,1,0,2024-07-16 21:00:32,0,2024-07-16 21:00:32,,,
2019-08-01,灵武市,水洗36块,6.00,24.50,0.25,,6800.00,555.00,5.00,出厂价,2470,2019-08-01 00:00:00,1,0,2024-07-16 21:00:32,0,2024-07-16 21:00:32,,,
2019-07-31,灵武市,烟煤末,6.00,27.50,0.25,,5500.00,470.00,0.00,出厂价,2471,2019-07-31 00:00:00,1,0,2024-07-16 21:00:32,0,2024-07-16 21:00:32,,,
2019-07-31,灵武市,水洗36块,6.00,24.50,0.25,,6800.00,550.00,0.00,出厂价,2472,2019-07-31 00:00:00,1,0,2024-07-16 21:00:32,0,2024-07-16 21:00:32,,,
2019-07-30,灵武市,烟煤末,6.00,27.50,0.25,,5500.00,470.00,0.00,出厂价,2473,2019-07-30 00:00:00,1,0,2024-07-16 21:00:32,0,2024-07-16 21:00:32,,,
2019-07-30,灵武市,水洗36块,6.00,24.50,0.25,,6800.00,550.00,0.00,出厂价,2474,2019-07-30 00:00:00,1,0,2024-07-16 21:00:32,0,2024-07-16 21:00:32,,,
2019-07-29,灵武市,烟煤末,6.00,27.50,0.25,,5500.00,470.00,0.00,出厂价,2475,2019-07-29 00:00:00,1,0,2024-07-16 21:00:32,0,2024-07-16 21:00:32,,,
2019-07-29,灵武市,水洗36块,6.00,24.50,0.25,,6800.00,550.00,-5.00,出厂价,2476,2019-07-29 00:00:00,1,0,2024-07-16 21:00:32,0,2024-07-16 21:00:32,,,
2019-07-26,灵武市,烟煤末,6.00,27.50,0.25,,5500.00,470.00,0.00,出厂价,2477,2019-07-26 00:00:00,1,0,2024-07-16 21:00:32,0,2024-07-16 21:00:32,,,
2019-07-26,灵武市,水洗36块,6.00,24.50,0.25,,6800.00,555.00,0.00,出厂价,2478,2019-07-26 00:00:00,1,0,2024-07-16 21:00:32,0,2024-07-16 21:00:32,,,
2019-07-25,灵武市,烟煤末,6.00,27.50,0.25,,5500.00,470.00,0.00,出厂价,2479,2019-07-25 00:00:00,1,0,2024-07-16 21:00:32,0,2024-07-16 21:00:32,,,
2019-07-25,灵武市,水洗36块,6.00,24.50,0.25,,6800.00,555.00,0.00,出厂价,2480,2019-07-25 00:00:00,1,0,2024-07-16 21:00:32,0,2024-07-16 21:00:32,,,
2019-07-24,灵武市,烟煤末,6.00,27.50,0.25,,5500.00,470.00,-5.00,出厂价,2481,2019-07-24 00:00:00,1,0,2024-07-16 21:00:32,0,2024-07-16 21:00:32,,,
2019-07-24,灵武市,水洗36块,6.00,24.50,0.25,,6800.00,555.00,0.00,出厂价,2482,2019-07-24 00:00:00,1,0,2024-07-16 21:00:32,0,2024-07-16 21:00:32,,,
2019-07-23,灵武市,烟煤末,6.00,27.50,0.25,,5500.00,475.00,0.00,出厂价,2483,2019-07-23 00:00:00,1,0,2024-07-16 21:00:32,0,2024-07-16 21:00:32,,,
2019-07-23,灵武市,水洗36块,6.00,24.50,0.25,,6800.00,555.00,0.00,出厂价,2484,2019-07-23 00:00:00,1,0,2024-07-16 21:00:32,0,2024-07-16 21:00:32,,,
2019-07-22,灵武市,烟煤末,6.00,27.50,0.25,,5500.00,475.00,0.00,出厂价,2485,2019-07-22 00:00:00,1,0,2024-07-16 21:00:32,0,2024-07-16 21:00:32,,,
2019-07-22,灵武市,水洗36块,6.00,24.50,0.25,,6800.00,555.00,0.00,出厂价,2486,2019-07-22 00:00:00,1,0,2024-07-16 21:00:32,0,2024-07-16 21:00:32,,,
2019-07-19,灵武市,烟煤末,6.00,27.50,0.25,,5500.00,475.00,0.00,出厂价,2487,2019-07-19 00:00:00,1,0,2024-07-16 21:00:32,0,2024-07-16 21:00:32,,,
2019-07-19,灵武市,水洗36块,6.00,24.50,0.25,,6800.00,555.00,0.00,出厂价,2488,2019-07-19 00:00:00,1,0,2024-07-16 21:00:32,0,2024-07-16 21:00:32,,,
2019-07-18,灵武市,烟煤末,6.00,27.50,0.25,,5500.00,475.00,0.00,出厂价,2489,2019-07-18 00:00:00,1,0,2024-07-16 21:00:32,0,2024-07-16 21:00:32,,,
2019-07-18,灵武市,水洗36块,6.00,24.50,0.25,,6800.00,555.00,0.00,出厂价,2490,2019-07-18 00:00:00,1,0,2024-07-16 21:00:32,0,2024-07-16 21:00:32,,,
2019-07-17,灵武市,烟煤末,6.00,27.50,0.25,,5500.00,475.00,0.00,出厂价,2491,2019-07-17 00:00:00,1,0,2024-07-16 21:00:35,0,2024-07-16 21:00:35,,,
2019-07-17,灵武市,水洗36块,6.00,24.50,0.25,,6800.00,555.00,0.00,出厂价,2492,2019-07-17 00:00:00,1,0,2024-07-16 21:00:35,0,2024-07-16 21:00:35,,,
2019-07-16,灵武市,烟煤末,6.00,27.50,0.25,,5500.00,475.00,0.00,出厂价,2493,2019-07-16 00:00:00,1,0,2024-07-16 21:00:35,0,2024-07-16 21:00:35,,,
2019-07-16,灵武市,水洗36块,6.00,24.50,0.25,,6800.00,555.00,0.00,出厂价,2494,2019-07-16 00:00:00,1,0,2024-07-16 21:00:35,0,2024-07-16 21:00:35,,,
2019-07-15,灵武市,烟煤末,6.00,27.50,0.25,,5500.00,475.00,0.00,出厂价,2495,2019-07-15 00:00:00,1,0,2024-07-16 21:00:35,0,2024-07-16 21:00:35,,,
2019-07-15,灵武市,水洗36块,6.00,24.50,0.25,,6800.00,555.00,5.00,出厂价,2496,2019-07-15 00:00:00,1,0,2024-07-16 21:00:35,0,2024-07-16 21:00:35,,,
2019-07-12,灵武市,烟煤末,6.00,27.50,0.25,,5500.00,475.00,0.00,出厂价,2497,2019-07-12 00:00:00,1,0,2024-07-16 21:00:35,0,2024-07-16 21:00:35,,,
2019-07-12,灵武市,水洗36块,6.00,24.50,0.25,,6800.00,550.00,0.00,出厂价,2498,2019-07-12 00:00:00,1,0,2024-07-16 21:00:35,0,2024-07-16 21:00:35,,,
2019-07-11,灵武市,烟煤末,6.00,27.50,0.25,,5500.00,475.00,0.00,出厂价,2499,2019-07-11 00:00:00,1,0,2024-07-16 21:00:35,0,2024-07-16 21:00:35,,,
2019-07-11,灵武市,水洗36块,6.00,24.50,0.25,,6800.00,550.00,0.00,出厂价,2500,2019-07-11 00:00:00,1,0,2024-07-16 21:00:35,0,2024-07-16 21:00:35,,,
2019-07-10,灵武市,烟煤末,6.00,27.50,0.25,,5500.00,475.00,0.00,出厂价,2501,2019-07-10 00:00:00,1,0,2024-07-16 21:00:35,0,2024-07-16 21:00:35,,,
2019-07-10,灵武市,水洗36块,6.00,24.50,0.25,,6800.00,550.00,0.00,出厂价,2502,2019-07-10 00:00:00,1,0,2024-07-16 21:00:35,0,2024-07-16 21:00:35,,,
2019-07-09,灵武市,烟煤末,6.00,27.50,0.25,,5500.00,475.00,5.00,出厂价,2503,2019-07-09 00:00:00,1,0,2024-07-16 21:00:35,0,2024-07-16 21:00:35,,,
2019-07-09,灵武市,水洗36块,6.00,24.50,0.25,,6800.00,550.00,0.00,出厂价,2504,2019-07-09 00:00:00,1,0,2024-07-16 21:00:35,0,2024-07-16 21:00:35,,,
2019-07-08,灵武市,烟煤末,6.00,27.50,0.25,,5500.00,470.00,0.00,出厂价,2505,2019-07-08 00:00:00,1,0,2024-07-16 21:00:35,0,2024-07-16 21:00:35,,,
2019-07-08,灵武市,水洗36块,6.00,24.50,0.25,,6800.00,550.00,0.00,出厂价,2506,2019-07-08 00:00:00,1,0,2024-07-16 21:00:35,0,2024-07-16 21:00:35,,,
2019-07-05,灵武市,烟煤末,6.00,27.50,0.25,,5500.00,470.00,0.00,出厂价,2507,2019-07-05 00:00:00,1,0,2024-07-16 21:00:35,0,2024-07-16 21:00:35,,,
2019-07-05,灵武市,水洗36块,6.00,24.50,0.25,,6800.00,550.00,0.00,出厂价,2508,2019-07-05 00:00:00,1,0,2024-07-16 21:00:35,0,2024-07-16 21:00:35,,,
2019-07-04,灵武市,烟煤末,6.00,27.50,0.25,,5500.00,470.00,0.00,出厂价,2509,2019-07-04 00:00:00,1,0,2024-07-16 21:00:35,0,2024-07-16 21:00:35,,,
2019-07-04,灵武市,水洗36块,6.00,24.50,0.25,,6800.00,550.00,0.00,出厂价,2510,2019-07-04 00:00:00,1,0,2024-07-16 21:00:35,0,2024-07-16 21:00:35,,,
2019-07-03,灵武市,烟煤末,6.00,27.50,0.25,,5500.00,470.00,0.00,出厂价,2511,2019-07-03 00:00:00,1,0,2024-07-16 21:00:35,0,2024-07-16 21:00:35,,,
2019-07-03,灵武市,水洗36块,6.00,24.50,0.25,,6800.00,550.00,0.00,出厂价,2512,2019-07-03 00:00:00,1,0,2024-07-16 21:00:35,0,2024-07-16 21:00:35,,,
2019-07-02,灵武市,烟煤末,6.00,27.50,0.25,,5500.00,470.00,0.00,出厂价,2513,2019-07-02 00:00:00,1,0,2024-07-16 21:00:35,0,2024-07-16 21:00:35,,,
2019-07-02,灵武市,水洗36块,6.00,24.50,0.25,,6800.00,550.00,0.00,出厂价,2514,2019-07-02 00:00:00,1,0,2024-07-16 21:00:35,0,2024-07-16 21:00:35,,,
2019-07-01,灵武市,烟煤末,6.00,27.50,0.25,,5500.00,470.00,0.00,出厂价,2515,2019-07-01 00:00:00,1,0,2024-07-16 21:00:35,0,2024-07-16 21:00:35,,,
2019-07-01,灵武市,水洗36块,6.00,24.50,0.25,,6800.00,550.00,0.00,出厂价,2516,2019-07-01 00:00:00,1,0,2024-07-16 21:00:35,0,2024-07-16 21:00:35,,,
2019-06-28,灵武市,烟煤末,6.00,27.50,0.25,,5500.00,470.00,0.00,出厂价,2517,2019-06-28 00:00:00,1,0,2024-07-16 21:00:35,0,2024-07-16 21:00:35,,,
2019-06-28,灵武市,水洗36块,6.00,24.50,0.25,,6800.00,550.00,0.00,出厂价,2518,2019-06-28 00:00:00,1,0,2024-07-16 21:00:35,0,2024-07-16 21:00:35,,,
2019-06-27,灵武市,烟煤末,6.00,27.50,0.25,,5500.00,470.00,0.00,出厂价,2519,2019-06-27 00:00:00,1,0,2024-07-16 21:00:35,0,2024-07-16 21:00:35,,,
2019-06-27,灵武市,水洗36块,6.00,24.50,0.25,,6800.00,550.00,0.00,出厂价,2520,2019-06-27 00:00:00,1,0,2024-07-16 21:00:35,0,2024-07-16 21:00:35,,,
2019-06-26,灵武市,烟煤末,6.00,27.50,0.25,,5500.00,470.00,0.00,出厂价,2521,2019-06-26 00:00:00,1,0,2024-07-16 21:00:38,0,2024-07-16 21:00:38,,,
2019-06-26,灵武市,水洗36块,6.00,24.50,0.25,,6800.00,550.00,0.00,出厂价,2522,2019-06-26 00:00:00,1,0,2024-07-16 21:00:38,0,2024-07-16 21:00:38,,,
2019-06-25,灵武市,烟煤末,6.00,27.50,0.25,,5500.00,470.00,-5.00,出厂价,2523,2019-06-25 00:00:00,1,0,2024-07-16 21:00:38,0,2024-07-16 21:00:38,,,
2019-06-25,灵武市,水洗36块,6.00,24.50,0.25,,6800.00,550.00,0.00,出厂价,2524,2019-06-25 00:00:00,1,0,2024-07-16 21:00:38,0,2024-07-16 21:00:38,,,
2019-06-24,灵武市,烟煤末,6.00,27.50,0.25,,5500.00,475.00,0.00,出厂价,2525,2019-06-24 00:00:00,1,0,2024-07-16 21:00:38,0,2024-07-16 21:00:38,,,
2019-06-24,灵武市,水洗36块,6.00,24.50,0.25,,6800.00,550.00,0.00,出厂价,2526,2019-06-24 00:00:00,1,0,2024-07-16 21:00:38,0,2024-07-16 21:00:38,,,
2019-06-21,灵武市,烟煤末,6.00,27.50,0.25,,5500.00,475.00,0.00,出厂价,2527,2019-06-21 00:00:00,1,0,2024-07-16 21:00:38,0,2024-07-16 21:00:38,,,
2019-06-21,灵武市,水洗36块,6.00,24.50,0.25,,6800.00,550.00,0.00,出厂价,2528,2019-06-21 00:00:00,1,0,2024-07-16 21:00:38,0,2024-07-16 21:00:38,,,
2019-06-20,灵武市,烟煤末,6.00,27.50,0.25,,5500.00,475.00,0.00,出厂价,2529,2019-06-20 00:00:00,1,0,2024-07-16 21:00:38,0,2024-07-16 21:00:38,,,
2019-06-20,灵武市,水洗36块,6.00,24.50,0.25,,6800.00,550.00,0.00,出厂价,2530,2019-06-20 00:00:00,1,0,2024-07-16 21:00:38,0,2024-07-16 21:00:38,,,
2019-06-19,灵武市,烟煤末,6.00,27.50,0.25,,5500.00,475.00,0.00,出厂价,2531,2019-06-19 00:00:00,1,0,2024-07-16 21:00:38,0,2024-07-16 21:00:38,,,
2019-06-19,灵武市,水洗36块,6.00,24.50,0.25,,6800.00,550.00,0.00,出厂价,2532,2019-06-19 00:00:00,1,0,2024-07-16 21:00:38,0,2024-07-16 21:00:38,,,
2019-06-18,灵武市,烟煤末,6.00,27.50,0.25,,5500.00,475.00,0.00,出厂价,2533,2019-06-18 00:00:00,1,0,2024-07-16 21:00:38,0,2024-07-16 21:00:38,,,
2019-06-18,灵武市,水洗36块,6.00,24.50,0.25,,6800.00,550.00,0.00,出厂价,2534,2019-06-18 00:00:00,1,0,2024-07-16 21:00:38,0,2024-07-16 21:00:38,,,
2019-06-17,灵武市,烟煤末,6.00,27.50,0.25,,5500.00,475.00,0.00,出厂价,2535,2019-06-17 00:00:00,1,0,2024-07-16 21:00:38,0,2024-07-16 21:00:38,,,
2019-06-17,灵武市,水洗36块,6.00,24.50,0.25,,6800.00,550.00,0.00,出厂价,2536,2019-06-17 00:00:00,1,0,2024-07-16 21:00:38,0,2024-07-16 21:00:38,,,
2019-06-14,灵武市,烟煤末,6.00,27.50,0.25,,5500.00,475.00,0.00,出厂价,2537,2019-06-14 00:00:00,1,0,2024-07-16 21:00:38,0,2024-07-16 21:00:38,,,
2019-06-14,灵武市,水洗36块,6.00,24.50,0.25,,6800.00,550.00,0.00,出厂价,2538,2019-06-14 00:00:00,1,0,2024-07-16 21:00:38,0,2024-07-16 21:00:38,,,
2019-06-13,灵武市,烟煤末,6.00,27.50,0.25,,5500.00,475.00,-5.00,出厂价,2539,2019-06-13 00:00:00,1,0,2024-07-16 21:00:38,0,2024-07-16 21:00:38,,,
2019-06-13,灵武市,水洗36块,6.00,24.50,0.25,,6800.00,550.00,0.00,出厂价,2540,2019-06-13 00:00:00,1,0,2024-07-16 21:00:38,0,2024-07-16 21:00:38,,,
2019-06-12,灵武市,烟煤末,6.00,27.50,0.25,,5500.00,480.00,0.00,出厂价,2541,2019-06-12 00:00:00,1,0,2024-07-16 21:00:38,0,2024-07-16 21:00:38,,,
2019-06-12,灵武市,水洗36块,6.00,24.50,0.25,,6800.00,550.00,0.00,出厂价,2542,2019-06-12 00:00:00,1,0,2024-07-16 21:00:38,0,2024-07-16 21:00:38,,,
2019-06-11,灵武市,烟煤末,6.00,27.50,0.25,,5500.00,480.00,0.00,出厂价,2543,2019-06-11 00:00:00,1,0,2024-07-16 21:00:38,0,2024-07-16 21:00:38,,,
2019-06-11,灵武市,水洗36块,6.00,24.50,0.25,,6800.00,550.00,0.00,出厂价,2544,2019-06-11 00:00:00,1,0,2024-07-16 21:00:38,0,2024-07-16 21:00:38,,,
2019-06-10,灵武市,烟煤末,6.00,27.50,0.25,,5500.00,480.00,0.00,出厂价,2545,2019-06-10 00:00:00,1,0,2024-07-16 21:00:38,0,2024-07-16 21:00:38,,,
2019-06-10,灵武市,水洗36块,6.00,24.50,0.25,,6800.00,550.00,0.00,出厂价,2546,2019-06-10 00:00:00,1,0,2024-07-16 21:00:38,0,2024-07-16 21:00:38,,,
2019-06-06,灵武市,烟煤末,6.00,27.50,0.25,,5500.00,480.00,0.00,出厂价,2547,2019-06-06 00:00:00,1,0,2024-07-16 21:00:38,0,2024-07-16 21:00:38,,,
2019-06-06,灵武市,水洗36块,6.00,24.50,0.25,,6800.00,550.00,0.00,出厂价,2548,2019-06-06 00:00:00,1,0,2024-07-16 21:00:38,0,2024-07-16 21:00:38,,,
2019-06-05,灵武市,烟煤末,6.00,27.50,0.25,,5500.00,480.00,0.00,出厂价,2549,2019-06-05 00:00:00,1,0,2024-07-16 21:00:38,0,2024-07-16 21:00:38,,,
2019-06-05,灵武市,水洗36块,6.00,24.50,0.25,,6800.00,550.00,-5.00,出厂价,2550,2019-06-05 00:00:00,1,0,2024-07-16 21:00:38,0,2024-07-16 21:00:38,,,
2019-06-04,灵武市,烟煤末,6.00,27.50,0.25,,5500.00,480.00,-5.00,出厂价,2551,2019-06-04 00:00:00,1,0,2024-07-16 21:00:42,0,2024-07-16 21:00:42,,,
2019-06-04,灵武市,水洗36块,6.00,24.50,0.25,,6800.00,555.00,0.00,出厂价,2552,2019-06-04 00:00:00,1,0,2024-07-16 21:00:42,0,2024-07-16 21:00:42,,,
2019-06-03,灵武市,烟煤末,6.00,27.50,0.25,,5500.00,485.00,0.00,出厂价,2553,2019-06-03 00:00:00,1,0,2024-07-16 21:00:42,0,2024-07-16 21:00:42,,,
2019-06-03,灵武市,水洗36块,6.00,24.50,0.25,,6800.00,555.00,0.00,出厂价,2554,2019-06-03 00:00:00,1,0,2024-07-16 21:00:42,0,2024-07-16 21:00:42,,,
2019-05-31,灵武市,烟煤末,6.00,27.50,0.25,,5500.00,485.00,-5.00,出厂价,2555,2019-05-31 00:00:00,1,0,2024-07-16 21:00:42,0,2024-07-16 21:00:42,,,
2019-05-31,灵武市,水洗36块,6.00,24.50,0.25,,6800.00,555.00,0.00,出厂价,2556,2019-05-31 00:00:00,1,0,2024-07-16 21:00:42,0,2024-07-16 21:00:42,,,
2019-05-30,灵武市,烟煤末,6.00,27.50,0.25,,5500.00,490.00,0.00,出厂价,2557,2019-05-30 00:00:00,1,0,2024-07-16 21:00:42,0,2024-07-16 21:00:42,,,
2019-05-30,灵武市,水洗36块,6.00,24.50,0.25,,6800.00,555.00,0.00,出厂价,2558,2019-05-30 00:00:00,1,0,2024-07-16 21:00:42,0,2024-07-16 21:00:42,,,
2019-05-29,灵武市,烟煤末,6.00,27.50,0.25,,5500.00,490.00,0.00,出厂价,2559,2019-05-29 00:00:00,1,0,2024-07-16 21:00:42,0,2024-07-16 21:00:42,,,
2019-05-29,灵武市,水洗36块,6.00,24.50,0.25,,6800.00,555.00,0.00,出厂价,2560,2019-05-29 00:00:00,1,0,2024-07-16 21:00:42,0,2024-07-16 21:00:42,,,
2019-05-28,灵武市,烟煤末,6.00,27.50,0.25,,5500.00,490.00,-10.00,出厂价,2561,2019-05-28 00:00:00,1,0,2024-07-16 21:00:42,0,2024-07-16 21:00:42,,,
2019-05-28,灵武市,水洗36块,6.00,24.50,0.25,,6800.00,555.00,-5.00,出厂价,2562,2019-05-28 00:00:00,1,0,2024-07-16 21:00:42,0,2024-07-16 21:00:42,,,
2019-05-27,灵武市,烟煤末,6.00,27.50,0.25,,5500.00,500.00,0.00,出厂价,2563,2019-05-27 00:00:00,1,0,2024-07-16 21:00:42,0,2024-07-16 21:00:42,,,
2019-05-27,灵武市,水洗36块,6.00,24.50,0.25,,6800.00,560.00,0.00,出厂价,2564,2019-05-27 00:00:00,1,0,2024-07-16 21:00:42,0,2024-07-16 21:00:42,,,
2019-05-24,灵武市,烟煤末,6.00,27.50,0.25,,5500.00,500.00,0.00,出厂价,2565,2019-05-24 00:00:00,1,0,2024-07-16 21:00:42,0,2024-07-16 21:00:42,,,
2019-05-24,灵武市,水洗36块,6.00,24.50,0.25,,6800.00,560.00,0.00,出厂价,2566,2019-05-24 00:00:00,1,0,2024-07-16 21:00:42,0,2024-07-16 21:00:42,,,
2019-05-23,灵武市,烟煤末,6.00,27.50,0.25,,5500.00,500.00,0.00,出厂价,2567,2019-05-23 00:00:00,1,0,2024-07-16 21:00:42,0,2024-07-16 21:00:42,,,
2019-05-23,灵武市,水洗36块,6.00,24.50,0.25,,6800.00,560.00,0.00,出厂价,2568,2019-05-23 00:00:00,1,0,2024-07-16 21:00:42,0,2024-07-16 21:00:42,,,
2019-05-22,灵武市,烟煤末,6.00,27.50,0.25,,5500.00,500.00,0.00,出厂价,2569,2019-05-22 00:00:00,1,0,2024-07-16 21:00:42,0,2024-07-16 21:00:42,,,
2019-05-22,灵武市,水洗36块,6.00,24.50,0.25,,6800.00,560.00,0.00,出厂价,2570,2019-05-22 00:00:00,1,0,2024-07-16 21:00:42,0,2024-07-16 21:00:42,,,
2019-05-21,灵武市,烟煤末,6.00,27.50,0.25,,5500.00,500.00,0.00,出厂价,2571,2019-05-21 00:00:00,1,0,2024-07-16 21:00:42,0,2024-07-16 21:00:42,,,
2019-05-21,灵武市,水洗36块,6.00,24.50,0.25,,6800.00,560.00,0.00,出厂价,2572,2019-05-21 00:00:00,1,0,2024-07-16 21:00:42,0,2024-07-16 21:00:42,,,
2019-05-20,灵武市,烟煤末,6.00,27.50,0.25,,5500.00,500.00,10.00,出厂价,2573,2019-05-20 00:00:00,1,0,2024-07-16 21:00:42,0,2024-07-16 21:00:42,,,
2019-05-20,灵武市,水洗36块,6.00,24.50,0.25,,6800.00,560.00,10.00,出厂价,2574,2019-05-20 00:00:00,1,0,2024-07-16 21:00:42,0,2024-07-16 21:00:42,,,
2019-05-17,灵武市,烟煤末,6.00,27.50,0.25,,5500.00,490.00,0.00,出厂价,2575,2019-05-17 00:00:00,1,0,2024-07-16 21:00:42,0,2024-07-16 21:00:42,,,
2019-05-17,灵武市,水洗36块,6.00,24.50,0.25,,6800.00,550.00,0.00,出厂价,2576,2019-05-17 00:00:00,1,0,2024-07-16 21:00:42,0,2024-07-16 21:00:42,,,
2019-05-16,灵武市,烟煤末,6.00,27.50,0.25,,5500.00,490.00,0.00,出厂价,2577,2019-05-16 00:00:00,1,0,2024-07-16 21:00:42,0,2024-07-16 21:00:42,,,
2019-05-16,灵武市,水洗36块,6.00,24.50,0.25,,6800.00,550.00,0.00,出厂价,2578,2019-05-16 00:00:00,1,0,2024-07-16 21:00:42,0,2024-07-16 21:00:42,,,
2019-05-15,灵武市,烟煤末,6.00,27.50,0.25,,5500.00,490.00,0.00,出厂价,2579,2019-05-15 00:00:00,1,0,2024-07-16 21:00:42,0,2024-07-16 21:00:42,,,
2019-05-15,灵武市,水洗36块,6.00,24.50,0.25,,6800.00,550.00,0.00,出厂价,2580,2019-05-15 00:00:00,1,0,2024-07-16 21:00:42,0,2024-07-16 21:00:42,,,
2019-05-14,灵武市,烟煤末,6.00,27.50,0.25,,5500.00,490.00,0.00,出厂价,2581,2019-05-14 00:00:00,1,0,2024-07-16 21:00:46,0,2024-07-16 21:00:46,,,
2019-05-14,灵武市,水洗36块,6.00,24.50,0.25,,6800.00,550.00,0.00,出厂价,2582,2019-05-14 00:00:00,1,0,2024-07-16 21:00:46,0,2024-07-16 21:00:46,,,
2019-05-13,灵武市,烟煤末,6.00,27.50,0.25,,5500.00,490.00,0.00,出厂价,2583,2019-05-13 00:00:00,1,0,2024-07-16 21:00:46,0,2024-07-16 21:00:46,,,
2019-05-13,灵武市,水洗36块,6.00,24.50,0.25,,6800.00,550.00,0.00,出厂价,2584,2019-05-13 00:00:00,1,0,2024-07-16 21:00:46,0,2024-07-16 21:00:46,,,
2019-05-10,灵武市,烟煤末,6.00,27.50,0.25,,5500.00,490.00,0.00,出厂价,2585,2019-05-10 00:00:00,1,0,2024-07-16 21:00:46,0,2024-07-16 21:00:46,,,
2019-05-10,灵武市,水洗36块,6.00,24.50,0.25,,6800.00,550.00,0.00,出厂价,2586,2019-05-10 00:00:00,1,0,2024-07-16 21:00:46,0,2024-07-16 21:00:46,,,
2019-05-09,灵武市,烟煤末,6.00,27.50,0.25,,5500.00,490.00,0.00,出厂价,2587,2019-05-09 00:00:00,1,0,2024-07-16 21:00:46,0,2024-07-16 21:00:46,,,
2019-05-09,灵武市,水洗36块,6.00,24.50,0.25,,6800.00,550.00,0.00,出厂价,2588,2019-05-09 00:00:00,1,0,2024-07-16 21:00:46,0,2024-07-16 21:00:46,,,
2019-05-08,灵武市,烟煤末,6.00,27.50,0.25,,5500.00,490.00,0.00,出厂价,2589,2019-05-08 00:00:00,1,0,2024-07-16 21:00:46,0,2024-07-16 21:00:46,,,
2019-05-08,灵武市,水洗36块,6.00,24.50,0.25,,6800.00,550.00,0.00,出厂价,2590,2019-05-08 00:00:00,1,0,2024-07-16 21:00:46,0,2024-07-16 21:00:46,,,
2019-05-07,灵武市,烟煤末,6.00,27.50,0.25,,5500.00,490.00,0.00,出厂价,2591,2019-05-07 00:00:00,1,0,2024-07-16 21:00:46,0,2024-07-16 21:00:46,,,
2019-05-07,灵武市,水洗36块,6.00,24.50,0.25,,6800.00,550.00,0.00,出厂价,2592,2019-05-07 00:00:00,1,0,2024-07-16 21:00:46,0,2024-07-16 21:00:46,,,
2019-05-06,灵武市,烟煤末,6.00,27.50,0.25,,5500.00,490.00,0.00,出厂价,2593,2019-05-06 00:00:00,1,0,2024-07-16 21:00:46,0,2024-07-16 21:00:46,,,
2019-05-06,灵武市,水洗36块,6.00,24.50,0.25,,6800.00,550.00,0.00,出厂价,2594,2019-05-06 00:00:00,1,0,2024-07-16 21:00:46,0,2024-07-16 21:00:46,,,
2019-05-05,灵武市,烟煤末,6.00,27.50,0.25,,5500.00,490.00,0.00,出厂价,2595,2019-05-05 00:00:00,1,0,2024-07-16 21:00:46,0,2024-07-16 21:00:46,,,
2019-05-05,灵武市,水洗36块,6.00,24.50,0.25,,6800.00,550.00,0.00,出厂价,2596,2019-05-05 00:00:00,1,0,2024-07-16 21:00:46,0,2024-07-16 21:00:46,,,
2019-04-30,灵武市,烟煤末,6.00,27.50,0.25,,5500.00,490.00,0.00,出厂价,2597,2019-04-30 00:00:00,1,0,2024-07-16 21:00:46,0,2024-07-16 21:00:46,,,
2019-04-30,灵武市,水洗36块,6.00,24.50,0.25,,6800.00,550.00,0.00,出厂价,2598,2019-04-30 00:00:00,1,0,2024-07-16 21:00:46,0,2024-07-16 21:00:46,,,
2019-04-29,灵武市,烟煤末,6.00,27.50,0.25,,5500.00,490.00,0.00,出厂价,2599,2019-04-29 00:00:00,1,0,2024-07-16 21:00:46,0,2024-07-16 21:00:46,,,
2019-04-29,灵武市,水洗36块,6.00,24.50,0.25,,6800.00,550.00,0.00,出厂价,2600,2019-04-29 00:00:00,1,0,2024-07-16 21:00:46,0,2024-07-16 21:00:46,,,
2019-04-28,灵武市,烟煤末,6.00,27.50,0.25,,5500.00,490.00,0.00,出厂价,2601,2019-04-28 00:00:00,1,0,2024-07-16 21:00:46,0,2024-07-16 21:00:46,,,
2019-04-28,灵武市,水洗36块,6.00,24.50,0.25,,6800.00,550.00,0.00,出厂价,2602,2019-04-28 00:00:00,1,0,2024-07-16 21:00:46,0,2024-07-16 21:00:46,,,
2019-04-26,灵武市,烟煤末,6.00,27.50,0.25,,5500.00,490.00,0.00,出厂价,2603,2019-04-26 00:00:00,1,0,2024-07-16 21:00:46,0,2024-07-16 21:00:46,,,
2019-04-26,灵武市,水洗36块,6.00,24.50,0.25,,6800.00,550.00,5.00,出厂价,2604,2019-04-26 00:00:00,1,0,2024-07-16 21:00:46,0,2024-07-16 21:00:46,,,
2019-04-25,灵武市,烟煤末,6.00,27.50,0.25,,5500.00,490.00,0.00,出厂价,2605,2019-04-25 00:00:00,1,0,2024-07-16 21:00:46,0,2024-07-16 21:00:46,,,
2019-04-25,灵武市,水洗36块,6.00,24.50,0.25,,6800.00,545.00,0.00,出厂价,2606,2019-04-25 00:00:00,1,0,2024-07-16 21:00:46,0,2024-07-16 21:00:46,,,
2019-04-24,灵武市,烟煤末,6.00,27.50,0.25,,5500.00,490.00,0.00,出厂价,2607,2019-04-24 00:00:00,1,0,2024-07-16 21:00:46,0,2024-07-16 21:00:46,,,
2019-04-24,灵武市,水洗36块,6.00,24.50,0.25,,6800.00,545.00,0.00,出厂价,2608,2019-04-24 00:00:00,1,0,2024-07-16 21:00:46,0,2024-07-16 21:00:46,,,
2019-04-23,灵武市,烟煤末,6.00,27.50,0.25,,5500.00,490.00,10.00,出厂价,2609,2019-04-23 00:00:00,1,0,2024-07-16 21:00:46,0,2024-07-16 21:00:46,,,
2019-04-23,灵武市,水洗36块,6.00,24.50,0.25,,6800.00,545.00,5.00,出厂价,2610,2019-04-23 00:00:00,1,0,2024-07-16 21:00:46,0,2024-07-16 21:00:46,,,
2019-04-22,灵武市,烟煤末,6.00,27.50,0.25,,5500.00,480.00,0.00,出厂价,2611,2019-04-22 00:00:00,1,0,2024-07-16 21:00:49,0,2024-07-16 21:00:49,,,
2019-04-22,灵武市,水洗36块,6.00,24.50,0.25,,6800.00,540.00,0.00,出厂价,2612,2019-04-22 00:00:00,1,0,2024-07-16 21:00:49,0,2024-07-16 21:00:49,,,
2019-04-19,灵武市,烟煤末,6.00,27.50,0.25,,5500.00,480.00,0.00,出厂价,2613,2019-04-19 00:00:00,1,0,2024-07-16 21:00:49,0,2024-07-16 21:00:49,,,
2019-04-19,灵武市,水洗36块,6.00,24.50,0.25,,6800.00,540.00,0.00,出厂价,2614,2019-04-19 00:00:00,1,0,2024-07-16 21:00:49,0,2024-07-16 21:00:49,,,
2019-04-18,灵武市,烟煤末,6.00,27.50,0.25,,5500.00,480.00,0.00,出厂价,2615,2019-04-18 00:00:00,1,0,2024-07-16 21:00:49,0,2024-07-16 21:00:49,,,
2019-04-18,灵武市,水洗36块,6.00,24.50,0.25,,6800.00,540.00,0.00,出厂价,2616,2019-04-18 00:00:00,1,0,2024-07-16 21:00:49,0,2024-07-16 21:00:49,,,
2019-04-17,灵武市,烟煤末,6.00,27.50,0.25,,5500.00,480.00,0.00,出厂价,2617,2019-04-17 00:00:00,1,0,2024-07-16 21:00:49,0,2024-07-16 21:00:49,,,
2019-04-17,灵武市,水洗36块,6.00,24.50,0.25,,6800.00,540.00,0.00,出厂价,2618,2019-04-17 00:00:00,1,0,2024-07-16 21:00:49,0,2024-07-16 21:00:49,,,
2019-04-16,灵武市,烟煤末,6.00,27.50,0.25,,5500.00,480.00,0.00,出厂价,2619,2019-04-16 00:00:00,1,0,2024-07-16 21:00:49,0,2024-07-16 21:00:49,,,
2019-04-16,灵武市,水洗36块,6.00,24.50,0.25,,6800.00,540.00,0.00,出厂价,2620,2019-04-16 00:00:00,1,0,2024-07-16 21:00:49,0,2024-07-16 21:00:49,,,
2019-04-15,灵武市,烟煤末,6.00,27.50,0.25,,5500.00,480.00,0.00,出厂价,2621,2019-04-15 00:00:00,1,0,2024-07-16 21:00:49,0,2024-07-16 21:00:49,,,
2019-04-15,灵武市,水洗36块,6.00,24.50,0.25,,6800.00,540.00,0.00,出厂价,2622,2019-04-15 00:00:00,1,0,2024-07-16 21:00:49,0,2024-07-16 21:00:49,,,
2019-04-12,灵武市,烟煤末,6.00,27.50,0.25,,5500.00,480.00,0.00,出厂价,2623,2019-04-12 00:00:00,1,0,2024-07-16 21:00:49,0,2024-07-16 21:00:49,,,
2019-04-12,灵武市,水洗36块,6.00,24.50,0.25,,6800.00,540.00,0.00,出厂价,2624,2019-04-12 00:00:00,1,0,2024-07-16 21:00:49,0,2024-07-16 21:00:49,,,
2019-04-11,灵武市,烟煤末,6.00,27.50,0.25,,5500.00,480.00,0.00,出厂价,2625,2019-04-11 00:00:00,1,0,2024-07-16 21:00:49,0,2024-07-16 21:00:49,,,
2019-04-11,灵武市,水洗36块,6.00,24.50,0.25,,6800.00,540.00,0.00,出厂价,2626,2019-04-11 00:00:00,1,0,2024-07-16 21:00:49,0,2024-07-16 21:00:49,,,
2019-04-10,灵武市,烟煤末,6.00,27.50,0.25,,5500.00,480.00,0.00,出厂价,2627,2019-04-10 00:00:00,1,0,2024-07-16 21:00:49,0,2024-07-16 21:00:49,,,
2019-04-10,灵武市,水洗36块,6.00,24.50,0.25,,6800.00,540.00,-5.00,出厂价,2628,2019-04-10 00:00:00,1,0,2024-07-16 21:00:49,0,2024-07-16 21:00:49,,,
2019-04-09,灵武市,烟煤末,6.00,27.50,0.25,,5500.00,480.00,0.00,出厂价,2629,2019-04-09 00:00:00,1,0,2024-07-16 21:00:49,0,2024-07-16 21:00:49,,,
2019-04-09,灵武市,水洗36块,6.00,24.50,0.25,,6800.00,545.00,-10.00,出厂价,2630,2019-04-09 00:00:00,1,0,2024-07-16 21:00:49,0,2024-07-16 21:00:49,,,
2019-04-08,灵武市,烟煤末,6.00,27.50,0.25,,5500.00,480.00,0.00,出厂价,2631,2019-04-08 00:00:00,1,0,2024-07-16 21:00:49,0,2024-07-16 21:00:49,,,
2019-04-08,灵武市,水洗36块,6.00,24.50,0.25,,6800.00,555.00,0.00,出厂价,2632,2019-04-08 00:00:00,1,0,2024-07-16 21:00:49,0,2024-07-16 21:00:49,,,
2019-04-04,灵武市,烟煤末,6.00,27.50,0.25,,5500.00,480.00,0.00,出厂价,2633,2019-04-04 00:00:00,1,0,2024-07-16 21:00:49,0,2024-07-16 21:00:49,,,
2019-04-04,灵武市,水洗36块,6.00,24.50,0.25,,6800.00,555.00,0.00,出厂价,2634,2019-04-04 00:00:00,1,0,2024-07-16 21:00:49,0,2024-07-16 21:00:49,,,
2019-04-03,灵武市,烟煤末,6.00,27.50,0.25,,5500.00,480.00,0.00,出厂价,2635,2019-04-03 00:00:00,1,0,2024-07-16 21:00:49,0,2024-07-16 21:00:49,,,
2019-04-03,灵武市,水洗36块,6.00,24.50,0.25,,6800.00,555.00,0.00,出厂价,2636,2019-04-03 00:00:00,1,0,2024-07-16 21:00:49,0,2024-07-16 21:00:49,,,
2019-04-02,灵武市,烟煤末,6.00,27.50,0.25,,5500.00,480.00,0.00,出厂价,2637,2019-04-02 00:00:00,1,0,2024-07-16 21:00:49,0,2024-07-16 21:00:49,,,
2019-04-02,灵武市,水洗36块,6.00,24.50,0.25,,6800.00,555.00,-5.00,出厂价,2638,2019-04-02 00:00:00,1,0,2024-07-16 21:00:49,0,2024-07-16 21:00:49,,,
2019-04-01,灵武市,烟煤末,6.00,27.50,0.25,,5500.00,480.00,0.00,出厂价,2639,2019-04-01 00:00:00,1,0,2024-07-16 21:00:49,0,2024-07-16 21:00:49,,,
2019-04-01,灵武市,水洗36块,6.00,24.50,0.25,,6800.00,560.00,0.00,出厂价,2640,2019-04-01 00:00:00,1,0,2024-07-16 21:00:49,0,2024-07-16 21:00:49,,,
2019-03-29,灵武市,烟煤末,6.00,27.50,0.25,,5500.00,480.00,0.00,出厂价,2641,2019-03-29 00:00:00,1,0,2024-07-16 21:00:51,0,2024-07-16 21:00:51,,,
2019-03-29,灵武市,水洗36块,6.00,24.50,0.25,,6800.00,560.00,0.00,出厂价,2642,2019-03-29 00:00:00,1,0,2024-07-16 21:00:51,0,2024-07-16 21:00:51,,,
2019-03-28,灵武市,烟煤末,6.00,27.50,0.25,,5500.00,480.00,0.00,出厂价,2643,2019-03-28 00:00:00,1,0,2024-07-16 21:00:51,0,2024-07-16 21:00:51,,,
2019-03-28,灵武市,水洗36块,6.00,24.50,0.25,,6800.00,560.00,0.00,出厂价,2644,2019-03-28 00:00:00,1,0,2024-07-16 21:00:51,0,2024-07-16 21:00:51,,,
2019-03-27,灵武市,烟煤末,6.00,27.50,0.25,,5500.00,480.00,-10.00,出厂价,2645,2019-03-27 00:00:00,1,0,2024-07-16 21:00:51,0,2024-07-16 21:00:51,,,
2019-03-27,灵武市,水洗36块,6.00,24.50,0.25,,6800.00,560.00,0.00,出厂价,2646,2019-03-27 00:00:00,1,0,2024-07-16 21:00:51,0,2024-07-16 21:00:51,,,
2019-03-26,灵武市,烟煤末,6.00,27.50,0.25,,5500.00,490.00,0.00,出厂价,2647,2019-03-26 00:00:00,1,0,2024-07-16 21:00:51,0,2024-07-16 21:00:51,,,
2019-03-26,灵武市,水洗36块,6.00,24.50,0.25,,6800.00,560.00,0.00,出厂价,2648,2019-03-26 00:00:00,1,0,2024-07-16 21:00:51,0,2024-07-16 21:00:51,,,
2019-03-25,灵武市,烟煤末,6.00,27.50,0.25,,5500.00,490.00,-10.00,出厂价,2649,2019-03-25 00:00:00,1,0,2024-07-16 21:00:51,0,2024-07-16 21:00:51,,,
2019-03-25,灵武市,水洗36块,6.00,24.50,0.25,,6800.00,560.00,-5.00,出厂价,2650,2019-03-25 00:00:00,1,0,2024-07-16 21:00:51,0,2024-07-16 21:00:51,,,
2019-03-22,灵武市,烟煤末,6.00,27.50,0.25,,5500.00,500.00,0.00,出厂价,2651,2019-03-22 00:00:00,1,0,2024-07-16 21:00:51,0,2024-07-16 21:00:51,,,
2019-03-22,灵武市,水洗36块,6.00,24.50,0.25,,6800.00,565.00,-5.00,出厂价,2652,2019-03-22 00:00:00,1,0,2024-07-16 21:00:51,0,2024-07-16 21:00:51,,,
2019-03-21,灵武市,烟煤末,6.00,27.50,0.25,,5500.00,500.00,0.00,出厂价,2653,2019-03-21 00:00:00,1,0,2024-07-16 21:00:51,0,2024-07-16 21:00:51,,,
2019-03-21,灵武市,水洗36块,6.00,24.50,0.25,,6800.00,570.00,0.00,出厂价,2654,2019-03-21 00:00:00,1,0,2024-07-16 21:00:51,0,2024-07-16 21:00:51,,,
2019-03-20,灵武市,烟煤末,6.00,27.50,0.25,,5500.00,500.00,0.00,出厂价,2655,2019-03-20 00:00:00,1,0,2024-07-16 21:00:51,0,2024-07-16 21:00:51,,,
2019-03-20,灵武市,水洗36块,6.00,24.50,0.25,,6800.00,570.00,0.00,出厂价,2656,2019-03-20 00:00:00,1,0,2024-07-16 21:00:51,0,2024-07-16 21:00:51,,,
2019-03-19,灵武市,烟煤末,6.00,27.50,0.25,,5500.00,500.00,-15.00,出厂价,2657,2019-03-19 00:00:00,1,0,2024-07-16 21:00:51,0,2024-07-16 21:00:51,,,
2019-03-19,灵武市,水洗36块,6.00,24.50,0.25,,6800.00,570.00,-10.00,出厂价,2658,2019-03-19 00:00:00,1,0,2024-07-16 21:00:51,0,2024-07-16 21:00:51,,,
2019-03-18,灵武市,烟煤末,6.00,27.50,0.25,,5500.00,515.00,0.00,出厂价,2659,2019-03-18 00:00:00,1,0,2024-07-16 21:00:51,0,2024-07-16 21:00:51,,,
2019-03-18,灵武市,水洗36块,6.00,24.50,0.25,,6800.00,580.00,0.00,出厂价,2660,2019-03-18 00:00:00,1,0,2024-07-16 21:00:51,0,2024-07-16 21:00:51,,,
2019-03-15,灵武市,烟煤末,6.00,27.50,0.25,,5500.00,515.00,0.00,出厂价,2661,2019-03-15 00:00:00,1,0,2024-07-16 21:00:51,0,2024-07-16 21:00:51,,,
2019-03-15,灵武市,水洗36块,6.00,24.50,0.25,,6800.00,580.00,0.00,出厂价,2662,2019-03-15 00:00:00,1,0,2024-07-16 21:00:51,0,2024-07-16 21:00:51,,,
2019-03-14,灵武市,烟煤末,6.00,27.50,0.25,,5500.00,515.00,0.00,出厂价,2663,2019-03-14 00:00:00,1,0,2024-07-16 21:00:51,0,2024-07-16 21:00:51,,,
2019-03-14,灵武市,水洗36块,6.00,24.50,0.25,,6800.00,580.00,0.00,出厂价,2664,2019-03-14 00:00:00,1,0,2024-07-16 21:00:51,0,2024-07-16 21:00:51,,,
2019-03-13,灵武市,烟煤末,6.00,27.50,0.25,,5500.00,515.00,0.00,出厂价,2665,2019-03-13 00:00:00,1,0,2024-07-16 21:00:51,0,2024-07-16 21:00:51,,,
2019-03-13,灵武市,水洗36块,6.00,24.50,0.25,,6800.00,580.00,0.00,出厂价,2666,2019-03-13 00:00:00,1,0,2024-07-16 21:00:51,0,2024-07-16 21:00:51,,,
2019-03-12,灵武市,烟煤末,6.00,27.50,0.25,,5500.00,515.00,0.00,出厂价,2667,2019-03-12 00:00:00,1,0,2024-07-16 21:00:51,0,2024-07-16 21:00:51,,,
2019-03-12,灵武市,水洗36块,6.00,24.50,0.25,,6800.00,580.00,0.00,出厂价,2668,2019-03-12 00:00:00,1,0,2024-07-16 21:00:51,0,2024-07-16 21:00:51,,,
2019-03-11,灵武市,烟煤末,6.00,27.50,0.25,,5500.00,515.00,0.00,出厂价,2669,2019-03-11 00:00:00,1,0,2024-07-16 21:00:51,0,2024-07-16 21:00:51,,,
2019-03-11,灵武市,水洗36块,6.00,24.50,0.25,,6800.00,580.00,0.00,出厂价,2670,2019-03-11 00:00:00,1,0,2024-07-16 21:00:51,0,2024-07-16 21:00:51,,,
2019-03-08,灵武市,烟煤末,6.00,27.50,0.25,,5500.00,515.00,5.00,出厂价,2671,2019-03-08 00:00:00,1,0,2024-07-16 21:00:54,0,2024-07-16 21:00:54,,,
2019-03-08,灵武市,水洗36块,6.00,24.50,0.25,,6800.00,580.00,10.00,出厂价,2672,2019-03-08 00:00:00,1,0,2024-07-16 21:00:54,0,2024-07-16 21:00:54,,,
2019-03-07,灵武市,烟煤末,6.00,27.50,0.25,,5500.00,510.00,5.00,出厂价,2673,2019-03-07 00:00:00,1,0,2024-07-16 21:00:54,0,2024-07-16 21:00:54,,,
2019-03-07,灵武市,水洗36块,6.00,24.50,0.25,,6800.00,570.00,0.00,出厂价,2674,2019-03-07 00:00:00,1,0,2024-07-16 21:00:54,0,2024-07-16 21:00:54,,,
2019-03-06,灵武市,烟煤末,6.00,27.50,0.25,,5500.00,505.00,0.00,出厂价,2675,2019-03-06 00:00:00,1,0,2024-07-16 21:00:54,0,2024-07-16 21:00:54,,,
2019-03-06,灵武市,水洗36块,6.00,24.50,0.25,,6800.00,570.00,10.00,出厂价,2676,2019-03-06 00:00:00,1,0,2024-07-16 21:00:54,0,2024-07-16 21:00:54,,,
2019-03-05,灵武市,烟煤末,6.00,27.50,0.25,,5500.00,505.00,20.00,出厂价,2677,2019-03-05 00:00:00,1,0,2024-07-16 21:00:54,0,2024-07-16 21:00:54,,,
2019-03-05,灵武市,水洗36块,6.00,24.50,0.25,,6800.00,560.00,10.00,出厂价,2678,2019-03-05 00:00:00,1,0,2024-07-16 21:00:54,0,2024-07-16 21:00:54,,,
2019-03-04,灵武市,烟煤末,6.00,27.50,0.25,,5500.00,485.00,10.00,出厂价,2679,2019-03-04 00:00:00,1,0,2024-07-16 21:00:54,0,2024-07-16 21:00:54,,,
2019-03-04,灵武市,水洗36块,6.00,24.50,0.25,,6800.00,550.00,5.00,出厂价,2680,2019-03-04 00:00:00,1,0,2024-07-16 21:00:54,0,2024-07-16 21:00:54,,,
2019-03-01,灵武市,烟煤末,6.00,27.50,0.25,,5500.00,475.00,5.00,出厂价,2681,2019-03-01 00:00:00,1,0,2024-07-16 21:00:54,0,2024-07-16 21:00:54,,,
2019-03-01,灵武市,水洗36块,6.00,24.50,0.25,,6800.00,545.00,0.00,出厂价,2682,2019-03-01 00:00:00,1,0,2024-07-16 21:00:54,0,2024-07-16 21:00:54,,,
2019-02-28,灵武市,烟煤末,6.00,27.50,0.25,,5500.00,470.00,0.00,出厂价,2683,2019-02-28 00:00:00,1,0,2024-07-16 21:00:54,0,2024-07-16 21:00:54,,,
2019-02-28,灵武市,水洗36块,6.00,24.50,0.25,,6800.00,545.00,5.00,出厂价,2684,2019-02-28 00:00:00,1,0,2024-07-16 21:00:54,0,2024-07-16 21:00:54,,,
2019-02-27,灵武市,烟煤末,6.00,27.50,0.25,,5500.00,470.00,0.00,出厂价,2685,2019-02-27 00:00:00,1,0,2024-07-16 21:00:54,0,2024-07-16 21:00:54,,,
2019-02-27,灵武市,水洗36块,6.00,24.50,0.25,,6800.00,540.00,0.00,出厂价,2686,2019-02-27 00:00:00,1,0,2024-07-16 21:00:54,0,2024-07-16 21:00:54,,,
2019-02-26,灵武市,烟煤末,6.00,27.50,0.25,,5500.00,470.00,0.00,出厂价,2687,2019-02-26 00:00:00,1,0,2024-07-16 21:00:54,0,2024-07-16 21:00:54,,,
2019-02-26,灵武市,水洗36块,6.00,24.50,0.25,,6800.00,540.00,10.00,出厂价,2688,2019-02-26 00:00:00,1,0,2024-07-16 21:00:54,0,2024-07-16 21:00:54,,,
2019-02-25,灵武市,烟煤末,6.00,27.50,0.25,,5500.00,470.00,0.00,出厂价,2689,2019-02-25 00:00:00,1,0,2024-07-16 21:00:54,0,2024-07-16 21:00:54,,,
2019-02-25,灵武市,水洗36块,6.00,24.50,0.25,,6800.00,530.00,0.00,出厂价,2690,2019-02-25 00:00:00,1,0,2024-07-16 21:00:54,0,2024-07-16 21:00:54,,,
2019-02-22,灵武市,烟煤末,6.00,27.50,0.25,,5500.00,470.00,0.00,出厂价,2691,2019-02-22 00:00:00,1,0,2024-07-16 21:00:54,0,2024-07-16 21:00:54,,,
2019-02-22,灵武市,水洗36块,6.00,24.50,0.25,,6800.00,530.00,0.00,出厂价,2692,2019-02-22 00:00:00,1,0,2024-07-16 21:00:54,0,2024-07-16 21:00:54,,,
2019-02-21,灵武市,烟煤末,6.00,27.50,0.25,,5500.00,470.00,0.00,出厂价,2693,2019-02-21 00:00:00,1,0,2024-07-16 21:00:54,0,2024-07-16 21:00:54,,,
2019-02-21,灵武市,水洗36块,6.00,24.50,0.25,,6800.00,530.00,0.00,出厂价,2694,2019-02-21 00:00:00,1,0,2024-07-16 21:00:54,0,2024-07-16 21:00:54,,,
2019-02-20,灵武市,烟煤末,6.00,27.50,0.25,,5500.00,470.00,0.00,出厂价,2695,2019-02-20 00:00:00,1,0,2024-07-16 21:00:54,0,2024-07-16 21:00:54,,,
2019-02-20,灵武市,水洗36块,6.00,24.50,0.25,,6800.00,530.00,0.00,出厂价,2696,2019-02-20 00:00:00,1,0,2024-07-16 21:00:54,0,2024-07-16 21:00:54,,,
2019-02-19,灵武市,烟煤末,6.00,27.50,0.25,,5500.00,470.00,5.00,出厂价,2697,2019-02-19 00:00:00,1,0,2024-07-16 21:00:54,0,2024-07-16 21:00:54,,,
2019-02-19,灵武市,水洗36块,6.00,24.50,0.25,,6800.00,530.00,10.00,出厂价,2698,2019-02-19 00:00:00,1,0,2024-07-16 21:00:54,0,2024-07-16 21:00:54,,,
2019-02-18,灵武市,烟煤末,6.00,27.50,0.25,,5500.00,465.00,0.00,出厂价,2699,2019-02-18 00:00:00,1,0,2024-07-16 21:00:54,0,2024-07-16 21:00:54,,,
2019-02-18,灵武市,水洗36块,6.00,24.50,0.25,,6800.00,520.00,0.00,出厂价,2700,2019-02-18 00:00:00,1,0,2024-07-16 21:00:54,0,2024-07-16 21:00:54,,,
2019-02-15,灵武市,烟煤末,6.00,27.50,0.25,,5500.00,465.00,0.00,出厂价,2701,2019-02-15 00:00:00,1,0,2024-07-16 21:00:56,0,2024-07-16 21:00:56,,,
2019-02-15,灵武市,水洗36块,6.00,24.50,0.25,,6800.00,520.00,0.00,出厂价,2702,2019-02-15 00:00:00,1,0,2024-07-16 21:00:56,0,2024-07-16 21:00:56,,,
2019-02-14,灵武市,烟煤末,6.00,27.50,0.25,,5500.00,465.00,0.00,出厂价,2703,2019-02-14 00:00:00,1,0,2024-07-16 21:00:56,0,2024-07-16 21:00:56,,,
2019-02-14,灵武市,水洗36块,6.00,24.50,0.25,,6800.00,520.00,0.00,出厂价,2704,2019-02-14 00:00:00,1,0,2024-07-16 21:00:56,0,2024-07-16 21:00:56,,,
2019-02-13,灵武市,烟煤末,6.00,27.50,0.25,,5500.00,465.00,0.00,出厂价,2705,2019-02-13 00:00:00,1,0,2024-07-16 21:00:56,0,2024-07-16 21:00:56,,,
2019-02-13,灵武市,水洗36块,6.00,24.50,0.25,,6800.00,520.00,0.00,出厂价,2706,2019-02-13 00:00:00,1,0,2024-07-16 21:00:56,0,2024-07-16 21:00:56,,,
2019-02-12,灵武市,烟煤末,6.00,27.50,0.25,,5500.00,465.00,0.00,出厂价,2707,2019-02-12 00:00:00,1,0,2024-07-16 21:00:56,0,2024-07-16 21:00:56,,,
2019-02-12,灵武市,水洗36块,6.00,24.50,0.25,,6800.00,520.00,0.00,出厂价,2708,2019-02-12 00:00:00,1,0,2024-07-16 21:00:56,0,2024-07-16 21:00:56,,,
2019-02-11,灵武市,烟煤末,6.00,27.50,0.25,,5500.00,465.00,0.00,出厂价,2709,2019-02-11 00:00:00,1,0,2024-07-16 21:00:56,0,2024-07-16 21:00:56,,,
2019-02-11,灵武市,水洗36块,6.00,24.50,0.25,,6800.00,520.00,0.00,出厂价,2710,2019-02-11 00:00:00,1,0,2024-07-16 21:00:56,0,2024-07-16 21:00:56,,,
2019-02-03,灵武市,烟煤末,6.00,27.50,0.25,,5500.00,465.00,0.00,出厂价,2711,2019-02-03 00:00:00,1,0,2024-07-16 21:00:56,0,2024-07-16 21:00:56,,,
2019-02-03,灵武市,水洗36块,6.00,24.50,0.25,,6800.00,520.00,0.00,出厂价,2712,2019-02-03 00:00:00,1,0,2024-07-16 21:00:56,0,2024-07-16 21:00:56,,,
2019-02-02,灵武市,烟煤末,6.00,27.50,0.25,,5500.00,465.00,0.00,出厂价,2713,2019-02-02 00:00:00,1,0,2024-07-16 21:00:56,0,2024-07-16 21:00:56,,,
2019-02-02,灵武市,水洗36块,6.00,24.50,0.25,,6800.00,520.00,0.00,出厂价,2714,2019-02-02 00:00:00,1,0,2024-07-16 21:00:56,0,2024-07-16 21:00:56,,,
2019-02-01,灵武市,烟煤末,6.00,27.50,0.25,,5500.00,465.00,0.00,出厂价,2715,2019-02-01 00:00:00,1,0,2024-07-16 21:00:56,0,2024-07-16 21:00:56,,,
2019-02-01,灵武市,水洗36块,6.00,24.50,0.25,,6800.00,520.00,0.00,出厂价,2716,2019-02-01 00:00:00,1,0,2024-07-16 21:00:56,0,2024-07-16 21:00:56,,,
2019-01-31,灵武市,烟煤末,6.00,27.50,0.25,,5500.00,465.00,0.00,出厂价,2717,2019-01-31 00:00:00,1,0,2024-07-16 21:00:56,0,2024-07-16 21:00:56,,,
2019-01-31,灵武市,水洗36块,6.00,24.50,0.25,,6800.00,520.00,0.00,出厂价,2718,2019-01-31 00:00:00,1,0,2024-07-16 21:00:56,0,2024-07-16 21:00:56,,,
2019-01-30,灵武市,烟煤末,6.00,27.50,0.25,,5500.00,465.00,0.00,出厂价,2719,2019-01-30 00:00:00,1,0,2024-07-16 21:00:56,0,2024-07-16 21:00:56,,,
2019-01-30,灵武市,水洗36块,6.00,24.50,0.25,,6800.00,520.00,0.00,出厂价,2720,2019-01-30 00:00:00,1,0,2024-07-16 21:00:56,0,2024-07-16 21:00:56,,,
2019-01-29,灵武市,烟煤末,6.00,27.50,0.25,,5500.00,465.00,0.00,出厂价,2721,2019-01-29 00:00:00,1,0,2024-07-16 21:00:56,0,2024-07-16 21:00:56,,,
2019-01-29,灵武市,水洗36块,6.00,24.50,0.25,,6800.00,520.00,0.00,出厂价,2722,2019-01-29 00:00:00,1,0,2024-07-16 21:00:56,0,2024-07-16 21:00:56,,,
2019-01-28,灵武市,烟煤末,6.00,27.50,0.25,,5500.00,465.00,0.00,出厂价,2723,2019-01-28 00:00:00,1,0,2024-07-16 21:00:56,0,2024-07-16 21:00:56,,,
2019-01-28,灵武市,水洗36块,6.00,24.50,0.25,,6800.00,520.00,0.00,出厂价,2724,2019-01-28 00:00:00,1,0,2024-07-16 21:00:56,0,2024-07-16 21:00:56,,,
2019-01-25,灵武市,烟煤末,6.00,27.50,0.25,,5500.00,465.00,5.00,出厂价,2725,2019-01-25 00:00:00,1,0,2024-07-16 21:00:56,0,2024-07-16 21:00:56,,,
2019-01-25,灵武市,水洗36块,6.00,24.50,0.25,,6800.00,520.00,5.00,出厂价,2726,2019-01-25 00:00:00,1,0,2024-07-16 21:00:56,0,2024-07-16 21:00:56,,,
2019-01-24,灵武市,烟煤末,6.00,27.50,0.25,,5500.00,460.00,0.00,出厂价,2727,2019-01-24 00:00:00,1,0,2024-07-16 21:00:56,0,2024-07-16 21:00:56,,,
2019-01-24,灵武市,水洗36块,6.00,24.50,0.25,,6800.00,515.00,0.00,出厂价,2728,2019-01-24 00:00:00,1,0,2024-07-16 21:00:56,0,2024-07-16 21:00:56,,,
2019-01-23,灵武市,烟煤末,6.00,27.50,0.25,,5500.00,460.00,5.00,出厂价,2729,2019-01-23 00:00:00,1,0,2024-07-16 21:00:56,0,2024-07-16 21:00:56,,,
2019-01-23,灵武市,水洗36块,6.00,24.50,0.25,,6800.00,515.00,10.00,出厂价,2730,2019-01-23 00:00:00,1,0,2024-07-16 21:00:56,0,2024-07-16 21:00:56,,,
2019-01-22,灵武市,烟煤末,6.00,27.50,0.25,,5500.00,455.00,5.00,出厂价,2731,2019-01-22 00:00:00,1,0,2024-07-16 21:01:00,0,2024-07-16 21:01:00,,,
2019-01-22,灵武市,水洗36块,6.00,24.50,0.25,,6800.00,505.00,0.00,出厂价,2732,2019-01-22 00:00:00,1,0,2024-07-16 21:01:00,0,2024-07-16 21:01:00,,,
2019-01-21,灵武市,烟煤末,6.00,27.50,0.25,,5500.00,450.00,0.00,出厂价,2733,2019-01-21 00:00:00,1,0,2024-07-16 21:01:00,0,2024-07-16 21:01:00,,,
2019-01-21,灵武市,水洗36块,6.00,24.50,0.25,,6800.00,505.00,0.00,出厂价,2734,2019-01-21 00:00:00,1,0,2024-07-16 21:01:00,0,2024-07-16 21:01:00,,,
2019-01-18,灵武市,烟煤末,6.00,27.50,0.25,,5500.00,450.00,0.00,出厂价,2735,2019-01-18 00:00:00,1,0,2024-07-16 21:01:00,0,2024-07-16 21:01:00,,,
2019-01-18,灵武市,水洗36块,6.00,24.50,0.25,,6800.00,505.00,0.00,出厂价,2736,2019-01-18 00:00:00,1,0,2024-07-16 21:01:00,0,2024-07-16 21:01:00,,,
2019-01-17,灵武市,烟煤末,6.00,27.50,0.25,,5500.00,450.00,5.00,出厂价,2737,2019-01-17 00:00:00,1,0,2024-07-16 21:01:00,0,2024-07-16 21:01:00,,,
2019-01-17,灵武市,水洗36块,6.00,24.50,0.25,,6800.00,505.00,0.00,出厂价,2738,2019-01-17 00:00:00,1,0,2024-07-16 21:01:00,0,2024-07-16 21:01:00,,,
2019-01-16,灵武市,烟煤末,6.00,27.50,0.25,,5500.00,445.00,5.00,出厂价,2739,2019-01-16 00:00:00,1,0,2024-07-16 21:01:00,0,2024-07-16 21:01:00,,,
2019-01-16,灵武市,水洗36块,6.00,24.50,0.25,,6800.00,505.00,0.00,出厂价,2740,2019-01-16 00:00:00,1,0,2024-07-16 21:01:00,0,2024-07-16 21:01:00,,,
2019-01-15,灵武市,烟煤末,6.00,27.50,0.25,,5500.00,440.00,10.00,出厂价,2741,2019-01-15 00:00:00,1,0,2024-07-16 21:01:00,0,2024-07-16 21:01:00,,,
2019-01-15,灵武市,水洗36块,6.00,24.50,0.25,,6800.00,505.00,0.00,出厂价,2742,2019-01-15 00:00:00,1,0,2024-07-16 21:01:00,0,2024-07-16 21:01:00,,,
2019-01-14,灵武市,烟煤末,6.00,27.50,0.25,,5500.00,430.00,0.00,出厂价,2743,2019-01-14 00:00:00,1,0,2024-07-16 21:01:00,0,2024-07-16 21:01:00,,,
2019-01-14,灵武市,水洗36块,6.00,24.50,0.25,,6800.00,505.00,0.00,出厂价,2744,2019-01-14 00:00:00,1,0,2024-07-16 21:01:00,0,2024-07-16 21:01:00,,,
2019-01-11,灵武市,烟煤末,6.00,27.50,0.25,,5500.00,430.00,0.00,出厂价,2745,2019-01-11 00:00:00,1,0,2024-07-16 21:01:00,0,2024-07-16 21:01:00,,,
2019-01-11,灵武市,水洗36块,6.00,24.50,0.25,,6800.00,505.00,0.00,出厂价,2746,2019-01-11 00:00:00,1,0,2024-07-16 21:01:00,0,2024-07-16 21:01:00,,,
2019-01-10,灵武市,烟煤末,6.00,27.50,0.25,,5500.00,430.00,0.00,出厂价,2747,2019-01-10 00:00:00,1,0,2024-07-16 21:01:00,0,2024-07-16 21:01:00,,,
2019-01-10,灵武市,水洗36块,6.00,24.50,0.25,,6800.00,505.00,0.00,出厂价,2748,2019-01-10 00:00:00,1,0,2024-07-16 21:01:00,0,2024-07-16 21:01:00,,,
2019-01-09,灵武市,烟煤末,6.00,27.50,0.25,,5500.00,430.00,0.00,出厂价,2749,2019-01-09 00:00:00,1,0,2024-07-16 21:01:00,0,2024-07-16 21:01:00,,,
2019-01-09,灵武市,水洗36块,6.00,24.50,0.25,,6800.00,505.00,0.00,出厂价,2750,2019-01-09 00:00:00,1,0,2024-07-16 21:01:00,0,2024-07-16 21:01:00,,,
2019-01-08,灵武市,烟煤末,6.00,27.50,0.25,,5500.00,430.00,0.00,出厂价,2751,2019-01-08 00:00:00,1,0,2024-07-16 21:01:00,0,2024-07-16 21:01:00,,,
2019-01-08,灵武市,水洗36块,6.00,24.50,0.25,,6800.00,505.00,0.00,出厂价,2752,2019-01-08 00:00:00,1,0,2024-07-16 21:01:00,0,2024-07-16 21:01:00,,,
2019-01-07,灵武市,烟煤末,6.00,27.50,0.25,,5500.00,430.00,0.00,出厂价,2753,2019-01-07 00:00:00,1,0,2024-07-16 21:01:00,0,2024-07-16 21:01:00,,,
2019-01-07,灵武市,水洗36块,6.00,24.50,0.25,,6800.00,505.00,0.00,出厂价,2754,2019-01-07 00:00:00,1,0,2024-07-16 21:01:00,0,2024-07-16 21:01:00,,,
2019-01-04,灵武市,烟煤末,6.00,27.50,0.25,,5500.00,430.00,0.00,出厂价,2755,2019-01-04 00:00:00,1,0,2024-07-16 21:01:00,0,2024-07-16 21:01:00,,,
2019-01-04,灵武市,水洗36块,6.00,24.50,0.25,,6800.00,505.00,0.00,出厂价,2756,2019-01-04 00:00:00,1,0,2024-07-16 21:01:00,0,2024-07-16 21:01:00,,,
2019-01-03,灵武市,烟煤末,6.00,27.50,0.25,,5500.00,430.00,0.00,出厂价,2757,2019-01-03 00:00:00,1,0,2024-07-16 21:01:00,0,2024-07-16 21:01:00,,,
2019-01-03,灵武市,水洗36块,6.00,24.50,0.25,,6800.00,505.00,0.00,出厂价,2758,2019-01-03 00:00:00,1,0,2024-07-16 21:01:00,0,2024-07-16 21:01:00,,,
2019-01-02,灵武市,烟煤末,6.00,27.50,0.25,,5500.00,430.00,0.00,出厂价,2759,2019-01-02 00:00:00,1,0,2024-07-16 21:01:00,0,2024-07-16 21:01:00,,,
2019-01-02,灵武市,水洗36块,6.00,24.50,0.25,,6800.00,505.00,0.00,出厂价,2760,2019-01-02 00:00:00,1,0,2024-07-16 21:01:00,0,2024-07-16 21:01:00,,,
2018-12-29,灵武市,烟煤末,6.00,27.50,0.25,,5500.00,430.00,0.00,出厂价,2761,2018-12-29 00:00:00,1,0,2024-07-16 21:01:02,0,2024-07-16 21:01:02,,,
2018-12-29,灵武市,水洗36块,6.00,24.50,0.25,,6800.00,505.00,0.00,出厂价,2762,2018-12-29 00:00:00,1,0,2024-07-16 21:01:02,0,2024-07-16 21:01:02,,,
2018-12-28,灵武市,烟煤末,6.00,27.50,0.25,,5500.00,430.00,0.00,出厂价,2763,2018-12-28 00:00:00,1,0,2024-07-16 21:01:02,0,2024-07-16 21:01:02,,,
2018-12-28,灵武市,水洗36块,6.00,24.50,0.25,,6800.00,505.00,0.00,出厂价,2764,2018-12-28 00:00:00,1,0,2024-07-16 21:01:02,0,2024-07-16 21:01:02,,,
2018-12-27,灵武市,烟煤末,6.00,27.50,0.25,,5500.00,430.00,0.00,出厂价,2765,2018-12-27 00:00:00,1,0,2024-07-16 21:01:02,0,2024-07-16 21:01:02,,,
2018-12-27,灵武市,水洗36块,6.00,24.50,0.25,,6800.00,505.00,0.00,出厂价,2766,2018-12-27 00:00:00,1,0,2024-07-16 21:01:02,0,2024-07-16 21:01:02,,,
2018-12-26,灵武市,烟煤末,6.00,27.50,0.25,,5500.00,430.00,-5.00,出厂价,2767,2018-12-26 00:00:00,1,0,2024-07-16 21:01:02,0,2024-07-16 21:01:02,,,
2018-12-26,灵武市,水洗36块,6.00,24.50,0.25,,6800.00,505.00,-5.00,出厂价,2768,2018-12-26 00:00:00,1,0,2024-07-16 21:01:02,0,2024-07-16 21:01:02,,,
2018-12-25,灵武市,烟煤末,6.00,27.50,0.25,,5500.00,435.00,0.00,出厂价,2769,2018-12-25 00:00:00,1,0,2024-07-16 21:01:02,0,2024-07-16 21:01:02,,,
2018-12-25,灵武市,水洗36块,6.00,24.50,0.25,,6800.00,510.00,0.00,出厂价,2770,2018-12-25 00:00:00,1,0,2024-07-16 21:01:02,0,2024-07-16 21:01:02,,,
2018-12-24,灵武市,烟煤末,6.00,27.50,0.25,,5500.00,435.00,0.00,出厂价,2771,2018-12-24 00:00:00,1,0,2024-07-16 21:01:02,0,2024-07-16 21:01:02,,,
2018-12-24,灵武市,水洗36块,6.00,24.50,0.25,,6800.00,510.00,0.00,出厂价,2772,2018-12-24 00:00:00,1,0,2024-07-16 21:01:02,0,2024-07-16 21:01:02,,,
2018-12-21,灵武市,烟煤末,6.00,27.50,0.25,,5500.00,435.00,0.00,出厂价,2773,2018-12-21 00:00:00,1,0,2024-07-16 21:01:02,0,2024-07-16 21:01:02,,,
2018-12-21,灵武市,水洗36块,6.00,24.50,0.25,,6800.00,510.00,0.00,出厂价,2774,2018-12-21 00:00:00,1,0,2024-07-16 21:01:02,0,2024-07-16 21:01:02,,,
2018-12-20,灵武市,烟煤末,6.00,27.50,0.25,,5500.00,435.00,0.00,出厂价,2775,2018-12-20 00:00:00,1,0,2024-07-16 21:01:02,0,2024-07-16 21:01:02,,,
2018-12-20,灵武市,水洗36块,6.00,24.50,0.25,,6800.00,510.00,0.00,出厂价,2776,2018-12-20 00:00:00,1,0,2024-07-16 21:01:02,0,2024-07-16 21:01:02,,,
2018-12-19,灵武市,烟煤末,6.00,27.50,0.25,,5500.00,435.00,-5.00,出厂价,2777,2018-12-19 00:00:00,1,0,2024-07-16 21:01:02,0,2024-07-16 21:01:02,,,
2018-12-19,灵武市,水洗36块,6.00,24.50,0.25,,6800.00,510.00,-10.00,出厂价,2778,2018-12-19 00:00:00,1,0,2024-07-16 21:01:02,0,2024-07-16 21:01:02,,,
2018-12-18,灵武市,烟煤末,6.00,27.50,0.25,,5500.00,440.00,0.00,出厂价,2779,2018-12-18 00:00:00,1,0,2024-07-16 21:01:02,0,2024-07-16 21:01:02,,,
2018-12-18,灵武市,水洗36块,6.00,24.50,0.25,,6800.00,520.00,0.00,出厂价,2780,2018-12-18 00:00:00,1,0,2024-07-16 21:01:02,0,2024-07-16 21:01:02,,,
2018-12-17,灵武市,烟煤末,6.00,27.50,0.25,,5500.00,440.00,0.00,出厂价,2781,2018-12-17 00:00:00,1,0,2024-07-16 21:01:02,0,2024-07-16 21:01:02,,,
2018-12-17,灵武市,水洗36块,6.00,24.50,0.25,,6800.00,520.00,0.00,出厂价,2782,2018-12-17 00:00:00,1,0,2024-07-16 21:01:02,0,2024-07-16 21:01:02,,,
2018-12-14,灵武市,烟煤末,6.00,27.50,0.25,,5500.00,440.00,0.00,出厂价,2783,2018-12-14 00:00:00,1,0,2024-07-16 21:01:02,0,2024-07-16 21:01:02,,,
2018-12-14,灵武市,水洗36块,6.00,24.50,0.25,,6800.00,520.00,0.00,出厂价,2784,2018-12-14 00:00:00,1,0,2024-07-16 21:01:02,0,2024-07-16 21:01:02,,,
2018-12-13,灵武市,烟煤末,6.00,27.50,0.25,,5500.00,440.00,0.00,出厂价,2785,2018-12-13 00:00:00,1,0,2024-07-16 21:01:02,0,2024-07-16 21:01:02,,,
2018-12-13,灵武市,水洗36块,6.00,24.50,0.25,,6800.00,520.00,0.00,出厂价,2786,2018-12-13 00:00:00,1,0,2024-07-16 21:01:02,0,2024-07-16 21:01:02,,,
2018-12-12,灵武市,烟煤末,6.00,27.50,0.25,,5500.00,440.00,0.00,出厂价,2787,2018-12-12 00:00:00,1,0,2024-07-16 21:01:02,0,2024-07-16 21:01:02,,,
2018-12-12,灵武市,水洗36块,6.00,24.50,0.25,,6800.00,520.00,0.00,出厂价,2788,2018-12-12 00:00:00,1,0,2024-07-16 21:01:02,0,2024-07-16 21:01:02,,,
2018-12-11,灵武市,烟煤末,6.00,27.50,0.25,,5500.00,440.00,0.00,出厂价,2789,2018-12-11 00:00:00,1,0,2024-07-16 21:01:02,0,2024-07-16 21:01:02,,,
2018-12-11,灵武市,水洗36块,6.00,24.50,0.25,,6800.00,520.00,0.00,出厂价,2790,2018-12-11 00:00:00,1,0,2024-07-16 21:01:02,0,2024-07-16 21:01:02,,,
2018-12-10,灵武市,烟煤末,6.00,27.50,0.25,,5500.00,440.00,0.00,出厂价,2791,2018-12-10 00:00:00,1,0,2024-07-16 21:01:05,0,2024-07-16 21:01:05,,,
2018-12-10,灵武市,水洗36块,6.00,24.50,0.25,,6800.00,520.00,0.00,出厂价,2792,2018-12-10 00:00:00,1,0,2024-07-16 21:01:05,0,2024-07-16 21:01:05,,,
2018-12-07,灵武市,烟煤末,6.00,27.50,0.25,,5500.00,440.00,0.00,出厂价,2793,2018-12-07 00:00:00,1,0,2024-07-16 21:01:05,0,2024-07-16 21:01:05,,,
2018-12-07,灵武市,水洗36块,6.00,24.50,0.25,,6800.00,520.00,0.00,出厂价,2794,2018-12-07 00:00:00,1,0,2024-07-16 21:01:05,0,2024-07-16 21:01:05,,,
2018-12-06,灵武市,烟煤末,6.00,27.50,0.25,,5500.00,440.00,-10.00,出厂价,2795,2018-12-06 00:00:00,1,0,2024-07-16 21:01:05,0,2024-07-16 21:01:05,,,
2018-12-06,灵武市,水洗36块,6.00,24.50,0.25,,6800.00,520.00,0.00,出厂价,2796,2018-12-06 00:00:00,1,0,2024-07-16 21:01:05,0,2024-07-16 21:01:05,,,
2018-12-05,灵武市,烟煤末,6.00,27.50,0.25,,5500.00,450.00,0.00,出厂价,2797,2018-12-05 00:00:00,1,0,2024-07-16 21:01:05,0,2024-07-16 21:01:05,,,
2018-12-05,灵武市,水洗36块,6.00,24.50,0.25,,6800.00,520.00,0.00,出厂价,2798,2018-12-05 00:00:00,1,0,2024-07-16 21:01:05,0,2024-07-16 21:01:05,,,
2018-12-04,灵武市,烟煤末,6.00,27.50,0.25,,5500.00,450.00,0.00,出厂价,2799,2018-12-04 00:00:00,1,0,2024-07-16 21:01:05,0,2024-07-16 21:01:05,,,
2018-12-04,灵武市,水洗36块,6.00,24.50,0.25,,6800.00,520.00,-10.00,出厂价,2800,2018-12-04 00:00:00,1,0,2024-07-16 21:01:05,0,2024-07-16 21:01:05,,,
2018-12-03,灵武市,烟煤末,6.00,27.50,0.25,,5500.00,450.00,0.00,出厂价,2801,2018-12-03 00:00:00,1,0,2024-07-16 21:01:05,0,2024-07-16 21:01:05,,,
2018-12-03,灵武市,水洗36块,6.00,24.50,0.25,,6800.00,530.00,0.00,出厂价,2802,2018-12-03 00:00:00,1,0,2024-07-16 21:01:05,0,2024-07-16 21:01:05,,,
2018-11-30,灵武市,烟煤末,6.00,27.50,0.25,,5500.00,450.00,0.00,出厂价,2803,2018-11-30 00:00:00,1,0,2024-07-16 21:01:05,0,2024-07-16 21:01:05,,,
2018-11-30,灵武市,水洗36块,6.00,24.50,0.25,,6800.00,530.00,0.00,出厂价,2804,2018-11-30 00:00:00,1,0,2024-07-16 21:01:05,0,2024-07-16 21:01:05,,,
2018-11-29,灵武市,烟煤末,6.00,27.50,0.25,,5500.00,450.00,0.00,出厂价,2805,2018-11-29 00:00:00,1,0,2024-07-16 21:01:05,0,2024-07-16 21:01:05,,,
2018-11-29,灵武市,水洗36块,6.00,24.50,0.25,,6800.00,530.00,0.00,出厂价,2806,2018-11-29 00:00:00,1,0,2024-07-16 21:01:05,0,2024-07-16 21:01:05,,,
2018-11-28,灵武市,烟煤末,6.00,27.50,0.25,,5500.00,450.00,0.00,出厂价,2807,2018-11-28 00:00:00,1,0,2024-07-16 21:01:05,0,2024-07-16 21:01:05,,,
2018-11-28,灵武市,水洗36块,6.00,24.50,0.25,,6800.00,530.00,0.00,出厂价,2808,2018-11-28 00:00:00,1,0,2024-07-16 21:01:05,0,2024-07-16 21:01:05,,,
2018-11-27,灵武市,烟煤末,6.00,27.50,0.25,,5500.00,450.00,0.00,出厂价,2809,2018-11-27 00:00:00,1,0,2024-07-16 21:01:05,0,2024-07-16 21:01:05,,,
2018-11-27,灵武市,水洗36块,6.00,24.50,0.25,,6800.00,530.00,0.00,出厂价,2810,2018-11-27 00:00:00,1,0,2024-07-16 21:01:05,0,2024-07-16 21:01:05,,,
2018-11-26,灵武市,烟煤末,6.00,27.50,0.25,,5500.00,450.00,0.00,出厂价,2811,2018-11-26 00:00:00,1,0,2024-07-16 21:01:05,0,2024-07-16 21:01:05,,,
2018-11-26,灵武市,水洗36块,6.00,24.50,0.25,,6800.00,530.00,0.00,出厂价,2812,2018-11-26 00:00:00,1,0,2024-07-16 21:01:05,0,2024-07-16 21:01:05,,,
2018-11-23,灵武市,烟煤末,6.00,27.50,0.25,,5500.00,450.00,-15.00,出厂价,2813,2018-11-23 00:00:00,1,0,2024-07-16 21:01:05,0,2024-07-16 21:01:05,,,
2018-11-23,灵武市,水洗36块,6.00,24.50,0.25,,6800.00,530.00,0.00,出厂价,2814,2018-11-23 00:00:00,1,0,2024-07-16 21:01:05,0,2024-07-16 21:01:05,,,
2018-11-22,灵武市,烟煤末,6.00,27.50,0.25,,5500.00,465.00,0.00,出厂价,2815,2018-11-22 00:00:00,1,0,2024-07-16 21:01:05,0,2024-07-16 21:01:05,,,
2018-11-22,灵武市,水洗36块,6.00,24.50,0.25,,6800.00,530.00,0.00,出厂价,2816,2018-11-22 00:00:00,1,0,2024-07-16 21:01:05,0,2024-07-16 21:01:05,,,
2018-11-21,灵武市,烟煤末,6.00,27.50,0.25,,5500.00,465.00,0.00,出厂价,2817,2018-11-21 00:00:00,1,0,2024-07-16 21:01:05,0,2024-07-16 21:01:05,,,
2018-11-21,灵武市,水洗36块,6.00,24.50,0.25,,6800.00,530.00,0.00,出厂价,2818,2018-11-21 00:00:00,1,0,2024-07-16 21:01:05,0,2024-07-16 21:01:05,,,
2018-11-20,灵武市,烟煤末,6.00,27.50,0.25,,5500.00,465.00,0.00,出厂价,2819,2018-11-20 00:00:00,1,0,2024-07-16 21:01:05,0,2024-07-16 21:01:05,,,
2018-11-20,灵武市,水洗36块,6.00,24.50,0.25,,6800.00,530.00,0.00,出厂价,2820,2018-11-20 00:00:00,1,0,2024-07-16 21:01:05,0,2024-07-16 21:01:05,,,
2018-11-19,灵武市,烟煤末,6.00,27.50,0.25,,5500.00,465.00,-10.00,出厂价,2821,2018-11-19 00:00:00,1,0,2024-07-16 21:01:08,0,2024-07-16 21:01:08,,,
2018-11-19,灵武市,水洗36块,6.00,24.50,0.25,,6800.00,530.00,0.00,出厂价,2822,2018-11-19 00:00:00,1,0,2024-07-16 21:01:08,0,2024-07-16 21:01:08,,,
2018-11-16,灵武市,烟煤末,6.00,27.50,0.25,,5500.00,475.00,0.00,出厂价,2823,2018-11-16 00:00:00,1,0,2024-07-16 21:01:08,0,2024-07-16 21:01:08,,,
2018-11-16,灵武市,水洗36块,6.00,24.50,0.25,,6800.00,530.00,0.00,出厂价,2824,2018-11-16 00:00:00,1,0,2024-07-16 21:01:08,0,2024-07-16 21:01:08,,,
2018-11-15,灵武市,烟煤末,6.00,27.50,0.25,,5500.00,475.00,0.00,出厂价,2825,2018-11-15 00:00:00,1,0,2024-07-16 21:01:08,0,2024-07-16 21:01:08,,,
2018-11-15,灵武市,水洗36块,6.00,24.50,0.25,,6800.00,530.00,0.00,出厂价,2826,2018-11-15 00:00:00,1,0,2024-07-16 21:01:08,0,2024-07-16 21:01:08,,,
2018-11-14,灵武市,烟煤末,6.00,27.50,0.25,,5500.00,475.00,0.00,出厂价,2827,2018-11-14 00:00:00,1,0,2024-07-16 21:01:08,0,2024-07-16 21:01:08,,,
2018-11-14,灵武市,水洗36块,6.00,24.50,0.25,,6800.00,530.00,0.00,出厂价,2828,2018-11-14 00:00:00,1,0,2024-07-16 21:01:08,0,2024-07-16 21:01:08,,,
2018-11-13,灵武市,烟煤末,6.00,27.50,0.25,,5500.00,475.00,-5.00,出厂价,2829,2018-11-13 00:00:00,1,0,2024-07-16 21:01:08,0,2024-07-16 21:01:08,,,
2018-11-13,灵武市,水洗36块,6.00,24.50,0.25,,6800.00,530.00,0.00,出厂价,2830,2018-11-13 00:00:00,1,0,2024-07-16 21:01:08,0,2024-07-16 21:01:08,,,
2018-11-12,灵武市,烟煤末,6.00,27.50,0.25,,5500.00,480.00,0.00,出厂价,2831,2018-11-12 00:00:00,1,0,2024-07-16 21:01:08,0,2024-07-16 21:01:08,,,
2018-11-12,灵武市,水洗36块,6.00,24.50,0.25,,6800.00,530.00,0.00,出厂价,2832,2018-11-12 00:00:00,1,0,2024-07-16 21:01:08,0,2024-07-16 21:01:08,,,
2018-11-09,灵武市,烟煤末,6.00,27.50,0.25,,5500.00,480.00,0.00,出厂价,2833,2018-11-09 00:00:00,1,0,2024-07-16 21:01:08,0,2024-07-16 21:01:08,,,
2018-11-09,灵武市,水洗36块,6.00,24.50,0.25,,6800.00,530.00,0.00,出厂价,2834,2018-11-09 00:00:00,1,0,2024-07-16 21:01:08,0,2024-07-16 21:01:08,,,
2018-11-08,灵武市,烟煤末,6.00,27.50,0.25,,5500.00,480.00,0.00,出厂价,2835,2018-11-08 00:00:00,1,0,2024-07-16 21:01:08,0,2024-07-16 21:01:08,,,
2018-11-08,灵武市,水洗36块,6.00,24.50,0.25,,6800.00,530.00,0.00,出厂价,2836,2018-11-08 00:00:00,1,0,2024-07-16 21:01:08,0,2024-07-16 21:01:08,,,
2018-11-07,灵武市,烟煤末,6.00,27.50,0.25,,5500.00,480.00,0.00,出厂价,2837,2018-11-07 00:00:00,1,0,2024-07-16 21:01:08,0,2024-07-16 21:01:08,,,
2018-11-07,灵武市,水洗36块,6.00,24.50,0.25,,6800.00,530.00,0.00,出厂价,2838,2018-11-07 00:00:00,1,0,2024-07-16 21:01:08,0,2024-07-16 21:01:08,,,
2018-11-06,灵武市,烟煤末,6.00,27.50,0.25,,5500.00,480.00,0.00,出厂价,2839,2018-11-06 00:00:00,1,0,2024-07-16 21:01:08,0,2024-07-16 21:01:08,,,
2018-11-06,灵武市,水洗36块,6.00,24.50,0.25,,6800.00,530.00,0.00,出厂价,2840,2018-11-06 00:00:00,1,0,2024-07-16 21:01:08,0,2024-07-16 21:01:08,,,
2018-11-05,灵武市,烟煤末,6.00,27.50,0.25,,5500.00,480.00,10.00,出厂价,2841,2018-11-05 00:00:00,1,0,2024-07-16 21:01:08,0,2024-07-16 21:01:08,,,
2018-11-05,灵武市,水洗36块,6.00,24.50,0.25,,6800.00,530.00,10.00,出厂价,2842,2018-11-05 00:00:00,1,0,2024-07-16 21:01:08,0,2024-07-16 21:01:08,,,
2018-11-02,灵武市,烟煤末,6.00,27.50,0.25,,5500.00,470.00,0.00,出厂价,2843,2018-11-02 00:00:00,1,0,2024-07-16 21:01:08,0,2024-07-16 21:01:08,,,
2018-11-02,灵武市,水洗36块,6.00,24.50,0.25,,6800.00,520.00,0.00,出厂价,2844,2018-11-02 00:00:00,1,0,2024-07-16 21:01:08,0,2024-07-16 21:01:08,,,
2018-11-01,灵武市,烟煤末,6.00,27.50,0.25,,5500.00,470.00,0.00,出厂价,2845,2018-11-01 00:00:00,1,0,2024-07-16 21:01:08,0,2024-07-16 21:01:08,,,
2018-11-01,灵武市,水洗36块,6.00,24.50,0.25,,6800.00,520.00,0.00,出厂价,2846,2018-11-01 00:00:00,1,0,2024-07-16 21:01:08,0,2024-07-16 21:01:08,,,
2018-10-31,灵武市,烟煤末,6.00,27.50,0.25,,5500.00,470.00,0.00,出厂价,2847,2018-10-31 00:00:00,1,0,2024-07-16 21:01:08,0,2024-07-16 21:01:08,,,
2018-10-31,灵武市,水洗36块,6.00,24.50,0.25,,6800.00,520.00,0.00,出厂价,2848,2018-10-31 00:00:00,1,0,2024-07-16 21:01:08,0,2024-07-16 21:01:08,,,
2018-10-30,灵武市,烟煤末,6.00,27.50,0.25,,5500.00,470.00,0.00,出厂价,2849,2018-10-30 00:00:00,1,0,2024-07-16 21:01:08,0,2024-07-16 21:01:08,,,
2018-10-30,灵武市,水洗36块,6.00,24.50,0.25,,6800.00,520.00,0.00,出厂价,2850,2018-10-30 00:00:00,1,0,2024-07-16 21:01:08,0,2024-07-16 21:01:08,,,
2018-10-29,灵武市,烟煤末,6.00,27.50,0.25,,5500.00,470.00,0.00,出厂价,2851,2018-10-29 00:00:00,1,0,2024-07-16 21:01:12,0,2024-07-16 21:01:12,,,
2018-10-29,灵武市,水洗36块,6.00,24.50,0.25,,6800.00,520.00,0.00,出厂价,2852,2018-10-29 00:00:00,1,0,2024-07-16 21:01:12,0,2024-07-16 21:01:12,,,
2018-10-26,灵武市,烟煤末,6.00,27.50,0.25,,5500.00,470.00,0.00,出厂价,2853,2018-10-26 00:00:00,1,0,2024-07-16 21:01:12,0,2024-07-16 21:01:12,,,
2018-10-26,灵武市,水洗36块,6.00,24.50,0.25,,6800.00,520.00,0.00,出厂价,2854,2018-10-26 00:00:00,1,0,2024-07-16 21:01:12,0,2024-07-16 21:01:12,,,
2018-10-25,灵武市,烟煤末,6.00,27.50,0.25,,5500.00,470.00,0.00,出厂价,2855,2018-10-25 00:00:00,1,0,2024-07-16 21:01:12,0,2024-07-16 21:01:12,,,
2018-10-25,灵武市,水洗36块,6.00,24.50,0.25,,6800.00,520.00,0.00,出厂价,2856,2018-10-25 00:00:00,1,0,2024-07-16 21:01:12,0,2024-07-16 21:01:12,,,
2018-10-24,灵武市,烟煤末,6.00,27.50,0.25,,5500.00,470.00,0.00,出厂价,2857,2018-10-24 00:00:00,1,0,2024-07-16 21:01:12,0,2024-07-16 21:01:12,,,
2018-10-24,灵武市,水洗36块,6.00,24.50,0.25,,6800.00,520.00,0.00,出厂价,2858,2018-10-24 00:00:00,1,0,2024-07-16 21:01:12,0,2024-07-16 21:01:12,,,
2018-10-23,灵武市,烟煤末,6.00,27.50,0.25,,5500.00,470.00,0.00,出厂价,2859,2018-10-23 00:00:00,1,0,2024-07-16 21:01:12,0,2024-07-16 21:01:12,,,
2018-10-23,灵武市,水洗36块,6.00,24.50,0.25,,6800.00,520.00,0.00,出厂价,2860,2018-10-23 00:00:00,1,0,2024-07-16 21:01:12,0,2024-07-16 21:01:12,,,
2018-10-22,灵武市,烟煤末,6.00,27.50,0.25,,5500.00,470.00,0.00,出厂价,2861,2018-10-22 00:00:00,1,0,2024-07-16 21:01:12,0,2024-07-16 21:01:12,,,
2018-10-22,灵武市,水洗36块,6.00,24.50,0.25,,6800.00,520.00,0.00,出厂价,2862,2018-10-22 00:00:00,1,0,2024-07-16 21:01:12,0,2024-07-16 21:01:12,,,
2018-10-19,灵武市,烟煤末,6.00,27.50,0.25,,5500.00,470.00,0.00,出厂价,2863,2018-10-19 00:00:00,1,0,2024-07-16 21:01:12,0,2024-07-16 21:01:12,,,
2018-10-19,灵武市,水洗36块,6.00,24.50,0.25,,6800.00,520.00,0.00,出厂价,2864,2018-10-19 00:00:00,1,0,2024-07-16 21:01:12,0,2024-07-16 21:01:12,,,
2018-10-18,灵武市,烟煤末,6.00,27.50,0.25,,5500.00,470.00,0.00,出厂价,2865,2018-10-18 00:00:00,1,0,2024-07-16 21:01:12,0,2024-07-16 21:01:12,,,
2018-10-18,灵武市,水洗36块,6.00,24.50,0.25,,6800.00,520.00,0.00,出厂价,2866,2018-10-18 00:00:00,1,0,2024-07-16 21:01:12,0,2024-07-16 21:01:12,,,
2018-10-17,灵武市,烟煤末,6.00,27.50,0.25,,5500.00,470.00,0.00,出厂价,2867,2018-10-17 00:00:00,1,0,2024-07-16 21:01:12,0,2024-07-16 21:01:12,,,
2018-10-17,灵武市,水洗36块,6.00,24.50,0.25,,6800.00,520.00,0.00,出厂价,2868,2018-10-17 00:00:00,1,0,2024-07-16 21:01:12,0,2024-07-16 21:01:12,,,
2018-10-16,灵武市,烟煤末,6.00,27.50,0.25,,5500.00,470.00,0.00,出厂价,2869,2018-10-16 00:00:00,1,0,2024-07-16 21:01:12,0,2024-07-16 21:01:12,,,
2018-10-16,灵武市,水洗36块,6.00,24.50,0.25,,6800.00,520.00,0.00,出厂价,2870,2018-10-16 00:00:00,1,0,2024-07-16 21:01:12,0,2024-07-16 21:01:12,,,
2018-10-15,灵武市,烟煤末,6.00,27.50,0.25,,5500.00,470.00,0.00,出厂价,2871,2018-10-15 00:00:00,1,0,2024-07-16 21:01:12,0,2024-07-16 21:01:12,,,
2018-10-15,灵武市,水洗36块,6.00,24.50,0.25,,6800.00,520.00,0.00,出厂价,2872,2018-10-15 00:00:00,1,0,2024-07-16 21:01:12,0,2024-07-16 21:01:12,,,
2018-10-12,灵武市,烟煤末,6.00,27.50,0.25,,5500.00,470.00,0.00,出厂价,2873,2018-10-12 00:00:00,1,0,2024-07-16 21:01:12,0,2024-07-16 21:01:12,,,
2018-10-12,灵武市,水洗36块,6.00,24.50,0.25,,6800.00,520.00,0.00,出厂价,2874,2018-10-12 00:00:00,1,0,2024-07-16 21:01:12,0,2024-07-16 21:01:12,,,
2018-10-11,灵武市,烟煤末,6.00,27.50,0.25,,5500.00,470.00,0.00,出厂价,2875,2018-10-11 00:00:00,1,0,2024-07-16 21:01:12,0,2024-07-16 21:01:12,,,
2018-10-11,灵武市,水洗36块,6.00,24.50,0.25,,6800.00,520.00,0.00,出厂价,2876,2018-10-11 00:00:00,1,0,2024-07-16 21:01:12,0,2024-07-16 21:01:12,,,
2018-10-10,灵武市,烟煤末,6.00,27.50,0.25,,5500.00,470.00,0.00,出厂价,2877,2018-10-10 00:00:00,1,0,2024-07-16 21:01:12,0,2024-07-16 21:01:12,,,
2018-10-10,灵武市,水洗36块,6.00,24.50,0.25,,6800.00,520.00,0.00,出厂价,2878,2018-10-10 00:00:00,1,0,2024-07-16 21:01:12,0,2024-07-16 21:01:12,,,
2018-10-09,灵武市,烟煤末,6.00,27.50,0.25,,5500.00,470.00,0.00,出厂价,2879,2018-10-09 00:00:00,1,0,2024-07-16 21:01:12,0,2024-07-16 21:01:12,,,
2018-10-09,灵武市,水洗36块,6.00,24.50,0.25,,6800.00,520.00,0.00,出厂价,2880,2018-10-09 00:00:00,1,0,2024-07-16 21:01:12,0,2024-07-16 21:01:12,,,
2018-10-08,灵武市,烟煤末,6.00,27.50,0.25,,5500.00,470.00,0.00,出厂价,2881,2018-10-08 00:00:00,1,0,2024-07-16 21:01:15,0,2024-07-16 21:01:15,,,
2018-10-08,灵武市,水洗36块,6.00,24.50,0.25,,6800.00,520.00,0.00,出厂价,2882,2018-10-08 00:00:00,1,0,2024-07-16 21:01:15,0,2024-07-16 21:01:15,,,
2018-09-30,灵武市,烟煤末,6.00,27.50,0.25,,5500.00,470.00,0.00,出厂价,2883,2018-09-30 00:00:00,1,0,2024-07-16 21:01:15,0,2024-07-16 21:01:15,,,
2018-09-30,灵武市,水洗36块,6.00,24.50,0.25,,6800.00,520.00,0.00,出厂价,2884,2018-09-30 00:00:00,1,0,2024-07-16 21:01:15,0,2024-07-16 21:01:15,,,
2018-09-29,灵武市,烟煤末,6.00,27.50,0.25,,5500.00,470.00,0.00,出厂价,2885,2018-09-29 00:00:00,1,0,2024-07-16 21:01:15,0,2024-07-16 21:01:15,,,
2018-09-29,灵武市,水洗36块,6.00,24.50,0.25,,6800.00,520.00,0.00,出厂价,2886,2018-09-29 00:00:00,1,0,2024-07-16 21:01:15,0,2024-07-16 21:01:15,,,
2018-09-28,灵武市,烟煤末,6.00,27.50,0.25,,5500.00,470.00,0.00,出厂价,2887,2018-09-28 00:00:00,1,0,2024-07-16 21:01:15,0,2024-07-16 21:01:15,,,
2018-09-28,灵武市,水洗36块,6.00,24.50,0.25,,6800.00,520.00,0.00,出厂价,2888,2018-09-28 00:00:00,1,0,2024-07-16 21:01:15,0,2024-07-16 21:01:15,,,
2018-09-27,灵武市,烟煤末,6.00,27.50,0.25,,5500.00,470.00,0.00,出厂价,2889,2018-09-27 00:00:00,1,0,2024-07-16 21:01:15,0,2024-07-16 21:01:15,,,
2018-09-27,灵武市,水洗36块,6.00,24.50,0.25,,6800.00,520.00,0.00,出厂价,2890,2018-09-27 00:00:00,1,0,2024-07-16 21:01:15,0,2024-07-16 21:01:15,,,
2018-09-26,灵武市,烟煤末,6.00,27.50,0.25,,5500.00,470.00,0.00,出厂价,2891,2018-09-26 00:00:00,1,0,2024-07-16 21:01:15,0,2024-07-16 21:01:15,,,
2018-09-26,灵武市,水洗36块,6.00,24.50,0.25,,6800.00,520.00,0.00,出厂价,2892,2018-09-26 00:00:00,1,0,2024-07-16 21:01:15,0,2024-07-16 21:01:15,,,
2018-09-25,灵武市,烟煤末,6.00,27.50,0.25,,5500.00,470.00,0.00,出厂价,2893,2018-09-25 00:00:00,1,0,2024-07-16 21:01:15,0,2024-07-16 21:01:15,,,
2018-09-25,灵武市,水洗36块,6.00,24.50,0.25,,6800.00,520.00,0.00,出厂价,2894,2018-09-25 00:00:00,1,0,2024-07-16 21:01:15,0,2024-07-16 21:01:15,,,
2018-09-21,灵武市,烟煤末,6.00,27.50,0.25,,5500.00,470.00,0.00,出厂价,2895,2018-09-21 00:00:00,1,0,2024-07-16 21:01:15,0,2024-07-16 21:01:15,,,
2018-09-21,灵武市,水洗36块,6.00,24.50,0.25,,6800.00,520.00,0.00,出厂价,2896,2018-09-21 00:00:00,1,0,2024-07-16 21:01:15,0,2024-07-16 21:01:15,,,
2018-09-20,灵武市,烟煤末,6.00,27.50,0.25,,5500.00,470.00,0.00,出厂价,2897,2018-09-20 00:00:00,1,0,2024-07-16 21:01:15,0,2024-07-16 21:01:15,,,
2018-09-20,灵武市,水洗36块,6.00,24.50,0.25,,6800.00,520.00,0.00,出厂价,2898,2018-09-20 00:00:00,1,0,2024-07-16 21:01:15,0,2024-07-16 21:01:15,,,
2018-09-19,灵武市,烟煤末,6.00,27.50,0.25,,5500.00,470.00,0.00,出厂价,2899,2018-09-19 00:00:00,1,0,2024-07-16 21:01:15,0,2024-07-16 21:01:15,,,
2018-09-19,灵武市,水洗36块,6.00,24.50,0.25,,6800.00,520.00,0.00,出厂价,2900,2018-09-19 00:00:00,1,0,2024-07-16 21:01:15,0,2024-07-16 21:01:15,,,
2018-09-18,灵武市,烟煤末,6.00,27.50,0.25,,5500.00,470.00,0.00,出厂价,2901,2018-09-18 00:00:00,1,0,2024-07-16 21:01:15,0,2024-07-16 21:01:15,,,
2018-09-18,灵武市,水洗36块,6.00,24.50,0.25,,6800.00,520.00,0.00,出厂价,2902,2018-09-18 00:00:00,1,0,2024-07-16 21:01:15,0,2024-07-16 21:01:15,,,
2018-09-17,灵武市,烟煤末,6.00,27.50,0.25,,5500.00,470.00,0.00,出厂价,2903,2018-09-17 00:00:00,1,0,2024-07-16 21:01:15,0,2024-07-16 21:01:15,,,
2018-09-17,灵武市,水洗36块,6.00,24.50,0.25,,6800.00,520.00,0.00,出厂价,2904,2018-09-17 00:00:00,1,0,2024-07-16 21:01:15,0,2024-07-16 21:01:15,,,
2018-09-14,灵武市,烟煤末,6.00,27.50,0.25,,5500.00,470.00,0.00,出厂价,2905,2018-09-14 00:00:00,1,0,2024-07-16 21:01:15,0,2024-07-16 21:01:15,,,
2018-09-14,灵武市,水洗36块,6.00,24.50,0.25,,6800.00,520.00,10.00,出厂价,2906,2018-09-14 00:00:00,1,0,2024-07-16 21:01:15,0,2024-07-16 21:01:15,,,
2018-09-13,灵武市,烟煤末,6.00,27.50,0.25,,5500.00,470.00,0.00,出厂价,2907,2018-09-13 00:00:00,1,0,2024-07-16 21:01:15,0,2024-07-16 21:01:15,,,
2018-09-13,灵武市,水洗36块,6.00,24.50,0.25,,6800.00,510.00,0.00,出厂价,2908,2018-09-13 00:00:00,1,0,2024-07-16 21:01:15,0,2024-07-16 21:01:15,,,
2018-09-12,灵武市,烟煤末,6.00,27.50,0.25,,5500.00,470.00,0.00,出厂价,2909,2018-09-12 00:00:00,1,0,2024-07-16 21:01:15,0,2024-07-16 21:01:15,,,
2018-09-12,灵武市,水洗36块,6.00,24.50,0.25,,6800.00,510.00,0.00,出厂价,2910,2018-09-12 00:00:00,1,0,2024-07-16 21:01:15,0,2024-07-16 21:01:15,,,
2018-09-11,灵武市,烟煤末,6.00,27.50,0.25,,5500.00,470.00,0.00,出厂价,2911,2018-09-11 00:00:00,1,0,2024-07-16 21:01:18,0,2024-07-16 21:01:18,,,
2018-09-11,灵武市,水洗36块,6.00,24.50,0.25,,6800.00,510.00,0.00,出厂价,2912,2018-09-11 00:00:00,1,0,2024-07-16 21:01:18,0,2024-07-16 21:01:18,,,
2018-09-10,灵武市,烟煤末,6.00,27.50,0.25,,5500.00,470.00,0.00,出厂价,2913,2018-09-10 00:00:00,1,0,2024-07-16 21:01:18,0,2024-07-16 21:01:18,,,
2018-09-10,灵武市,水洗36块,6.00,24.50,0.25,,6800.00,510.00,0.00,出厂价,2914,2018-09-10 00:00:00,1,0,2024-07-16 21:01:18,0,2024-07-16 21:01:18,,,
2018-09-07,灵武市,烟煤末,6.00,27.50,0.25,,5500.00,470.00,0.00,出厂价,2915,2018-09-07 00:00:00,1,0,2024-07-16 21:01:18,0,2024-07-16 21:01:18,,,
2018-09-07,灵武市,水洗36块,6.00,24.50,0.25,,6800.00,510.00,0.00,出厂价,2916,2018-09-07 00:00:00,1,0,2024-07-16 21:01:18,0,2024-07-16 21:01:18,,,
2018-09-06,灵武市,烟煤末,6.00,27.50,0.25,,5500.00,470.00,0.00,出厂价,2917,2018-09-06 00:00:00,1,0,2024-07-16 21:01:18,0,2024-07-16 21:01:18,,,
2018-09-06,灵武市,水洗36块,6.00,24.50,0.25,,6800.00,510.00,0.00,出厂价,2918,2018-09-06 00:00:00,1,0,2024-07-16 21:01:18,0,2024-07-16 21:01:18,,,
2018-09-05,灵武市,烟煤末,6.00,27.50,0.25,,5500.00,470.00,0.00,出厂价,2919,2018-09-05 00:00:00,1,0,2024-07-16 21:01:18,0,2024-07-16 21:01:18,,,
2018-09-05,灵武市,水洗36块,6.00,24.50,0.25,,6800.00,510.00,0.00,出厂价,2920,2018-09-05 00:00:00,1,0,2024-07-16 21:01:18,0,2024-07-16 21:01:18,,,
2018-09-04,灵武市,烟煤末,6.00,27.50,0.25,,5500.00,470.00,0.00,出厂价,2921,2018-09-04 00:00:00,1,0,2024-07-16 21:01:18,0,2024-07-16 21:01:18,,,
2018-09-04,灵武市,水洗36块,6.00,24.50,0.25,,6800.00,510.00,0.00,出厂价,2922,2018-09-04 00:00:00,1,0,2024-07-16 21:01:18,0,2024-07-16 21:01:18,,,
2018-09-03,灵武市,烟煤末,6.00,27.50,0.25,,5500.00,470.00,0.00,出厂价,2923,2018-09-03 00:00:00,1,0,2024-07-16 21:01:18,0,2024-07-16 21:01:18,,,
2018-09-03,灵武市,水洗36块,6.00,24.50,0.25,,6800.00,510.00,0.00,出厂价,2924,2018-09-03 00:00:00,1,0,2024-07-16 21:01:18,0,2024-07-16 21:01:18,,,
2018-08-31,灵武市,烟煤末,6.00,27.50,0.25,,5500.00,470.00,0.00,出厂价,2925,2018-08-31 00:00:00,1,0,2024-07-16 21:01:18,0,2024-07-16 21:01:18,,,
2018-08-31,灵武市,水洗36块,6.00,24.50,0.25,,6800.00,510.00,0.00,出厂价,2926,2018-08-31 00:00:00,1,0,2024-07-16 21:01:18,0,2024-07-16 21:01:18,,,
2018-08-30,灵武市,烟煤末,6.00,27.50,0.25,,5500.00,470.00,0.00,出厂价,2927,2018-08-30 00:00:00,1,0,2024-07-16 21:01:18,0,2024-07-16 21:01:18,,,
2018-08-30,灵武市,水洗36块,6.00,24.50,0.25,,6800.00,510.00,0.00,出厂价,2928,2018-08-30 00:00:00,1,0,2024-07-16 21:01:18,0,2024-07-16 21:01:18,,,
2018-08-29,灵武市,烟煤末,6.00,27.50,0.25,,5500.00,470.00,0.00,出厂价,2929,2018-08-29 00:00:00,1,0,2024-07-16 21:01:18,0,2024-07-16 21:01:18,,,
2018-08-29,灵武市,水洗36块,6.00,24.50,0.25,,6800.00,510.00,0.00,出厂价,2930,2018-08-29 00:00:00,1,0,2024-07-16 21:01:18,0,2024-07-16 21:01:18,,,
2018-08-28,灵武市,烟煤末,6.00,27.50,0.25,,5500.00,470.00,0.00,出厂价,2931,2018-08-28 00:00:00,1,0,2024-07-16 21:01:18,0,2024-07-16 21:01:18,,,
2018-08-28,灵武市,水洗36块,6.00,24.50,0.25,,6800.00,510.00,0.00,出厂价,2932,2018-08-28 00:00:00,1,0,2024-07-16 21:01:18,0,2024-07-16 21:01:18,,,
2018-08-27,灵武市,烟煤末,6.00,27.50,0.25,,5500.00,470.00,0.00,出厂价,2933,2018-08-27 00:00:00,1,0,2024-07-16 21:01:18,0,2024-07-16 21:01:18,,,
2018-08-27,灵武市,水洗36块,6.00,24.50,0.25,,6800.00,510.00,0.00,出厂价,2934,2018-08-27 00:00:00,1,0,2024-07-16 21:01:18,0,2024-07-16 21:01:18,,,
2018-08-24,灵武市,烟煤末,6.00,27.50,0.25,,5500.00,470.00,0.00,出厂价,2935,2018-08-24 00:00:00,1,0,2024-07-16 21:01:18,0,2024-07-16 21:01:18,,,
2018-08-24,灵武市,水洗36块,6.00,24.50,0.25,,6800.00,510.00,0.00,出厂价,2936,2018-08-24 00:00:00,1,0,2024-07-16 21:01:18,0,2024-07-16 21:01:18,,,
2018-08-23,灵武市,烟煤末,6.00,27.50,0.25,,5500.00,470.00,0.00,出厂价,2937,2018-08-23 00:00:00,1,0,2024-07-16 21:01:18,0,2024-07-16 21:01:18,,,
2018-08-23,灵武市,水洗36块,6.00,24.50,0.25,,6800.00,510.00,0.00,出厂价,2938,2018-08-23 00:00:00,1,0,2024-07-16 21:01:18,0,2024-07-16 21:01:18,,,
2018-08-22,灵武市,烟煤末,6.00,27.50,0.25,,5500.00,470.00,0.00,出厂价,2939,2018-08-22 00:00:00,1,0,2024-07-16 21:01:18,0,2024-07-16 21:01:18,,,
2018-08-22,灵武市,水洗36块,6.00,24.50,0.25,,6800.00,510.00,0.00,出厂价,2940,2018-08-22 00:00:00,1,0,2024-07-16 21:01:18,0,2024-07-16 21:01:18,,,
2018-08-21,灵武市,烟煤末,6.00,27.50,0.25,,5500.00,470.00,0.00,出厂价,2941,2018-08-21 00:00:00,1,0,2024-07-16 21:01:21,0,2024-07-16 21:01:21,,,
2018-08-21,灵武市,水洗36块,6.00,24.50,0.25,,6800.00,510.00,0.00,出厂价,2942,2018-08-21 00:00:00,1,0,2024-07-16 21:01:21,0,2024-07-16 21:01:21,,,
2018-08-20,灵武市,烟煤末,6.00,27.50,0.25,,5500.00,470.00,0.00,出厂价,2943,2018-08-20 00:00:00,1,0,2024-07-16 21:01:21,0,2024-07-16 21:01:21,,,
2018-08-20,灵武市,水洗36块,6.00,24.50,0.25,,6800.00,510.00,0.00,出厂价,2944,2018-08-20 00:00:00,1,0,2024-07-16 21:01:21,0,2024-07-16 21:01:21,,,
2018-08-17,灵武市,烟煤末,6.00,27.50,0.25,,5500.00,470.00,0.00,出厂价,2945,2018-08-17 00:00:00,1,0,2024-07-16 21:01:21,0,2024-07-16 21:01:21,,,
2018-08-17,灵武市,水洗36块,6.00,24.50,0.25,,6800.00,510.00,0.00,出厂价,2946,2018-08-17 00:00:00,1,0,2024-07-16 21:01:21,0,2024-07-16 21:01:21,,,
2018-08-16,灵武市,烟煤末,6.00,27.50,0.25,,5500.00,470.00,0.00,出厂价,2947,2018-08-16 00:00:00,1,0,2024-07-16 21:01:21,0,2024-07-16 21:01:21,,,
2018-08-16,灵武市,水洗36块,6.00,24.50,0.25,,6800.00,510.00,0.00,出厂价,2948,2018-08-16 00:00:00,1,0,2024-07-16 21:01:21,0,2024-07-16 21:01:21,,,
2018-08-15,灵武市,烟煤末,6.00,27.50,0.25,,5500.00,470.00,0.00,出厂价,2949,2018-08-15 00:00:00,1,0,2024-07-16 21:01:21,0,2024-07-16 21:01:21,,,
2018-08-15,灵武市,水洗36块,6.00,24.50,0.25,,6800.00,510.00,0.00,出厂价,2950,2018-08-15 00:00:00,1,0,2024-07-16 21:01:21,0,2024-07-16 21:01:21,,,
2018-08-14,灵武市,烟煤末,6.00,27.50,0.25,,5500.00,470.00,0.00,出厂价,2951,2018-08-14 00:00:00,1,0,2024-07-16 21:01:21,0,2024-07-16 21:01:21,,,
2018-08-14,灵武市,水洗36块,6.00,24.50,0.25,,6800.00,510.00,0.00,出厂价,2952,2018-08-14 00:00:00,1,0,2024-07-16 21:01:21,0,2024-07-16 21:01:21,,,
2018-08-13,灵武市,烟煤末,6.00,27.50,0.25,,5500.00,470.00,0.00,出厂价,2953,2018-08-13 00:00:00,1,0,2024-07-16 21:01:21,0,2024-07-16 21:01:21,,,
2018-08-13,灵武市,水洗36块,6.00,24.50,0.25,,6800.00,510.00,0.00,出厂价,2954,2018-08-13 00:00:00,1,0,2024-07-16 21:01:21,0,2024-07-16 21:01:21,,,
2018-08-10,灵武市,烟煤末,6.00,27.50,0.25,,5500.00,470.00,0.00,出厂价,2955,2018-08-10 00:00:00,1,0,2024-07-16 21:01:21,0,2024-07-16 21:01:21,,,
2018-08-10,灵武市,水洗36块,6.00,24.50,0.25,,6800.00,510.00,0.00,出厂价,2956,2018-08-10 00:00:00,1,0,2024-07-16 21:01:21,0,2024-07-16 21:01:21,,,
2018-08-09,灵武市,烟煤末,6.00,27.50,0.25,,5500.00,470.00,0.00,出厂价,2957,2018-08-09 00:00:00,1,0,2024-07-16 21:01:21,0,2024-07-16 21:01:21,,,
2018-08-09,灵武市,水洗36块,6.00,24.50,0.25,,6800.00,510.00,0.00,出厂价,2958,2018-08-09 00:00:00,1,0,2024-07-16 21:01:21,0,2024-07-16 21:01:21,,,
2018-08-08,灵武市,烟煤末,6.00,27.50,0.25,,5500.00,470.00,0.00,出厂价,2959,2018-08-08 00:00:00,1,0,2024-07-16 21:01:21,0,2024-07-16 21:01:21,,,
2018-08-08,灵武市,水洗36块,6.00,24.50,0.25,,6800.00,510.00,0.00,出厂价,2960,2018-08-08 00:00:00,1,0,2024-07-16 21:01:21,0,2024-07-16 21:01:21,,,
2018-08-07,灵武市,烟煤末,6.00,27.50,0.25,,5500.00,470.00,0.00,出厂价,2961,2018-08-07 00:00:00,1,0,2024-07-16 21:01:21,0,2024-07-16 21:01:21,,,
2018-08-07,灵武市,水洗36块,6.00,24.50,0.25,,6800.00,510.00,0.00,出厂价,2962,2018-08-07 00:00:00,1,0,2024-07-16 21:01:21,0,2024-07-16 21:01:21,,,
2018-08-06,灵武市,烟煤末,6.00,27.50,0.25,,5500.00,470.00,0.00,出厂价,2963,2018-08-06 00:00:00,1,0,2024-07-16 21:01:21,0,2024-07-16 21:01:21,,,
2018-08-06,灵武市,水洗36块,6.00,24.50,0.25,,6800.00,510.00,0.00,出厂价,2964,2018-08-06 00:00:00,1,0,2024-07-16 21:01:21,0,2024-07-16 21:01:21,,,
2018-08-03,灵武市,烟煤末,6.00,27.50,0.25,,5500.00,470.00,0.00,出厂价,2965,2018-08-03 00:00:00,1,0,2024-07-16 21:01:21,0,2024-07-16 21:01:21,,,
2018-08-03,灵武市,水洗36块,6.00,24.50,0.25,,6800.00,510.00,0.00,出厂价,2966,2018-08-03 00:00:00,1,0,2024-07-16 21:01:21,0,2024-07-16 21:01:21,,,
2018-08-02,灵武市,烟煤末,6.00,27.50,0.25,,5500.00,470.00,-10.00,出厂价,2967,2018-08-02 00:00:00,1,0,2024-07-16 21:01:21,0,2024-07-16 21:01:21,,,
2018-08-02,灵武市,水洗36块,6.00,24.50,0.25,,6800.00,510.00,0.00,出厂价,2968,2018-08-02 00:00:00,1,0,2024-07-16 21:01:21,0,2024-07-16 21:01:21,,,
2018-08-01,灵武市,烟煤末,6.00,27.50,0.25,,5500.00,480.00,0.00,出厂价,2969,2018-08-01 00:00:00,1,0,2024-07-16 21:01:21,0,2024-07-16 21:01:21,,,
2018-08-01,灵武市,水洗36块,6.00,24.50,0.25,,6800.00,510.00,0.00,出厂价,2970,2018-08-01 00:00:00,1,0,2024-07-16 21:01:21,0,2024-07-16 21:01:21,,,
2018-07-31,灵武市,烟煤末,6.00,27.50,0.25,,5500.00,480.00,-10.00,出厂价,2971,2018-07-31 00:00:00,1,0,2024-07-16 21:01:25,0,2024-07-16 21:01:25,,,
2018-07-31,灵武市,水洗36块,6.00,24.50,0.25,,6800.00,510.00,0.00,出厂价,2972,2018-07-31 00:00:00,1,0,2024-07-16 21:01:25,0,2024-07-16 21:01:25,,,
2018-07-30,灵武市,烟煤末,6.00,27.50,0.25,,5500.00,490.00,0.00,出厂价,2973,2018-07-30 00:00:00,1,0,2024-07-16 21:01:25,0,2024-07-16 21:01:25,,,
2018-07-30,灵武市,水洗36块,6.00,24.50,0.25,,6800.00,510.00,0.00,出厂价,2974,2018-07-30 00:00:00,1,0,2024-07-16 21:01:25,0,2024-07-16 21:01:25,,,
2018-07-27,灵武市,烟煤末,6.00,27.50,0.25,,5500.00,490.00,0.00,出厂价,2975,2018-07-27 00:00:00,1,0,2024-07-16 21:01:25,0,2024-07-16 21:01:25,,,
2018-07-27,灵武市,水洗36块,6.00,24.50,0.25,,6800.00,510.00,0.00,出厂价,2976,2018-07-27 00:00:00,1,0,2024-07-16 21:01:25,0,2024-07-16 21:01:25,,,
2018-07-26,灵武市,烟煤末,6.00,27.50,0.25,,5500.00,490.00,0.00,出厂价,2977,2018-07-26 00:00:00,1,0,2024-07-16 21:01:25,0,2024-07-16 21:01:25,,,
2018-07-26,灵武市,水洗36块,6.00,24.50,0.25,,6800.00,510.00,0.00,出厂价,2978,2018-07-26 00:00:00,1,0,2024-07-16 21:01:25,0,2024-07-16 21:01:25,,,
2018-07-25,灵武市,烟煤末,6.00,27.50,0.25,,5500.00,490.00,5.00,出厂价,2979,2018-07-25 00:00:00,1,0,2024-07-16 21:01:25,0,2024-07-16 21:01:25,,,
2018-07-25,灵武市,水洗36块,6.00,24.50,0.25,,6800.00,510.00,0.00,出厂价,2980,2018-07-25 00:00:00,1,0,2024-07-16 21:01:25,0,2024-07-16 21:01:25,,,
2018-07-24,灵武市,烟煤末,6.00,27.50,0.25,,5500.00,485.00,-5.00,出厂价,2981,2018-07-24 00:00:00,1,0,2024-07-16 21:01:25,0,2024-07-16 21:01:25,,,
2018-07-24,灵武市,水洗36块,6.00,24.50,0.25,,6800.00,510.00,0.00,出厂价,2982,2018-07-24 00:00:00,1,0,2024-07-16 21:01:25,0,2024-07-16 21:01:25,,,
2018-07-23,灵武市,烟煤末,6.00,27.50,0.25,,5500.00,490.00,-5.00,出厂价,2983,2018-07-23 00:00:00,1,0,2024-07-16 21:01:25,0,2024-07-16 21:01:25,,,
2018-07-23,灵武市,水洗36块,6.00,24.50,0.25,,6800.00,510.00,0.00,出厂价,2984,2018-07-23 00:00:00,1,0,2024-07-16 21:01:25,0,2024-07-16 21:01:25,,,
2018-07-20,灵武市,烟煤末,6.00,27.50,0.25,,5500.00,495.00,0.00,出厂价,2985,2018-07-20 00:00:00,1,0,2024-07-16 21:01:25,0,2024-07-16 21:01:25,,,
2018-07-20,灵武市,水洗36块,6.00,24.50,0.25,,6800.00,510.00,0.00,出厂价,2986,2018-07-20 00:00:00,1,0,2024-07-16 21:01:25,0,2024-07-16 21:01:25,,,
2018-07-19,灵武市,烟煤末,6.00,27.50,0.25,,5500.00,495.00,0.00,出厂价,2987,2018-07-19 00:00:00,1,0,2024-07-16 21:01:25,0,2024-07-16 21:01:25,,,
2018-07-19,灵武市,水洗36块,6.00,24.50,0.25,,6800.00,510.00,0.00,出厂价,2988,2018-07-19 00:00:00,1,0,2024-07-16 21:01:25,0,2024-07-16 21:01:25,,,
2018-07-18,灵武市,烟煤末,6.00,27.50,0.25,,5500.00,495.00,0.00,出厂价,2989,2018-07-18 00:00:00,1,0,2024-07-16 21:01:25,0,2024-07-16 21:01:25,,,
2018-07-18,灵武市,水洗36块,6.00,24.50,0.25,,6800.00,510.00,0.00,出厂价,2990,2018-07-18 00:00:00,1,0,2024-07-16 21:01:25,0,2024-07-16 21:01:25,,,
2018-07-17,灵武市,烟煤末,6.00,27.50,0.25,,5500.00,495.00,-5.00,出厂价,2991,2018-07-17 00:00:00,1,0,2024-07-16 21:01:25,0,2024-07-16 21:01:25,,,
2018-07-17,灵武市,水洗36块,6.00,24.50,0.25,,6800.00,510.00,0.00,出厂价,2992,2018-07-17 00:00:00,1,0,2024-07-16 21:01:25,0,2024-07-16 21:01:25,,,
2018-07-16,灵武市,烟煤末,6.00,27.50,0.25,,5500.00,500.00,0.00,出厂价,2993,2018-07-16 00:00:00,1,0,2024-07-16 21:01:25,0,2024-07-16 21:01:25,,,
2018-07-16,灵武市,水洗36块,6.00,24.50,0.25,,6800.00,510.00,0.00,出厂价,2994,2018-07-16 00:00:00,1,0,2024-07-16 21:01:25,0,2024-07-16 21:01:25,,,
2018-07-13,灵武市,烟煤末,6.00,27.50,0.25,,5500.00,500.00,0.00,出厂价,2995,2018-07-13 00:00:00,1,0,2024-07-16 21:01:25,0,2024-07-16 21:01:25,,,
2018-07-13,灵武市,水洗36块,6.00,24.50,0.25,,6800.00,510.00,-10.00,出厂价,2996,2018-07-13 00:00:00,1,0,2024-07-16 21:01:25,0,2024-07-16 21:01:25,,,
2018-07-12,灵武市,烟煤末,6.00,27.50,0.25,,5500.00,500.00,-5.00,出厂价,2997,2018-07-12 00:00:00,1,0,2024-07-16 21:01:25,0,2024-07-16 21:01:25,,,
2018-07-12,灵武市,水洗36块,6.00,24.50,0.25,,6800.00,520.00,0.00,出厂价,2998,2018-07-12 00:00:00,1,0,2024-07-16 21:01:25,0,2024-07-16 21:01:25,,,
2018-07-11,灵武市,烟煤末,6.00,27.50,0.25,,5500.00,505.00,0.00,出厂价,2999,2018-07-11 00:00:00,1,0,2024-07-16 21:01:25,0,2024-07-16 21:01:25,,,
2018-07-11,灵武市,水洗36块,6.00,24.50,0.25,,6800.00,520.00,0.00,出厂价,3000,2018-07-11 00:00:00,1,0,2024-07-16 21:01:25,0,2024-07-16 21:01:25,,,
2018-07-10,灵武市,烟煤末,6.00,27.50,0.25,,5500.00,505.00,0.00,出厂价,3001,2018-07-10 00:00:00,1,0,2024-07-16 21:01:29,0,2024-07-16 21:01:29,,,
2018-07-10,灵武市,水洗36块,6.00,24.50,0.25,,6800.00,520.00,0.00,出厂价,3002,2018-07-10 00:00:00,1,0,2024-07-16 21:01:29,0,2024-07-16 21:01:29,,,
2018-07-09,灵武市,烟煤末,6.00,27.50,0.25,,5500.00,505.00,0.00,出厂价,3003,2018-07-09 00:00:00,1,0,2024-07-16 21:01:29,0,2024-07-16 21:01:29,,,
2018-07-09,灵武市,水洗36块,6.00,24.50,0.25,,6800.00,520.00,0.00,出厂价,3004,2018-07-09 00:00:00,1,0,2024-07-16 21:01:29,0,2024-07-16 21:01:29,,,
2018-07-06,灵武市,烟煤末,6.00,27.50,0.25,,5500.00,505.00,0.00,出厂价,3005,2018-07-06 00:00:00,1,0,2024-07-16 21:01:29,0,2024-07-16 21:01:29,,,
2018-07-06,灵武市,水洗36块,6.00,24.50,0.25,,6800.00,520.00,0.00,出厂价,3006,2018-07-06 00:00:00,1,0,2024-07-16 21:01:29,0,2024-07-16 21:01:29,,,
2018-07-05,灵武市,烟煤末,6.00,27.50,0.25,,5500.00,505.00,0.00,出厂价,3007,2018-07-05 00:00:00,1,0,2024-07-16 21:01:29,0,2024-07-16 21:01:29,,,
2018-07-05,灵武市,水洗36块,6.00,24.50,0.25,,6800.00,520.00,0.00,出厂价,3008,2018-07-05 00:00:00,1,0,2024-07-16 21:01:29,0,2024-07-16 21:01:29,,,
2018-07-04,灵武市,烟煤末,6.00,27.50,0.25,,5500.00,505.00,0.00,出厂价,3009,2018-07-04 00:00:00,1,0,2024-07-16 21:01:29,0,2024-07-16 21:01:29,,,
2018-07-04,灵武市,水洗36块,6.00,24.50,0.25,,6800.00,520.00,0.00,出厂价,3010,2018-07-04 00:00:00,1,0,2024-07-16 21:01:29,0,2024-07-16 21:01:29,,,
2018-07-03,灵武市,烟煤末,6.00,27.50,0.25,,5500.00,505.00,0.00,出厂价,3011,2018-07-03 00:00:00,1,0,2024-07-16 21:01:29,0,2024-07-16 21:01:29,,,
2018-07-03,灵武市,水洗36块,6.00,24.50,0.25,,6800.00,520.00,0.00,出厂价,3012,2018-07-03 00:00:00,1,0,2024-07-16 21:01:29,0,2024-07-16 21:01:29,,,
2018-07-02,灵武市,烟煤末,6.00,27.50,0.25,,5500.00,505.00,0.00,出厂价,3013,2018-07-02 00:00:00,1,0,2024-07-16 21:01:29,0,2024-07-16 21:01:29,,,
2018-07-02,灵武市,水洗36块,6.00,24.50,0.25,,6800.00,520.00,0.00,出厂价,3014,2018-07-02 00:00:00,1,0,2024-07-16 21:01:29,0,2024-07-16 21:01:29,,,
2018-06-29,灵武市,烟煤末,6.00,27.50,0.25,,5500.00,505.00,5.00,出厂价,3015,2018-06-29 00:00:00,1,0,2024-07-16 21:01:29,0,2024-07-16 21:01:29,,,
2018-06-29,灵武市,水洗36块,6.00,24.50,0.25,,6800.00,520.00,0.00,出厂价,3016,2018-06-29 00:00:00,1,0,2024-07-16 21:01:29,0,2024-07-16 21:01:29,,,
2018-06-28,灵武市,烟煤末,6.00,27.50,0.25,,5500.00,500.00,0.00,出厂价,3017,2018-06-28 00:00:00,1,0,2024-07-16 21:01:29,0,2024-07-16 21:01:29,,,
2018-06-28,灵武市,水洗36块,6.00,24.50,0.25,,6800.00,520.00,0.00,出厂价,3018,2018-06-28 00:00:00,1,0,2024-07-16 21:01:29,0,2024-07-16 21:01:29,,,
2018-06-27,灵武市,烟煤末,6.00,27.50,0.25,,5500.00,500.00,5.00,出厂价,3019,2018-06-27 00:00:00,1,0,2024-07-16 21:01:29,0,2024-07-16 21:01:29,,,
2018-06-27,灵武市,水洗36块,6.00,24.50,0.25,,6800.00,520.00,0.00,出厂价,3020,2018-06-27 00:00:00,1,0,2024-07-16 21:01:29,0,2024-07-16 21:01:29,,,
2018-06-26,灵武市,烟煤末,6.00,27.50,0.25,,5500.00,495.00,5.00,出厂价,3021,2018-06-26 00:00:00,1,0,2024-07-16 21:01:29,0,2024-07-16 21:01:29,,,
2018-06-26,灵武市,水洗36块,6.00,24.50,0.25,,6800.00,520.00,20.00,出厂价,3022,2018-06-26 00:00:00,1,0,2024-07-16 21:01:29,0,2024-07-16 21:01:29,,,
2018-06-25,灵武市,烟煤末,6.00,27.50,0.25,,5500.00,490.00,10.00,出厂价,3023,2018-06-25 00:00:00,1,0,2024-07-16 21:01:29,0,2024-07-16 21:01:29,,,
2018-06-25,灵武市,水洗36块,6.00,24.50,0.25,,6800.00,500.00,5.00,出厂价,3024,2018-06-25 00:00:00,1,0,2024-07-16 21:01:29,0,2024-07-16 21:01:29,,,
2018-06-22,灵武市,烟煤末,6.00,27.50,0.25,,5500.00,480.00,0.00,出厂价,3025,2018-06-22 00:00:00,1,0,2024-07-16 21:01:29,0,2024-07-16 21:01:29,,,
2018-06-22,灵武市,水洗36块,6.00,24.50,0.25,,6800.00,495.00,0.00,出厂价,3026,2018-06-22 00:00:00,1,0,2024-07-16 21:01:29,0,2024-07-16 21:01:29,,,
2018-06-21,灵武市,烟煤末,6.00,27.50,0.25,,5500.00,480.00,0.00,出厂价,3027,2018-06-21 00:00:00,1,0,2024-07-16 21:01:29,0,2024-07-16 21:01:29,,,
2018-06-21,灵武市,水洗36块,6.00,24.50,0.25,,6800.00,495.00,0.00,出厂价,3028,2018-06-21 00:00:00,1,0,2024-07-16 21:01:29,0,2024-07-16 21:01:29,,,
2018-06-20,灵武市,烟煤末,6.00,27.50,0.25,,5500.00,480.00,0.00,出厂价,3029,2018-06-20 00:00:00,1,0,2024-07-16 21:01:29,0,2024-07-16 21:01:29,,,
2018-06-20,灵武市,水洗36块,6.00,24.50,0.25,,6800.00,495.00,0.00,出厂价,3030,2018-06-20 00:00:00,1,0,2024-07-16 21:01:29,0,2024-07-16 21:01:29,,,
2018-06-19,灵武市,烟煤末,6.00,27.50,0.25,,5500.00,480.00,5.00,出厂价,3031,2018-06-19 00:00:00,1,0,2024-07-16 21:01:31,0,2024-07-16 21:01:31,,,
2018-06-19,灵武市,水洗36块,6.00,24.50,0.25,,6800.00,495.00,0.00,出厂价,3032,2018-06-19 00:00:00,1,0,2024-07-16 21:01:31,0,2024-07-16 21:01:31,,,
2018-06-15,灵武市,烟煤末,6.00,27.50,0.25,,5500.00,475.00,0.00,出厂价,3033,2018-06-15 00:00:00,1,0,2024-07-16 21:01:31,0,2024-07-16 21:01:31,,,
2018-06-15,灵武市,水洗36块,6.00,24.50,0.25,,6800.00,495.00,0.00,出厂价,3034,2018-06-15 00:00:00,1,0,2024-07-16 21:01:31,0,2024-07-16 21:01:31,,,
2018-06-14,灵武市,烟煤末,6.00,27.50,0.25,,5500.00,475.00,0.00,出厂价,3035,2018-06-14 00:00:00,1,0,2024-07-16 21:01:31,0,2024-07-16 21:01:31,,,
2018-06-14,灵武市,水洗36块,6.00,24.50,0.25,,6800.00,495.00,0.00,出厂价,3036,2018-06-14 00:00:00,1,0,2024-07-16 21:01:31,0,2024-07-16 21:01:31,,,
2018-06-13,灵武市,烟煤末,6.00,27.50,0.25,,5500.00,475.00,5.00,出厂价,3037,2018-06-13 00:00:00,1,0,2024-07-16 21:01:31,0,2024-07-16 21:01:31,,,
2018-06-13,灵武市,水洗36块,6.00,24.50,0.25,,6800.00,495.00,5.00,出厂价,3038,2018-06-13 00:00:00,1,0,2024-07-16 21:01:31,0,2024-07-16 21:01:31,,,
2018-06-12,灵武市,烟煤末,6.00,27.50,0.25,,5500.00,470.00,0.00,出厂价,3039,2018-06-12 00:00:00,1,0,2024-07-16 21:01:31,0,2024-07-16 21:01:31,,,
2018-06-12,灵武市,水洗36块,6.00,24.50,0.25,,6800.00,490.00,0.00,出厂价,3040,2018-06-12 00:00:00,1,0,2024-07-16 21:01:31,0,2024-07-16 21:01:31,,,
2018-06-11,灵武市,烟煤末,6.00,27.50,0.25,,5500.00,470.00,0.00,出厂价,3041,2018-06-11 00:00:00,1,0,2024-07-16 21:01:31,0,2024-07-16 21:01:31,,,
2018-06-11,灵武市,水洗36块,6.00,24.50,0.25,,6800.00,490.00,0.00,出厂价,3042,2018-06-11 00:00:00,1,0,2024-07-16 21:01:31,0,2024-07-16 21:01:31,,,
2018-06-08,灵武市,烟煤末,6.00,27.50,0.25,,5500.00,470.00,0.00,出厂价,3043,2018-06-08 00:00:00,1,0,2024-07-16 21:01:31,0,2024-07-16 21:01:31,,,
2018-06-08,灵武市,水洗36块,6.00,24.50,0.25,,6800.00,490.00,0.00,出厂价,3044,2018-06-08 00:00:00,1,0,2024-07-16 21:01:31,0,2024-07-16 21:01:31,,,
2018-06-07,灵武市,烟煤末,6.00,27.50,0.25,,5500.00,470.00,15.00,出厂价,3045,2018-06-07 00:00:00,1,0,2024-07-16 21:01:31,0,2024-07-16 21:01:31,,,
2018-06-07,灵武市,水洗36块,6.00,24.50,0.25,,6800.00,490.00,5.00,出厂价,3046,2018-06-07 00:00:00,1,0,2024-07-16 21:01:31,0,2024-07-16 21:01:31,,,
2018-06-06,灵武市,烟煤末,6.00,27.50,0.25,,5500.00,455.00,0.00,出厂价,3047,2018-06-06 00:00:00,1,0,2024-07-16 21:01:31,0,2024-07-16 21:01:31,,,
2018-06-06,灵武市,水洗36块,6.00,24.50,0.25,,6800.00,485.00,0.00,出厂价,3048,2018-06-06 00:00:00,1,0,2024-07-16 21:01:31,0,2024-07-16 21:01:31,,,
2018-06-05,灵武市,烟煤末,6.00,27.50,0.25,,5500.00,455.00,0.00,出厂价,3049,2018-06-05 00:00:00,1,0,2024-07-16 21:01:31,0,2024-07-16 21:01:31,,,
2018-06-05,灵武市,水洗36块,6.00,24.50,0.25,,6800.00,485.00,0.00,出厂价,3050,2018-06-05 00:00:00,1,0,2024-07-16 21:01:31,0,2024-07-16 21:01:31,,,
2018-06-04,灵武市,烟煤末,6.00,27.50,0.25,,5500.00,455.00,0.00,出厂价,3051,2018-06-04 00:00:00,1,0,2024-07-16 21:01:31,0,2024-07-16 21:01:31,,,
2018-06-04,灵武市,水洗36块,6.00,24.50,0.25,,6800.00,485.00,0.00,出厂价,3052,2018-06-04 00:00:00,1,0,2024-07-16 21:01:31,0,2024-07-16 21:01:31,,,
2018-06-01,灵武市,烟煤末,6.00,27.50,0.25,,5500.00,455.00,0.00,出厂价,3053,2018-06-01 00:00:00,1,0,2024-07-16 21:01:31,0,2024-07-16 21:01:31,,,
2018-06-01,灵武市,水洗36块,6.00,24.50,0.25,,6800.00,485.00,0.00,出厂价,3054,2018-06-01 00:00:00,1,0,2024-07-16 21:01:31,0,2024-07-16 21:01:31,,,
2018-05-31,灵武市,烟煤末,6.00,27.50,0.25,,5500.00,455.00,0.00,出厂价,3055,2018-05-31 00:00:00,1,0,2024-07-16 21:01:31,0,2024-07-16 21:01:31,,,
2018-05-31,灵武市,水洗36块,6.00,24.50,0.25,,6800.00,485.00,0.00,出厂价,3056,2018-05-31 00:00:00,1,0,2024-07-16 21:01:31,0,2024-07-16 21:01:31,,,
2018-05-30,灵武市,烟煤末,6.00,27.50,0.25,,5500.00,455.00,0.00,出厂价,3057,2018-05-30 00:00:00,1,0,2024-07-16 21:01:31,0,2024-07-16 21:01:31,,,
2018-05-30,灵武市,水洗36块,6.00,24.50,0.25,,6800.00,485.00,0.00,出厂价,3058,2018-05-30 00:00:00,1,0,2024-07-16 21:01:31,0,2024-07-16 21:01:31,,,
2018-05-29,灵武市,烟煤末,6.00,27.50,0.25,,5500.00,455.00,0.00,出厂价,3059,2018-05-29 00:00:00,1,0,2024-07-16 21:01:31,0,2024-07-16 21:01:31,,,
2018-05-29,灵武市,水洗36块,6.00,24.50,0.25,,6800.00,485.00,0.00,出厂价,3060,2018-05-29 00:00:00,1,0,2024-07-16 21:01:31,0,2024-07-16 21:01:31,,,
2018-05-28,灵武市,烟煤末,6.00,27.50,0.25,,5500.00,455.00,5.00,出厂价,3061,2018-05-28 00:00:00,1,0,2024-07-16 21:01:35,0,2024-07-16 21:01:35,,,
2018-05-28,灵武市,水洗36块,6.00,24.50,0.25,,6800.00,485.00,5.00,出厂价,3062,2018-05-28 00:00:00,1,0,2024-07-16 21:01:35,0,2024-07-16 21:01:35,,,
2018-05-25,灵武市,烟煤末,6.00,27.50,0.25,,5500.00,450.00,0.00,出厂价,3063,2018-05-25 00:00:00,1,0,2024-07-16 21:01:35,0,2024-07-16 21:01:35,,,
2018-05-25,灵武市,水洗36块,6.00,24.50,0.25,,6800.00,480.00,0.00,出厂价,3064,2018-05-25 00:00:00,1,0,2024-07-16 21:01:35,0,2024-07-16 21:01:35,,,
2018-05-24,灵武市,烟煤末,6.00,27.50,0.25,,5500.00,450.00,5.00,出厂价,3065,2018-05-24 00:00:00,1,0,2024-07-16 21:01:35,0,2024-07-16 21:01:35,,,
2018-05-24,灵武市,水洗36块,6.00,24.50,0.25,,6800.00,480.00,0.00,出厂价,3066,2018-05-24 00:00:00,1,0,2024-07-16 21:01:35,0,2024-07-16 21:01:35,,,
2018-05-23,灵武市,烟煤末,6.00,27.50,0.25,,5500.00,445.00,0.00,出厂价,3067,2018-05-23 00:00:00,1,0,2024-07-16 21:01:35,0,2024-07-16 21:01:35,,,
2018-05-23,灵武市,水洗36块,6.00,24.50,0.25,,6800.00,480.00,0.00,出厂价,3068,2018-05-23 00:00:00,1,0,2024-07-16 21:01:35,0,2024-07-16 21:01:35,,,
2018-05-22,灵武市,烟煤末,6.00,27.50,0.25,,5500.00,445.00,10.00,出厂价,3069,2018-05-22 00:00:00,1,0,2024-07-16 21:01:35,0,2024-07-16 21:01:35,,,
2018-05-22,灵武市,水洗36块,6.00,24.50,0.25,,6800.00,480.00,0.00,出厂价,3070,2018-05-22 00:00:00,1,0,2024-07-16 21:01:35,0,2024-07-16 21:01:35,,,
2018-05-21,灵武市,烟煤末,6.00,27.50,0.25,,5500.00,435.00,0.00,出厂价,3071,2018-05-21 00:00:00,1,0,2024-07-16 21:01:35,0,2024-07-16 21:01:35,,,
2018-05-21,灵武市,水洗36块,6.00,24.50,0.25,,6800.00,480.00,0.00,出厂价,3072,2018-05-21 00:00:00,1,0,2024-07-16 21:01:35,0,2024-07-16 21:01:35,,,
2018-05-18,灵武市,烟煤末,6.00,27.50,0.25,,5500.00,435.00,0.00,出厂价,3073,2018-05-18 00:00:00,1,0,2024-07-16 21:01:35,0,2024-07-16 21:01:35,,,
2018-05-18,灵武市,水洗36块,6.00,24.50,0.25,,6800.00,480.00,0.00,出厂价,3074,2018-05-18 00:00:00,1,0,2024-07-16 21:01:35,0,2024-07-16 21:01:35,,,
2018-05-17,灵武市,烟煤末,6.00,27.50,0.25,,5500.00,435.00,0.00,出厂价,3075,2018-05-17 00:00:00,1,0,2024-07-16 21:01:35,0,2024-07-16 21:01:35,,,
2018-05-17,灵武市,水洗36块,6.00,24.50,0.25,,6800.00,480.00,0.00,出厂价,3076,2018-05-17 00:00:00,1,0,2024-07-16 21:01:35,0,2024-07-16 21:01:35,,,
2018-05-16,灵武市,烟煤末,6.00,27.50,0.25,,5500.00,435.00,0.00,出厂价,3077,2018-05-16 00:00:00,1,0,2024-07-16 21:01:35,0,2024-07-16 21:01:35,,,
2018-05-16,灵武市,水洗36块,6.00,24.50,0.25,,6800.00,480.00,0.00,出厂价,3078,2018-05-16 00:00:00,1,0,2024-07-16 21:01:35,0,2024-07-16 21:01:35,,,
2018-05-15,灵武市,烟煤末,6.00,27.50,0.25,,5500.00,435.00,0.00,出厂价,3079,2018-05-15 00:00:00,1,0,2024-07-16 21:01:35,0,2024-07-16 21:01:35,,,
2018-05-15,灵武市,水洗36块,6.00,24.50,0.25,,6800.00,480.00,0.00,出厂价,3080,2018-05-15 00:00:00,1,0,2024-07-16 21:01:35,0,2024-07-16 21:01:35,,,
2018-05-14,灵武市,烟煤末,6.00,27.50,0.25,,5500.00,435.00,0.00,出厂价,3081,2018-05-14 00:00:00,1,0,2024-07-16 21:01:35,0,2024-07-16 21:01:35,,,
2018-05-14,灵武市,水洗36块,6.00,24.50,0.25,,6800.00,480.00,0.00,出厂价,3082,2018-05-14 00:00:00,1,0,2024-07-16 21:01:35,0,2024-07-16 21:01:35,,,
2018-05-11,灵武市,烟煤末,6.00,27.50,0.25,,5500.00,435.00,0.00,出厂价,3083,2018-05-11 00:00:00,1,0,2024-07-16 21:01:35,0,2024-07-16 21:01:35,,,
2018-05-11,灵武市,水洗36块,6.00,24.50,0.25,,6800.00,480.00,0.00,出厂价,3084,2018-05-11 00:00:00,1,0,2024-07-16 21:01:35,0,2024-07-16 21:01:35,,,
2018-05-10,灵武市,烟煤末,6.00,27.50,0.25,,5500.00,435.00,0.00,出厂价,3085,2018-05-10 00:00:00,1,0,2024-07-16 21:01:35,0,2024-07-16 21:01:35,,,
2018-05-10,灵武市,水洗36块,6.00,24.50,0.25,,6800.00,480.00,0.00,出厂价,3086,2018-05-10 00:00:00,1,0,2024-07-16 21:01:35,0,2024-07-16 21:01:35,,,
2018-05-09,灵武市,烟煤末,6.00,27.50,0.25,,5500.00,435.00,0.00,出厂价,3087,2018-05-09 00:00:00,1,0,2024-07-16 21:01:35,0,2024-07-16 21:01:35,,,
2018-05-09,灵武市,水洗36块,6.00,24.50,0.25,,6800.00,480.00,0.00,出厂价,3088,2018-05-09 00:00:00,1,0,2024-07-16 21:01:35,0,2024-07-16 21:01:35,,,
2018-05-08,灵武市,烟煤末,6.00,27.50,0.25,,5500.00,435.00,5.00,出厂价,3089,2018-05-08 00:00:00,1,0,2024-07-16 21:01:35,0,2024-07-16 21:01:35,,,
2018-05-08,灵武市,水洗36块,6.00,24.50,0.25,,6800.00,480.00,0.00,出厂价,3090,2018-05-08 00:00:00,1,0,2024-07-16 21:01:35,0,2024-07-16 21:01:35,,,
2018-05-07,灵武市,烟煤末,6.00,27.50,0.25,,5500.00,430.00,0.00,出厂价,3091,2018-05-07 00:00:00,1,0,2024-07-16 21:01:38,0,2024-07-16 21:01:38,,,
2018-05-07,灵武市,水洗36块,6.00,24.50,0.25,,6800.00,480.00,0.00,出厂价,3092,2018-05-07 00:00:00,1,0,2024-07-16 21:01:38,0,2024-07-16 21:01:38,,,
2018-05-04,灵武市,烟煤末,6.00,27.50,0.25,,5500.00,430.00,0.00,出厂价,3093,2018-05-04 00:00:00,1,0,2024-07-16 21:01:38,0,2024-07-16 21:01:38,,,
2018-05-04,灵武市,水洗36块,6.00,24.50,0.25,,6800.00,480.00,0.00,出厂价,3094,2018-05-04 00:00:00,1,0,2024-07-16 21:01:38,0,2024-07-16 21:01:38,,,
2018-05-03,灵武市,烟煤末,6.00,27.50,0.25,,5500.00,430.00,0.00,出厂价,3095,2018-05-03 00:00:00,1,0,2024-07-16 21:01:38,0,2024-07-16 21:01:38,,,
2018-05-03,灵武市,水洗36块,6.00,24.50,0.25,,6800.00,480.00,0.00,出厂价,3096,2018-05-03 00:00:00,1,0,2024-07-16 21:01:38,0,2024-07-16 21:01:38,,,
2018-05-02,灵武市,烟煤末,6.00,27.50,0.25,,5500.00,430.00,0.00,出厂价,3097,2018-05-02 00:00:00,1,0,2024-07-16 21:01:38,0,2024-07-16 21:01:38,,,
2018-05-02,灵武市,水洗36块,6.00,24.50,0.25,,6800.00,480.00,0.00,出厂价,3098,2018-05-02 00:00:00,1,0,2024-07-16 21:01:38,0,2024-07-16 21:01:38,,,
2018-04-28,灵武市,烟煤末,6.00,27.50,0.25,,5500.00,430.00,0.00,出厂价,3099,2018-04-28 00:00:00,1,0,2024-07-16 21:01:38,0,2024-07-16 21:01:38,,,
2018-04-28,灵武市,水洗36块,6.00,24.50,0.25,,6800.00,480.00,0.00,出厂价,3100,2018-04-28 00:00:00,1,0,2024-07-16 21:01:38,0,2024-07-16 21:01:38,,,
2018-04-27,灵武市,烟煤末,6.00,27.50,0.25,,5500.00,430.00,0.00,出厂价,3101,2018-04-27 00:00:00,1,0,2024-07-16 21:01:38,0,2024-07-16 21:01:38,,,
2018-04-27,灵武市,水洗36块,6.00,24.50,0.25,,6800.00,480.00,0.00,出厂价,3102,2018-04-27 00:00:00,1,0,2024-07-16 21:01:38,0,2024-07-16 21:01:38,,,
2018-04-26,灵武市,烟煤末,6.00,27.50,0.25,,5500.00,430.00,5.00,出厂价,3103,2018-04-26 00:00:00,1,0,2024-07-16 21:01:38,0,2024-07-16 21:01:38,,,
2018-04-26,灵武市,水洗36块,6.00,24.50,0.25,,6800.00,480.00,0.00,出厂价,3104,2018-04-26 00:00:00,1,0,2024-07-16 21:01:38,0,2024-07-16 21:01:38,,,
2018-04-25,灵武市,烟煤末,6.00,27.50,0.25,,5500.00,425.00,0.00,出厂价,3105,2018-04-25 00:00:00,1,0,2024-07-16 21:01:38,0,2024-07-16 21:01:38,,,
2018-04-25,灵武市,水洗36块,6.00,24.50,0.25,,6800.00,480.00,0.00,出厂价,3106,2018-04-25 00:00:00,1,0,2024-07-16 21:01:38,0,2024-07-16 21:01:38,,,
2018-04-24,灵武市,烟煤末,6.00,27.50,0.25,,5500.00,425.00,0.00,出厂价,3107,2018-04-24 00:00:00,1,0,2024-07-16 21:01:38,0,2024-07-16 21:01:38,,,
2018-04-24,灵武市,水洗36块,6.00,24.50,0.25,,6800.00,480.00,0.00,出厂价,3108,2018-04-24 00:00:00,1,0,2024-07-16 21:01:38,0,2024-07-16 21:01:38,,,
2018-04-23,灵武市,烟煤末,6.00,27.50,0.25,,5500.00,425.00,0.00,出厂价,3109,2018-04-23 00:00:00,1,0,2024-07-16 21:01:38,0,2024-07-16 21:01:38,,,
2018-04-23,灵武市,水洗36块,6.00,24.50,0.25,,6800.00,480.00,0.00,出厂价,3110,2018-04-23 00:00:00,1,0,2024-07-16 21:01:38,0,2024-07-16 21:01:38,,,
2018-04-20,灵武市,烟煤末,6.00,27.50,0.25,,5500.00,425.00,0.00,出厂价,3111,2018-04-20 00:00:00,1,0,2024-07-16 21:01:38,0,2024-07-16 21:01:38,,,
2018-04-20,灵武市,水洗36块,6.00,24.50,0.25,,6800.00,480.00,0.00,出厂价,3112,2018-04-20 00:00:00,1,0,2024-07-16 21:01:38,0,2024-07-16 21:01:38,,,
2018-04-19,灵武市,烟煤末,6.00,27.50,0.25,,5500.00,425.00,0.00,出厂价,3113,2018-04-19 00:00:00,1,0,2024-07-16 21:01:38,0,2024-07-16 21:01:38,,,
2018-04-19,灵武市,水洗36块,6.00,24.50,0.25,,6800.00,480.00,0.00,出厂价,3114,2018-04-19 00:00:00,1,0,2024-07-16 21:01:38,0,2024-07-16 21:01:38,,,
2018-04-18,灵武市,烟煤末,6.00,27.50,0.25,,5500.00,425.00,0.00,出厂价,3115,2018-04-18 00:00:00,1,0,2024-07-16 21:01:38,0,2024-07-16 21:01:38,,,
2018-04-18,灵武市,水洗36块,6.00,24.50,0.25,,6800.00,480.00,0.00,出厂价,3116,2018-04-18 00:00:00,1,0,2024-07-16 21:01:38,0,2024-07-16 21:01:38,,,
2018-04-17,灵武市,烟煤末,6.00,27.50,0.25,,5500.00,425.00,-15.00,出厂价,3117,2018-04-17 00:00:00,1,0,2024-07-16 21:01:38,0,2024-07-16 21:01:38,,,
2018-04-17,灵武市,水洗36块,6.00,24.50,0.25,,6800.00,480.00,0.00,出厂价,3118,2018-04-17 00:00:00,1,0,2024-07-16 21:01:38,0,2024-07-16 21:01:38,,,
2018-04-16,灵武市,烟煤末,6.00,27.50,0.25,,5500.00,440.00,-10.00,出厂价,3119,2018-04-16 00:00:00,1,0,2024-07-16 21:01:38,0,2024-07-16 21:01:38,,,
2018-04-16,灵武市,水洗36块,6.00,24.50,0.25,,6800.00,480.00,-10.00,出厂价,3120,2018-04-16 00:00:00,1,0,2024-07-16 21:01:38,0,2024-07-16 21:01:38,,,
2018-04-13,灵武市,烟煤末,6.00,27.50,0.25,,5500.00,450.00,0.00,出厂价,3121,2018-04-13 00:00:00,1,0,2024-07-16 21:01:41,0,2024-07-16 21:01:41,,,
2018-04-13,灵武市,水洗36块,6.00,24.50,0.25,,6800.00,490.00,0.00,出厂价,3122,2018-04-13 00:00:00,1,0,2024-07-16 21:01:41,0,2024-07-16 21:01:41,,,
2018-04-12,灵武市,烟煤末,6.00,27.50,0.25,,5500.00,450.00,0.00,出厂价,3123,2018-04-12 00:00:00,1,0,2024-07-16 21:01:41,0,2024-07-16 21:01:41,,,
2018-04-12,灵武市,水洗36块,6.00,24.50,0.25,,6800.00,490.00,0.00,出厂价,3124,2018-04-12 00:00:00,1,0,2024-07-16 21:01:41,0,2024-07-16 21:01:41,,,
2018-04-11,灵武市,烟煤末,6.00,27.50,0.25,,5500.00,450.00,0.00,出厂价,3125,2018-04-11 00:00:00,1,0,2024-07-16 21:01:41,0,2024-07-16 21:01:41,,,
2018-04-11,灵武市,水洗36块,6.00,24.50,0.25,,6800.00,490.00,-5.00,出厂价,3126,2018-04-11 00:00:00,1,0,2024-07-16 21:01:41,0,2024-07-16 21:01:41,,,
2018-04-10,灵武市,烟煤末,6.00,27.50,0.25,,5500.00,450.00,0.00,出厂价,3127,2018-04-10 00:00:00,1,0,2024-07-16 21:01:41,0,2024-07-16 21:01:41,,,
2018-04-10,灵武市,水洗36块,6.00,24.50,0.25,,6800.00,495.00,0.00,出厂价,3128,2018-04-10 00:00:00,1,0,2024-07-16 21:01:41,0,2024-07-16 21:01:41,,,
2018-04-09,灵武市,烟煤末,6.00,27.50,0.25,,5500.00,450.00,-30.00,出厂价,3129,2018-04-09 00:00:00,1,0,2024-07-16 21:01:41,0,2024-07-16 21:01:41,,,
2018-04-09,灵武市,水洗36块,6.00,24.50,0.25,,6800.00,495.00,0.00,出厂价,3130,2018-04-09 00:00:00,1,0,2024-07-16 21:01:41,0,2024-07-16 21:01:41,,,
2018-04-08,灵武市,烟煤末,6.00,27.50,0.25,,5500.00,480.00,0.00,出厂价,3131,2018-04-08 00:00:00,1,0,2024-07-16 21:01:41,0,2024-07-16 21:01:41,,,
2018-04-08,灵武市,水洗36块,6.00,24.50,0.25,,6800.00,495.00,0.00,出厂价,3132,2018-04-08 00:00:00,1,0,2024-07-16 21:01:41,0,2024-07-16 21:01:41,,,
2018-04-04,灵武市,烟煤末,6.00,27.50,0.25,,5500.00,480.00,0.00,出厂价,3133,2018-04-04 00:00:00,1,0,2024-07-16 21:01:41,0,2024-07-16 21:01:41,,,
2018-04-04,灵武市,水洗36块,6.00,24.50,0.25,,6800.00,495.00,0.00,出厂价,3134,2018-04-04 00:00:00,1,0,2024-07-16 21:01:41,0,2024-07-16 21:01:41,,,
2018-04-03,灵武市,烟煤末,6.00,27.50,0.25,,5500.00,480.00,0.00,出厂价,3135,2018-04-03 00:00:00,1,0,2024-07-16 21:01:41,0,2024-07-16 21:01:41,,,
2018-04-03,灵武市,水洗36块,6.00,24.50,0.25,,6800.00,495.00,0.00,出厂价,3136,2018-04-03 00:00:00,1,0,2024-07-16 21:01:41,0,2024-07-16 21:01:41,,,
2018-04-02,灵武市,烟煤末,6.00,27.50,0.25,,5500.00,480.00,0.00,出厂价,3137,2018-04-02 00:00:00,1,0,2024-07-16 21:01:41,0,2024-07-16 21:01:41,,,
2018-04-02,灵武市,水洗36块,6.00,24.50,0.25,,6800.00,495.00,0.00,出厂价,3138,2018-04-02 00:00:00,1,0,2024-07-16 21:01:41,0,2024-07-16 21:01:41,,,
2018-03-30,灵武市,烟煤末,6.00,27.50,0.25,,5500.00,480.00,0.00,出厂价,3139,2018-03-30 00:00:00,1,0,2024-07-16 21:01:41,0,2024-07-16 21:01:41,,,
2018-03-30,灵武市,水洗36块,6.00,24.50,0.25,,6800.00,495.00,0.00,出厂价,3140,2018-03-30 00:00:00,1,0,2024-07-16 21:01:41,0,2024-07-16 21:01:41,,,
2018-03-29,灵武市,烟煤末,6.00,27.50,0.25,,5500.00,480.00,-10.00,出厂价,3141,2018-03-29 00:00:00,1,0,2024-07-16 21:01:41,0,2024-07-16 21:01:41,,,
2018-03-29,灵武市,水洗36块,6.00,24.50,0.25,,6800.00,495.00,0.00,出厂价,3142,2018-03-29 00:00:00,1,0,2024-07-16 21:01:41,0,2024-07-16 21:01:41,,,
2018-03-28,灵武市,烟煤末,6.00,27.50,0.25,,5500.00,490.00,0.00,出厂价,3143,2018-03-28 00:00:00,1,0,2024-07-16 21:01:41,0,2024-07-16 21:01:41,,,
2018-03-28,灵武市,水洗36块,6.00,24.50,0.25,,6800.00,495.00,0.00,出厂价,3144,2018-03-28 00:00:00,1,0,2024-07-16 21:01:41,0,2024-07-16 21:01:41,,,
2018-03-27,灵武市,烟煤末,6.00,27.50,0.25,,5500.00,490.00,0.00,出厂价,3145,2018-03-27 00:00:00,1,0,2024-07-16 21:01:41,0,2024-07-16 21:01:41,,,
2018-03-27,灵武市,水洗36块,6.00,24.50,0.25,,6800.00,495.00,0.00,出厂价,3146,2018-03-27 00:00:00,1,0,2024-07-16 21:01:41,0,2024-07-16 21:01:41,,,
2018-03-26,灵武市,烟煤末,6.00,27.50,0.25,,5500.00,490.00,0.00,出厂价,3147,2018-03-26 00:00:00,1,0,2024-07-16 21:01:41,0,2024-07-16 21:01:41,,,
2018-03-26,灵武市,水洗36块,6.00,24.50,0.25,,6800.00,495.00,0.00,出厂价,3148,2018-03-26 00:00:00,1,0,2024-07-16 21:01:41,0,2024-07-16 21:01:41,,,
2018-03-23,灵武市,烟煤末,6.00,27.50,0.25,,5500.00,490.00,0.00,出厂价,3149,2018-03-23 00:00:00,1,0,2024-07-16 21:01:41,0,2024-07-16 21:01:41,,,
2018-03-23,灵武市,水洗36块,6.00,24.50,0.25,,6800.00,495.00,0.00,出厂价,3150,2018-03-23 00:00:00,1,0,2024-07-16 21:01:41,0,2024-07-16 21:01:41,,,
2018-03-22,灵武市,烟煤末,6.00,27.50,0.25,,5500.00,490.00,0.00,出厂价,3151,2018-03-22 00:00:00,1,0,2024-07-16 21:01:45,0,2024-07-16 21:01:45,,,
2018-03-22,灵武市,水洗36块,6.00,24.50,0.25,,6800.00,495.00,0.00,出厂价,3152,2018-03-22 00:00:00,1,0,2024-07-16 21:01:45,0,2024-07-16 21:01:45,,,
2018-03-21,灵武市,烟煤末,6.00,27.50,0.25,,5500.00,490.00,-10.00,出厂价,3153,2018-03-21 00:00:00,1,0,2024-07-16 21:01:45,0,2024-07-16 21:01:45,,,
2018-03-21,灵武市,水洗36块,6.00,24.50,0.25,,6800.00,495.00,-5.00,出厂价,3154,2018-03-21 00:00:00,1,0,2024-07-16 21:01:45,0,2024-07-16 21:01:45,,,
2018-03-20,灵武市,烟煤末,6.00,27.50,0.25,,5500.00,500.00,0.00,出厂价,3155,2018-03-20 00:00:00,1,0,2024-07-16 21:01:45,0,2024-07-16 21:01:45,,,
2018-03-20,灵武市,水洗36块,6.00,24.50,0.25,,6800.00,500.00,0.00,出厂价,3156,2018-03-20 00:00:00,1,0,2024-07-16 21:01:45,0,2024-07-16 21:01:45,,,
2018-03-19,灵武市,烟煤末,6.00,27.50,0.25,,5500.00,500.00,0.00,出厂价,3157,2018-03-19 00:00:00,1,0,2024-07-16 21:01:45,0,2024-07-16 21:01:45,,,
2018-03-19,灵武市,水洗36块,6.00,24.50,0.25,,6800.00,500.00,0.00,出厂价,3158,2018-03-19 00:00:00,1,0,2024-07-16 21:01:45,0,2024-07-16 21:01:45,,,
2018-03-16,灵武市,烟煤末,6.00,27.50,0.25,,5500.00,500.00,0.00,出厂价,3159,2018-03-16 00:00:00,1,0,2024-07-16 21:01:45,0,2024-07-16 21:01:45,,,
2018-03-16,灵武市,水洗36块,6.00,24.50,0.25,,6800.00,500.00,0.00,出厂价,3160,2018-03-16 00:00:00,1,0,2024-07-16 21:01:45,0,2024-07-16 21:01:45,,,
2018-03-15,灵武市,烟煤末,6.00,27.50,0.25,,5500.00,500.00,0.00,出厂价,3161,2018-03-15 00:00:00,1,0,2024-07-16 21:01:45,0,2024-07-16 21:01:45,,,
2018-03-15,灵武市,水洗36块,6.00,24.50,0.25,,6800.00,500.00,0.00,出厂价,3162,2018-03-15 00:00:00,1,0,2024-07-16 21:01:45,0,2024-07-16 21:01:45,,,
2018-03-14,灵武市,烟煤末,6.00,27.50,0.25,,5500.00,500.00,0.00,出厂价,3163,2018-03-14 00:00:00,1,0,2024-07-16 21:01:45,0,2024-07-16 21:01:45,,,
2018-03-14,灵武市,水洗36块,6.00,24.50,0.25,,6800.00,500.00,0.00,出厂价,3164,2018-03-14 00:00:00,1,0,2024-07-16 21:01:45,0,2024-07-16 21:01:45,,,
2018-03-13,灵武市,烟煤末,6.00,27.50,0.25,,5500.00,500.00,0.00,出厂价,3165,2018-03-13 00:00:00,1,0,2024-07-16 21:01:45,0,2024-07-16 21:01:45,,,
2018-03-13,灵武市,水洗36块,6.00,24.50,0.25,,6800.00,500.00,0.00,出厂价,3166,2018-03-13 00:00:00,1,0,2024-07-16 21:01:45,0,2024-07-16 21:01:45,,,
2018-03-12,灵武市,烟煤末,6.00,27.50,0.25,,5500.00,500.00,0.00,出厂价,3167,2018-03-12 00:00:00,1,0,2024-07-16 21:01:45,0,2024-07-16 21:01:45,,,
2018-03-12,灵武市,水洗36块,6.00,24.50,0.25,,6800.00,500.00,0.00,出厂价,3168,2018-03-12 00:00:00,1,0,2024-07-16 21:01:45,0,2024-07-16 21:01:45,,,
2018-03-09,灵武市,烟煤末,6.00,27.50,0.25,,5500.00,500.00,0.00,出厂价,3169,2018-03-09 00:00:00,1,0,2024-07-16 21:01:45,0,2024-07-16 21:01:45,,,
2018-03-09,灵武市,水洗36块,6.00,24.50,0.25,,6800.00,500.00,0.00,出厂价,3170,2018-03-09 00:00:00,1,0,2024-07-16 21:01:45,0,2024-07-16 21:01:45,,,
2018-03-08,灵武市,烟煤末,6.00,27.50,0.25,,5500.00,500.00,0.00,出厂价,3171,2018-03-08 00:00:00,1,0,2024-07-16 21:01:45,0,2024-07-16 21:01:45,,,
2018-03-08,灵武市,水洗36块,6.00,24.50,0.25,,6800.00,500.00,0.00,出厂价,3172,2018-03-08 00:00:00,1,0,2024-07-16 21:01:45,0,2024-07-16 21:01:45,,,
2018-03-07,灵武市,烟煤末,6.00,27.50,0.25,,5500.00,500.00,-5.00,出厂价,3173,2018-03-07 00:00:00,1,0,2024-07-16 21:01:45,0,2024-07-16 21:01:45,,,
2018-03-07,灵武市,水洗36块,6.00,24.50,0.25,,6800.00,500.00,-10.00,出厂价,3174,2018-03-07 00:00:00,1,0,2024-07-16 21:01:45,0,2024-07-16 21:01:45,,,
2018-03-06,灵武市,烟煤末,6.00,27.50,0.25,,5500.00,505.00,0.00,出厂价,3175,2018-03-06 00:00:00,1,0,2024-07-16 21:01:45,0,2024-07-16 21:01:45,,,
2018-03-06,灵武市,水洗36块,6.00,24.50,0.25,,6800.00,510.00,0.00,出厂价,3176,2018-03-06 00:00:00,1,0,2024-07-16 21:01:45,0,2024-07-16 21:01:45,,,
2018-03-05,灵武市,烟煤末,6.00,27.50,0.25,,5500.00,505.00,0.00,出厂价,3177,2018-03-05 00:00:00,1,0,2024-07-16 21:01:45,0,2024-07-16 21:01:45,,,
2018-03-05,灵武市,水洗36块,6.00,24.50,0.25,,6800.00,510.00,0.00,出厂价,3178,2018-03-05 00:00:00,1,0,2024-07-16 21:01:45,0,2024-07-16 21:01:45,,,
2018-03-02,灵武市,烟煤末,6.00,27.50,0.25,,5500.00,505.00,0.00,出厂价,3179,2018-03-02 00:00:00,1,0,2024-07-16 21:01:45,0,2024-07-16 21:01:45,,,
2018-03-02,灵武市,水洗36块,6.00,24.50,0.25,,6800.00,510.00,0.00,出厂价,3180,2018-03-02 00:00:00,1,0,2024-07-16 21:01:45,0,2024-07-16 21:01:45,,,
2018-03-01,灵武市,烟煤末,6.00,27.50,0.25,,5500.00,505.00,0.00,出厂价,3181,2018-03-01 00:00:00,1,0,2024-07-16 21:01:48,0,2024-07-16 21:01:48,,,
2018-03-01,灵武市,水洗36块,6.00,24.50,0.25,,6800.00,510.00,0.00,出厂价,3182,2018-03-01 00:00:00,1,0,2024-07-16 21:01:48,0,2024-07-16 21:01:48,,,
2018-02-28,灵武市,烟煤末,6.00,27.50,0.25,,5500.00,505.00,0.00,出厂价,3183,2018-02-28 00:00:00,1,0,2024-07-16 21:01:48,0,2024-07-16 21:01:48,,,
2018-02-28,灵武市,水洗36块,6.00,24.50,0.25,,6800.00,510.00,0.00,出厂价,3184,2018-02-28 00:00:00,1,0,2024-07-16 21:01:48,0,2024-07-16 21:01:48,,,
2018-02-27,灵武市,烟煤末,6.00,27.50,0.25,,5500.00,505.00,0.00,出厂价,3185,2018-02-27 00:00:00,1,0,2024-07-16 21:01:48,0,2024-07-16 21:01:48,,,
2018-02-27,灵武市,水洗36块,6.00,24.50,0.25,,6800.00,510.00,0.00,出厂价,3186,2018-02-27 00:00:00,1,0,2024-07-16 21:01:48,0,2024-07-16 21:01:48,,,
2018-02-26,灵武市,烟煤末,6.00,27.50,0.25,,5500.00,505.00,0.00,出厂价,3187,2018-02-26 00:00:00,1,0,2024-07-16 21:01:48,0,2024-07-16 21:01:48,,,
2018-02-26,灵武市,水洗36块,6.00,24.50,0.25,,6800.00,510.00,0.00,出厂价,3188,2018-02-26 00:00:00,1,0,2024-07-16 21:01:48,0,2024-07-16 21:01:48,,,
2018-02-24,灵武市,烟煤末,6.00,27.50,0.25,,5500.00,505.00,0.00,出厂价,3189,2018-02-24 00:00:00,1,0,2024-07-16 21:01:48,0,2024-07-16 21:01:48,,,
2018-02-24,灵武市,水洗36块,6.00,24.50,0.25,,6800.00,510.00,0.00,出厂价,3190,2018-02-24 00:00:00,1,0,2024-07-16 21:01:48,0,2024-07-16 21:01:48,,,
2018-02-23,灵武市,烟煤末,6.00,27.50,0.25,,5500.00,505.00,0.00,出厂价,3191,2018-02-23 00:00:00,1,0,2024-07-16 21:01:48,0,2024-07-16 21:01:48,,,
2018-02-23,灵武市,水洗36块,6.00,24.50,0.25,,6800.00,510.00,0.00,出厂价,3192,2018-02-23 00:00:00,1,0,2024-07-16 21:01:48,0,2024-07-16 21:01:48,,,
2018-02-22,灵武市,烟煤末,6.00,27.50,0.25,,5500.00,505.00,0.00,出厂价,3193,2018-02-22 00:00:00,1,0,2024-07-16 21:01:48,0,2024-07-16 21:01:48,,,
2018-02-22,灵武市,水洗36块,6.00,24.50,0.25,,6800.00,510.00,0.00,出厂价,3194,2018-02-22 00:00:00,1,0,2024-07-16 21:01:48,0,2024-07-16 21:01:48,,,
2018-02-14,灵武市,烟煤末,6.00,27.50,0.25,,5500.00,505.00,0.00,出厂价,3195,2018-02-14 00:00:00,1,0,2024-07-16 21:01:48,0,2024-07-16 21:01:48,,,
2018-02-14,灵武市,水洗36块,6.00,24.50,0.25,,6800.00,510.00,0.00,出厂价,3196,2018-02-14 00:00:00,1,0,2024-07-16 21:01:48,0,2024-07-16 21:01:48,,,
2018-02-13,灵武市,烟煤末,6.00,27.50,0.25,,5500.00,505.00,0.00,出厂价,3197,2018-02-13 00:00:00,1,0,2024-07-16 21:01:48,0,2024-07-16 21:01:48,,,
2018-02-13,灵武市,水洗36块,6.00,24.50,0.25,,6800.00,510.00,0.00,出厂价,3198,2018-02-13 00:00:00,1,0,2024-07-16 21:01:48,0,2024-07-16 21:01:48,,,
2018-02-12,灵武市,烟煤末,6.00,27.50,0.25,,5500.00,505.00,0.00,出厂价,3199,2018-02-12 00:00:00,1,0,2024-07-16 21:01:48,0,2024-07-16 21:01:48,,,
2018-02-12,灵武市,水洗36块,6.00,24.50,0.25,,6800.00,510.00,0.00,出厂价,3200,2018-02-12 00:00:00,1,0,2024-07-16 21:01:48,0,2024-07-16 21:01:48,,,
2018-02-11,灵武市,烟煤末,6.00,27.50,0.25,,5500.00,505.00,0.00,出厂价,3201,2018-02-11 00:00:00,1,0,2024-07-16 21:01:48,0,2024-07-16 21:01:48,,,
2018-02-11,灵武市,水洗36块,6.00,24.50,0.25,,6800.00,510.00,0.00,出厂价,3202,2018-02-11 00:00:00,1,0,2024-07-16 21:01:48,0,2024-07-16 21:01:48,,,
2018-02-09,灵武市,烟煤末,6.00,27.50,0.25,,5500.00,505.00,0.00,出厂价,3203,2018-02-09 00:00:00,1,0,2024-07-16 21:01:48,0,2024-07-16 21:01:48,,,
2018-02-09,灵武市,水洗36块,6.00,24.50,0.25,,6800.00,510.00,0.00,出厂价,3204,2018-02-09 00:00:00,1,0,2024-07-16 21:01:48,0,2024-07-16 21:01:48,,,
2018-02-08,灵武市,烟煤末,6.00,27.50,0.25,,5500.00,505.00,0.00,出厂价,3205,2018-02-08 00:00:00,1,0,2024-07-16 21:01:48,0,2024-07-16 21:01:48,,,
2018-02-08,灵武市,水洗36块,6.00,24.50,0.25,,6800.00,510.00,0.00,出厂价,3206,2018-02-08 00:00:00,1,0,2024-07-16 21:01:48,0,2024-07-16 21:01:48,,,
2018-02-07,灵武市,烟煤末,6.00,27.50,0.25,,5500.00,505.00,10.00,出厂价,3207,2018-02-07 00:00:00,1,0,2024-07-16 21:01:48,0,2024-07-16 21:01:48,,,
2018-02-07,灵武市,水洗36块,6.00,24.50,0.25,,6800.00,510.00,0.00,出厂价,3208,2018-02-07 00:00:00,1,0,2024-07-16 21:01:48,0,2024-07-16 21:01:48,,,
2018-02-06,灵武市,烟煤末,6.00,27.50,0.25,,5500.00,495.00,0.00,出厂价,3209,2018-02-06 00:00:00,1,0,2024-07-16 21:01:48,0,2024-07-16 21:01:48,,,
2018-02-06,灵武市,水洗36块,6.00,24.50,0.25,,6800.00,510.00,0.00,出厂价,3210,2018-02-06 00:00:00,1,0,2024-07-16 21:01:48,0,2024-07-16 21:01:48,,,
2018-02-05,灵武市,烟煤末,6.00,27.50,0.25,,5500.00,495.00,0.00,出厂价,3211,2018-02-05 00:00:00,1,0,2024-07-16 21:01:51,0,2024-07-16 21:01:51,,,
2018-02-05,灵武市,水洗36块,6.00,24.50,0.25,,6800.00,510.00,0.00,出厂价,3212,2018-02-05 00:00:00,1,0,2024-07-16 21:01:51,0,2024-07-16 21:01:51,,,
2018-02-02,灵武市,烟煤末,6.00,27.50,0.25,,5500.00,495.00,0.00,出厂价,3213,2018-02-02 00:00:00,1,0,2024-07-16 21:01:51,0,2024-07-16 21:01:51,,,
2018-02-02,灵武市,水洗36块,6.00,24.50,0.25,,6800.00,510.00,0.00,出厂价,3214,2018-02-02 00:00:00,1,0,2024-07-16 21:01:51,0,2024-07-16 21:01:51,,,
2018-02-01,灵武市,烟煤末,6.00,27.50,0.25,,5500.00,495.00,5.00,出厂价,3215,2018-02-01 00:00:00,1,0,2024-07-16 21:01:51,0,2024-07-16 21:01:51,,,
2018-02-01,灵武市,水洗36块,6.00,24.50,0.25,,6800.00,510.00,0.00,出厂价,3216,2018-02-01 00:00:00,1,0,2024-07-16 21:01:51,0,2024-07-16 21:01:51,,,
2018-01-31,灵武市,烟煤末,6.00,27.50,0.25,,5500.00,490.00,0.00,出厂价,3217,2018-01-31 00:00:00,1,0,2024-07-16 21:01:51,0,2024-07-16 21:01:51,,,
2018-01-31,灵武市,水洗36块,6.00,24.50,0.25,,6800.00,510.00,0.00,出厂价,3218,2018-01-31 00:00:00,1,0,2024-07-16 21:01:51,0,2024-07-16 21:01:51,,,
2018-01-30,灵武市,烟煤末,6.00,27.50,0.25,,5500.00,490.00,0.00,出厂价,3219,2018-01-30 00:00:00,1,0,2024-07-16 21:01:51,0,2024-07-16 21:01:51,,,
2018-01-30,灵武市,水洗36块,6.00,24.50,0.25,,6800.00,510.00,0.00,出厂价,3220,2018-01-30 00:00:00,1,0,2024-07-16 21:01:51,0,2024-07-16 21:01:51,,,
2018-01-29,灵武市,烟煤末,6.00,27.50,0.25,,5500.00,490.00,0.00,出厂价,3221,2018-01-29 00:00:00,1,0,2024-07-16 21:01:51,0,2024-07-16 21:01:51,,,
2018-01-29,灵武市,水洗36块,6.00,24.50,0.25,,6800.00,510.00,-5.00,出厂价,3222,2018-01-29 00:00:00,1,0,2024-07-16 21:01:51,0,2024-07-16 21:01:51,,,
2018-01-26,灵武市,烟煤末,6.00,27.50,0.25,,5500.00,490.00,10.00,出厂价,3223,2018-01-26 00:00:00,1,0,2024-07-16 21:01:51,0,2024-07-16 21:01:51,,,
2018-01-26,灵武市,水洗36块,6.00,24.50,0.25,,6800.00,515.00,0.00,出厂价,3224,2018-01-26 00:00:00,1,0,2024-07-16 21:01:51,0,2024-07-16 21:01:51,,,
2018-01-25,灵武市,烟煤末,6.00,27.50,0.25,,5500.00,480.00,0.00,出厂价,3225,2018-01-25 00:00:00,1,0,2024-07-16 21:01:51,0,2024-07-16 21:01:51,,,
2018-01-25,灵武市,水洗36块,6.00,24.50,0.25,,6800.00,515.00,0.00,出厂价,3226,2018-01-25 00:00:00,1,0,2024-07-16 21:01:51,0,2024-07-16 21:01:51,,,
2018-01-24,灵武市,烟煤末,6.00,27.50,0.25,,5500.00,480.00,0.00,出厂价,3227,2018-01-24 00:00:00,1,0,2024-07-16 21:01:51,0,2024-07-16 21:01:51,,,
2018-01-24,灵武市,水洗36块,6.00,24.50,0.25,,6800.00,515.00,0.00,出厂价,3228,2018-01-24 00:00:00,1,0,2024-07-16 21:01:51,0,2024-07-16 21:01:51,,,
2018-01-23,灵武市,烟煤末,6.00,27.50,0.25,,5500.00,480.00,5.00,出厂价,3229,2018-01-23 00:00:00,1,0,2024-07-16 21:01:51,0,2024-07-16 21:01:51,,,
2018-01-23,灵武市,水洗36块,6.00,24.50,0.25,,6800.00,515.00,0.00,出厂价,3230,2018-01-23 00:00:00,1,0,2024-07-16 21:01:51,0,2024-07-16 21:01:51,,,
2018-01-22,灵武市,烟煤末,6.00,27.50,0.25,,5500.00,475.00,0.00,出厂价,3231,2018-01-22 00:00:00,1,0,2024-07-16 21:01:51,0,2024-07-16 21:01:51,,,
2018-01-22,灵武市,水洗36块,6.00,24.50,0.25,,6800.00,515.00,0.00,出厂价,3232,2018-01-22 00:00:00,1,0,2024-07-16 21:01:51,0,2024-07-16 21:01:51,,,
2018-01-19,灵武市,烟煤末,6.00,27.50,0.25,,5500.00,475.00,0.00,出厂价,3233,2018-01-19 00:00:00,1,0,2024-07-16 21:01:51,0,2024-07-16 21:01:51,,,
2018-01-19,灵武市,水洗36块,6.00,24.50,0.25,,6800.00,515.00,0.00,出厂价,3234,2018-01-19 00:00:00,1,0,2024-07-16 21:01:51,0,2024-07-16 21:01:51,,,
2018-01-18,灵武市,烟煤末,6.00,27.50,0.25,,5500.00,475.00,0.00,出厂价,3235,2018-01-18 00:00:00,1,0,2024-07-16 21:01:51,0,2024-07-16 21:01:51,,,
2018-01-18,灵武市,水洗36块,6.00,24.50,0.25,,6800.00,515.00,0.00,出厂价,3236,2018-01-18 00:00:00,1,0,2024-07-16 21:01:51,0,2024-07-16 21:01:51,,,
2018-01-17,灵武市,烟煤末,6.00,27.50,0.25,,5500.00,475.00,0.00,出厂价,3237,2018-01-17 00:00:00,1,0,2024-07-16 21:01:51,0,2024-07-16 21:01:51,,,
2018-01-17,灵武市,水洗36块,6.00,24.50,0.25,,6800.00,515.00,0.00,出厂价,3238,2018-01-17 00:00:00,1,0,2024-07-16 21:01:51,0,2024-07-16 21:01:51,,,
2018-01-16,灵武市,烟煤末,6.00,27.50,0.25,,5500.00,475.00,0.00,出厂价,3239,2018-01-16 00:00:00,1,0,2024-07-16 21:01:51,0,2024-07-16 21:01:51,,,
2018-01-16,灵武市,水洗36块,6.00,24.50,0.25,,6800.00,515.00,0.00,出厂价,3240,2018-01-16 00:00:00,1,0,2024-07-16 21:01:51,0,2024-07-16 21:01:51,,,
2018-01-15,灵武市,烟煤末,6.00,27.50,0.25,,5500.00,475.00,0.00,出厂价,3241,2018-01-15 00:00:00,1,0,2024-07-16 21:01:53,0,2024-07-16 21:01:53,,,
2018-01-15,灵武市,水洗36块,6.00,24.50,0.25,,6800.00,515.00,0.00,出厂价,3242,2018-01-15 00:00:00,1,0,2024-07-16 21:01:53,0,2024-07-16 21:01:53,,,
2018-01-12,灵武市,烟煤末,6.00,27.50,0.25,,5500.00,475.00,0.00,出厂价,3243,2018-01-12 00:00:00,1,0,2024-07-16 21:01:53,0,2024-07-16 21:01:53,,,
2018-01-12,灵武市,水洗36块,6.00,24.50,0.25,,6800.00,515.00,0.00,出厂价,3244,2018-01-12 00:00:00,1,0,2024-07-16 21:01:53,0,2024-07-16 21:01:53,,,
2018-01-11,灵武市,烟煤末,6.00,27.50,0.25,,5500.00,475.00,0.00,出厂价,3245,2018-01-11 00:00:00,1,0,2024-07-16 21:01:53,0,2024-07-16 21:01:53,,,
2018-01-11,灵武市,水洗36块,6.00,24.50,0.25,,6800.00,515.00,0.00,出厂价,3246,2018-01-11 00:00:00,1,0,2024-07-16 21:01:53,0,2024-07-16 21:01:53,,,
2018-01-10,灵武市,烟煤末,6.00,27.50,0.25,,5500.00,475.00,0.00,出厂价,3247,2018-01-10 00:00:00,1,0,2024-07-16 21:01:53,0,2024-07-16 21:01:53,,,
2018-01-10,灵武市,水洗36块,6.00,24.50,0.25,,6800.00,515.00,0.00,出厂价,3248,2018-01-10 00:00:00,1,0,2024-07-16 21:01:53,0,2024-07-16 21:01:53,,,
2018-01-09,灵武市,烟煤末,6.00,27.50,0.25,,5500.00,475.00,0.00,出厂价,3249,2018-01-09 00:00:00,1,0,2024-07-16 21:01:53,0,2024-07-16 21:01:53,,,
2018-01-09,灵武市,水洗36块,6.00,24.50,0.25,,6800.00,515.00,0.00,出厂价,3250,2018-01-09 00:00:00,1,0,2024-07-16 21:01:53,0,2024-07-16 21:01:53,,,
2018-01-08,灵武市,烟煤末,6.00,27.50,0.25,,5500.00,475.00,0.00,出厂价,3251,2018-01-08 00:00:00,1,0,2024-07-16 21:01:53,0,2024-07-16 21:01:53,,,
2018-01-08,灵武市,水洗36块,6.00,24.50,0.25,,6800.00,515.00,0.00,出厂价,3252,2018-01-08 00:00:00,1,0,2024-07-16 21:01:53,0,2024-07-16 21:01:53,,,
2018-01-05,灵武市,烟煤末,6.00,27.50,0.25,,5500.00,475.00,0.00,出厂价,3253,2018-01-05 00:00:00,1,0,2024-07-16 21:01:53,0,2024-07-16 21:01:53,,,
2018-01-05,灵武市,水洗36块,6.00,24.50,0.25,,6800.00,515.00,0.00,出厂价,3254,2018-01-05 00:00:00,1,0,2024-07-16 21:01:53,0,2024-07-16 21:01:53,,,
2018-01-04,灵武市,烟煤末,6.00,27.50,0.25,,5500.00,475.00,0.00,出厂价,3255,2018-01-04 00:00:00,1,0,2024-07-16 21:01:53,0,2024-07-16 21:01:53,,,
2018-01-04,灵武市,水洗36块,6.00,24.50,0.25,,6800.00,515.00,0.00,出厂价,3256,2018-01-04 00:00:00,1,0,2024-07-16 21:01:53,0,2024-07-16 21:01:53,,,
2018-01-03,灵武市,烟煤末,6.00,27.50,0.25,,5500.00,475.00,0.00,出厂价,3257,2018-01-03 00:00:00,1,0,2024-07-16 21:01:53,0,2024-07-16 21:01:53,,,
2018-01-03,灵武市,水洗36块,6.00,24.50,0.25,,6800.00,515.00,0.00,出厂价,3258,2018-01-03 00:00:00,1,0,2024-07-16 21:01:53,0,2024-07-16 21:01:53,,,
2018-01-02,灵武市,烟煤末,6.00,27.50,0.25,,5500.00,475.00,0.00,出厂价,3259,2018-01-02 00:00:00,1,0,2024-07-16 21:01:53,0,2024-07-16 21:01:53,,,
2018-01-02,灵武市,水洗36块,6.00,24.50,0.25,,6800.00,515.00,0.00,出厂价,3260,2018-01-02 00:00:00,1,0,2024-07-16 21:01:53,0,2024-07-16 21:01:53,,,
2017-12-29,灵武市,烟煤末,6.00,27.50,0.25,,5500.00,475.00,0.00,出厂价,3261,2017-12-29 00:00:00,1,0,2024-07-16 21:01:53,0,2024-07-16 21:01:53,,,
2017-12-29,灵武市,水洗36块,6.00,24.50,0.25,,6800.00,515.00,0.00,出厂价,3262,2017-12-29 00:00:00,1,0,2024-07-16 21:01:53,0,2024-07-16 21:01:53,,,
2017-12-28,灵武市,烟煤末,6.00,27.50,0.25,,5500.00,475.00,0.00,出厂价,3263,2017-12-28 00:00:00,1,0,2024-07-16 21:01:53,0,2024-07-16 21:01:53,,,
2017-12-28,灵武市,水洗36块,6.00,24.50,0.25,,6800.00,515.00,0.00,出厂价,3264,2017-12-28 00:00:00,1,0,2024-07-16 21:01:53,0,2024-07-16 21:01:53,,,
2017-12-27,灵武市,烟煤末,6.00,27.50,0.25,,5500.00,475.00,0.00,出厂价,3265,2017-12-27 00:00:00,1,0,2024-07-16 21:01:53,0,2024-07-16 21:01:53,,,
2017-12-27,灵武市,水洗36块,6.00,24.50,0.25,,6800.00,515.00,0.00,出厂价,3266,2017-12-27 00:00:00,1,0,2024-07-16 21:01:53,0,2024-07-16 21:01:53,,,
2017-12-26,灵武市,烟煤末,6.00,27.50,0.25,,5500.00,475.00,0.00,出厂价,3267,2017-12-26 00:00:00,1,0,2024-07-16 21:01:53,0,2024-07-16 21:01:53,,,
2017-12-26,灵武市,水洗36块,6.00,24.50,0.25,,6800.00,515.00,0.00,出厂价,3268,2017-12-26 00:00:00,1,0,2024-07-16 21:01:53,0,2024-07-16 21:01:53,,,
2017-12-25,灵武市,烟煤末,6.00,27.50,0.25,,5500.00,475.00,0.00,出厂价,3269,2017-12-25 00:00:00,1,0,2024-07-16 21:01:53,0,2024-07-16 21:01:53,,,
2017-12-25,灵武市,水洗36块,6.00,24.50,0.25,,6800.00,515.00,0.00,出厂价,3270,2017-12-25 00:00:00,1,0,2024-07-16 21:01:53,0,2024-07-16 21:01:53,,,
2017-12-22,灵武市,烟煤末,6.00,27.50,0.25,,5500.00,475.00,0.00,出厂价,3271,2017-12-22 00:00:00,1,0,2024-07-16 21:01:57,0,2024-07-16 21:01:57,,,
2017-12-22,灵武市,水洗36块,6.00,24.50,0.25,,6800.00,515.00,0.00,出厂价,3272,2017-12-22 00:00:00,1,0,2024-07-16 21:01:57,0,2024-07-16 21:01:57,,,
2017-12-21,灵武市,烟煤末,6.00,27.50,0.25,,5500.00,475.00,0.00,出厂价,3273,2017-12-21 00:00:00,1,0,2024-07-16 21:01:57,0,2024-07-16 21:01:57,,,
2017-12-21,灵武市,水洗36块,6.00,24.50,0.25,,6800.00,515.00,0.00,出厂价,3274,2017-12-21 00:00:00,1,0,2024-07-16 21:01:57,0,2024-07-16 21:01:57,,,
2017-12-20,灵武市,烟煤末,6.00,27.50,0.25,,5500.00,475.00,0.00,出厂价,3275,2017-12-20 00:00:00,1,0,2024-07-16 21:01:57,0,2024-07-16 21:01:57,,,
2017-12-20,灵武市,水洗36块,6.00,24.50,0.25,,6800.00,515.00,0.00,出厂价,3276,2017-12-20 00:00:00,1,0,2024-07-16 21:01:57,0,2024-07-16 21:01:57,,,
2017-12-19,灵武市,烟煤末,6.00,27.50,0.25,,5500.00,475.00,0.00,出厂价,3277,2017-12-19 00:00:00,1,0,2024-07-16 21:01:57,0,2024-07-16 21:01:57,,,
2017-12-19,灵武市,水洗36块,6.00,24.50,0.25,,6800.00,515.00,0.00,出厂价,3278,2017-12-19 00:00:00,1,0,2024-07-16 21:01:57,0,2024-07-16 21:01:57,,,
2017-12-18,灵武市,烟煤末,6.00,27.50,0.25,,5500.00,475.00,0.00,出厂价,3279,2017-12-18 00:00:00,1,0,2024-07-16 21:01:57,0,2024-07-16 21:01:57,,,
2017-12-18,灵武市,水洗36块,6.00,24.50,0.25,,6800.00,515.00,0.00,出厂价,3280,2017-12-18 00:00:00,1,0,2024-07-16 21:01:57,0,2024-07-16 21:01:57,,,
2017-12-15,灵武市,烟煤末,6.00,27.50,0.25,,5500.00,475.00,0.00,出厂价,3281,2017-12-15 00:00:00,1,0,2024-07-16 21:01:57,0,2024-07-16 21:01:57,,,
2017-12-15,灵武市,水洗36块,6.00,24.50,0.25,,6800.00,515.00,0.00,出厂价,3282,2017-12-15 00:00:00,1,0,2024-07-16 21:01:57,0,2024-07-16 21:01:57,,,
2017-12-14,灵武市,烟煤末,6.00,27.50,0.25,,5500.00,475.00,0.00,出厂价,3283,2017-12-14 00:00:00,1,0,2024-07-16 21:01:57,0,2024-07-16 21:01:57,,,
2017-12-14,灵武市,水洗36块,6.00,24.50,0.25,,6800.00,515.00,-10.00,出厂价,3284,2017-12-14 00:00:00,1,0,2024-07-16 21:01:57,0,2024-07-16 21:01:57,,,
2017-12-13,灵武市,烟煤末,6.00,27.50,0.25,,5500.00,475.00,0.00,出厂价,3285,2017-12-13 00:00:00,1,0,2024-07-16 21:01:57,0,2024-07-16 21:01:57,,,
2017-12-13,灵武市,水洗36块,6.00,24.50,0.25,,6800.00,525.00,0.00,出厂价,3286,2017-12-13 00:00:00,1,0,2024-07-16 21:01:57,0,2024-07-16 21:01:57,,,
2017-12-12,灵武市,烟煤末,6.00,27.50,0.25,,5500.00,475.00,0.00,出厂价,3287,2017-12-12 00:00:00,1,0,2024-07-16 21:01:57,0,2024-07-16 21:01:57,,,
2017-12-12,灵武市,水洗36块,6.00,24.50,0.25,,6800.00,525.00,0.00,出厂价,3288,2017-12-12 00:00:00,1,0,2024-07-16 21:01:57,0,2024-07-16 21:01:57,,,
2017-12-11,灵武市,烟煤末,6.00,27.50,0.25,,5500.00,475.00,0.00,出厂价,3289,2017-12-11 00:00:00,1,0,2024-07-16 21:01:57,0,2024-07-16 21:01:57,,,
2017-12-11,灵武市,水洗36块,6.00,24.50,0.25,,6800.00,525.00,0.00,出厂价,3290,2017-12-11 00:00:00,1,0,2024-07-16 21:01:57,0,2024-07-16 21:01:57,,,
2017-12-08,灵武市,烟煤末,6.00,27.50,0.25,,5500.00,475.00,0.00,出厂价,3291,2017-12-08 00:00:00,1,0,2024-07-16 21:01:57,0,2024-07-16 21:01:57,,,
2017-12-08,灵武市,水洗36块,6.00,24.50,0.25,,6800.00,525.00,0.00,出厂价,3292,2017-12-08 00:00:00,1,0,2024-07-16 21:01:57,0,2024-07-16 21:01:57,,,
2017-12-07,灵武市,烟煤末,6.00,27.50,0.25,,5500.00,475.00,0.00,出厂价,3293,2017-12-07 00:00:00,1,0,2024-07-16 21:01:57,0,2024-07-16 21:01:57,,,
2017-12-07,灵武市,水洗36块,6.00,24.50,0.25,,6800.00,525.00,0.00,出厂价,3294,2017-12-07 00:00:00,1,0,2024-07-16 21:01:57,0,2024-07-16 21:01:57,,,
2017-12-06,灵武市,烟煤末,6.00,27.50,0.25,,5500.00,475.00,0.00,出厂价,3295,2017-12-06 00:00:00,1,0,2024-07-16 21:01:57,0,2024-07-16 21:01:57,,,
2017-12-06,灵武市,水洗36块,6.00,24.50,0.25,,6800.00,525.00,0.00,出厂价,3296,2017-12-06 00:00:00,1,0,2024-07-16 21:01:57,0,2024-07-16 21:01:57,,,
2017-12-05,灵武市,烟煤末,6.00,27.50,0.25,,5500.00,475.00,0.00,出厂价,3297,2017-12-05 00:00:00,1,0,2024-07-16 21:01:57,0,2024-07-16 21:01:57,,,
2017-12-05,灵武市,水洗36块,6.00,24.50,0.25,,6800.00,525.00,-5.00,出厂价,3298,2017-12-05 00:00:00,1,0,2024-07-16 21:01:57,0,2024-07-16 21:01:57,,,
2017-12-04,灵武市,烟煤末,6.00,27.50,0.25,,5500.00,475.00,0.00,出厂价,3299,2017-12-04 00:00:00,1,0,2024-07-16 21:01:57,0,2024-07-16 21:01:57,,,
2017-12-04,灵武市,水洗36块,6.00,24.50,0.25,,6800.00,530.00,-10.00,出厂价,3300,2017-12-04 00:00:00,1,0,2024-07-16 21:01:57,0,2024-07-16 21:01:57,,,
2017-12-01,灵武市,烟煤末,6.00,27.50,0.25,,5500.00,475.00,0.00,出厂价,3301,2017-12-01 00:00:00,1,0,2024-07-16 21:01:59,0,2024-07-16 21:01:59,,,
2017-12-01,灵武市,水洗36块,6.00,24.50,0.25,,6800.00,540.00,0.00,出厂价,3302,2017-12-01 00:00:00,1,0,2024-07-16 21:01:59,0,2024-07-16 21:01:59,,,
2017-11-30,灵武市,烟煤末,6.00,27.50,0.25,,5500.00,475.00,-5.00,出厂价,3303,2017-11-30 00:00:00,1,0,2024-07-16 21:01:59,0,2024-07-16 21:01:59,,,
2017-11-30,灵武市,水洗36块,6.00,24.50,0.25,,6800.00,540.00,-5.00,出厂价,3304,2017-11-30 00:00:00,1,0,2024-07-16 21:01:59,0,2024-07-16 21:01:59,,,
2017-11-29,灵武市,烟煤末,6.00,27.50,0.25,,5500.00,480.00,0.00,出厂价,3305,2017-11-29 00:00:00,1,0,2024-07-16 21:01:59,0,2024-07-16 21:01:59,,,
2017-11-29,灵武市,水洗36块,6.00,24.50,0.25,,6800.00,545.00,0.00,出厂价,3306,2017-11-29 00:00:00,1,0,2024-07-16 21:01:59,0,2024-07-16 21:01:59,,,
2017-11-28,灵武市,烟煤末,6.00,27.50,0.25,,5500.00,480.00,0.00,出厂价,3307,2017-11-28 00:00:00,1,0,2024-07-16 21:01:59,0,2024-07-16 21:01:59,,,
2017-11-28,灵武市,水洗36块,6.00,24.50,0.25,,6800.00,545.00,0.00,出厂价,3308,2017-11-28 00:00:00,1,0,2024-07-16 21:01:59,0,2024-07-16 21:01:59,,,
2017-11-27,灵武市,烟煤末,6.00,27.50,0.25,,5500.00,480.00,0.00,出厂价,3309,2017-11-27 00:00:00,1,0,2024-07-16 21:01:59,0,2024-07-16 21:01:59,,,
2017-11-27,灵武市,水洗36块,6.00,24.50,0.25,,6800.00,545.00,0.00,出厂价,3310,2017-11-27 00:00:00,1,0,2024-07-16 21:01:59,0,2024-07-16 21:01:59,,,
2017-11-24,灵武市,烟煤末,6.00,27.50,0.25,,5500.00,480.00,0.00,出厂价,3311,2017-11-24 00:00:00,1,0,2024-07-16 21:01:59,0,2024-07-16 21:01:59,,,
2017-11-24,灵武市,水洗36块,6.00,24.50,0.25,,6800.00,545.00,0.00,出厂价,3312,2017-11-24 00:00:00,1,0,2024-07-16 21:01:59,0,2024-07-16 21:01:59,,,
2017-11-23,灵武市,烟煤末,6.00,27.50,0.25,,5500.00,480.00,0.00,出厂价,3313,2017-11-23 00:00:00,1,0,2024-07-16 21:01:59,0,2024-07-16 21:01:59,,,
2017-11-23,灵武市,水洗36块,6.00,24.50,0.25,,6800.00,545.00,0.00,出厂价,3314,2017-11-23 00:00:00,1,0,2024-07-16 21:01:59,0,2024-07-16 21:01:59,,,
2017-11-22,灵武市,烟煤末,6.00,27.50,0.25,,5500.00,480.00,-15.00,出厂价,3315,2017-11-22 00:00:00,1,0,2024-07-16 21:01:59,0,2024-07-16 21:01:59,,,
2017-11-22,灵武市,水洗36块,6.00,24.50,0.25,,6800.00,545.00,0.00,出厂价,3316,2017-11-22 00:00:00,1,0,2024-07-16 21:01:59,0,2024-07-16 21:01:59,,,
2017-11-21,灵武市,烟煤末,6.00,27.50,0.25,,5500.00,495.00,0.00,出厂价,3317,2017-11-21 00:00:00,1,0,2024-07-16 21:01:59,0,2024-07-16 21:01:59,,,
2017-11-21,灵武市,水洗36块,6.00,24.50,0.25,,6800.00,545.00,0.00,出厂价,3318,2017-11-21 00:00:00,1,0,2024-07-16 21:01:59,0,2024-07-16 21:01:59,,,
2017-11-20,灵武市,烟煤末,6.00,27.50,0.25,,5500.00,495.00,0.00,出厂价,3319,2017-11-20 00:00:00,1,0,2024-07-16 21:01:59,0,2024-07-16 21:01:59,,,
2017-11-20,灵武市,水洗36块,6.00,24.50,0.25,,6800.00,545.00,0.00,出厂价,3320,2017-11-20 00:00:00,1,0,2024-07-16 21:01:59,0,2024-07-16 21:01:59,,,
2017-11-17,灵武市,烟煤末,6.00,27.50,0.25,,5500.00,495.00,0.00,出厂价,3321,2017-11-17 00:00:00,1,0,2024-07-16 21:01:59,0,2024-07-16 21:01:59,,,
2017-11-17,灵武市,水洗36块,6.00,24.50,0.25,,6800.00,545.00,0.00,出厂价,3322,2017-11-17 00:00:00,1,0,2024-07-16 21:01:59,0,2024-07-16 21:01:59,,,
2017-11-16,灵武市,烟煤末,6.00,27.50,0.25,,5500.00,495.00,0.00,出厂价,3323,2017-11-16 00:00:00,1,0,2024-07-16 21:01:59,0,2024-07-16 21:01:59,,,
2017-11-16,灵武市,水洗36块,6.00,24.50,0.25,,6800.00,545.00,0.00,出厂价,3324,2017-11-16 00:00:00,1,0,2024-07-16 21:01:59,0,2024-07-16 21:01:59,,,
2017-11-15,灵武市,烟煤末,6.00,27.50,0.25,,5500.00,495.00,-5.00,出厂价,3325,2017-11-15 00:00:00,1,0,2024-07-16 21:01:59,0,2024-07-16 21:01:59,,,
2017-11-15,灵武市,水洗36块,6.00,24.50,0.25,,6800.00,545.00,-5.00,出厂价,3326,2017-11-15 00:00:00,1,0,2024-07-16 21:01:59,0,2024-07-16 21:01:59,,,
2017-11-14,灵武市,烟煤末,6.00,27.50,0.25,,5500.00,500.00,0.00,出厂价,3327,2017-11-14 00:00:00,1,0,2024-07-16 21:01:59,0,2024-07-16 21:01:59,,,
2017-11-14,灵武市,水洗36块,6.00,24.50,0.25,,6800.00,550.00,0.00,出厂价,3328,2017-11-14 00:00:00,1,0,2024-07-16 21:01:59,0,2024-07-16 21:01:59,,,
2017-11-13,灵武市,烟煤末,6.00,27.50,0.25,,5500.00,500.00,-5.00,出厂价,3329,2017-11-13 00:00:00,1,0,2024-07-16 21:01:59,0,2024-07-16 21:01:59,,,
2017-11-13,灵武市,水洗36块,6.00,24.50,0.25,,6800.00,550.00,0.00,出厂价,3330,2017-11-13 00:00:00,1,0,2024-07-16 21:01:59,0,2024-07-16 21:01:59,,,
2017-11-10,灵武市,烟煤末,6.00,27.50,0.25,,5500.00,505.00,-5.00,出厂价,3331,2017-11-10 00:00:00,1,0,2024-07-16 21:02:03,0,2024-07-16 21:02:03,,,
2017-11-10,灵武市,水洗36块,6.00,24.50,0.25,,6800.00,550.00,0.00,出厂价,3332,2017-11-10 00:00:00,1,0,2024-07-16 21:02:03,0,2024-07-16 21:02:03,,,
2017-11-09,灵武市,烟煤末,6.00,27.50,0.25,,5500.00,510.00,0.00,出厂价,3333,2017-11-09 00:00:00,1,0,2024-07-16 21:02:03,0,2024-07-16 21:02:03,,,
2017-11-09,灵武市,水洗36块,6.00,24.50,0.25,,6800.00,550.00,0.00,出厂价,3334,2017-11-09 00:00:00,1,0,2024-07-16 21:02:03,0,2024-07-16 21:02:03,,,
2017-11-08,灵武市,烟煤末,6.00,27.50,0.25,,5500.00,510.00,0.00,出厂价,3335,2017-11-08 00:00:00,1,0,2024-07-16 21:02:03,0,2024-07-16 21:02:03,,,
2017-11-08,灵武市,水洗36块,6.00,24.50,0.25,,6800.00,550.00,0.00,出厂价,3336,2017-11-08 00:00:00,1,0,2024-07-16 21:02:03,0,2024-07-16 21:02:03,,,
2017-11-07,灵武市,烟煤末,6.00,27.50,0.25,,5500.00,510.00,0.00,出厂价,3337,2017-11-07 00:00:00,1,0,2024-07-16 21:02:03,0,2024-07-16 21:02:03,,,
2017-11-07,灵武市,水洗36块,6.00,24.50,0.25,,6800.00,550.00,0.00,出厂价,3338,2017-11-07 00:00:00,1,0,2024-07-16 21:02:03,0,2024-07-16 21:02:03,,,
2017-11-06,灵武市,烟煤末,6.00,27.50,0.25,,5500.00,510.00,0.00,出厂价,3339,2017-11-06 00:00:00,1,0,2024-07-16 21:02:03,0,2024-07-16 21:02:03,,,
2017-11-06,灵武市,水洗36块,6.00,24.50,0.25,,6800.00,550.00,0.00,出厂价,3340,2017-11-06 00:00:00,1,0,2024-07-16 21:02:03,0,2024-07-16 21:02:03,,,
2017-11-03,灵武市,烟煤末,6.00,27.50,0.25,,5500.00,510.00,-5.00,出厂价,3341,2017-11-03 00:00:00,1,0,2024-07-16 21:02:03,0,2024-07-16 21:02:03,,,
2017-11-03,灵武市,水洗36块,6.00,24.50,0.25,,6800.00,550.00,0.00,出厂价,3342,2017-11-03 00:00:00,1,0,2024-07-16 21:02:03,0,2024-07-16 21:02:03,,,
2017-11-02,灵武市,烟煤末,6.00,27.50,0.25,,5500.00,515.00,-5.00,出厂价,3343,2017-11-02 00:00:00,1,0,2024-07-16 21:02:03,0,2024-07-16 21:02:03,,,
2017-11-02,灵武市,水洗36块,6.00,24.50,0.25,,6800.00,550.00,0.00,出厂价,3344,2017-11-02 00:00:00,1,0,2024-07-16 21:02:03,0,2024-07-16 21:02:03,,,
2017-11-01,灵武市,烟煤末,6.00,27.50,0.25,,5500.00,520.00,0.00,出厂价,3345,2017-11-01 00:00:00,1,0,2024-07-16 21:02:03,0,2024-07-16 21:02:03,,,
2017-11-01,灵武市,水洗36块,6.00,24.50,0.25,,6800.00,550.00,0.00,出厂价,3346,2017-11-01 00:00:00,1,0,2024-07-16 21:02:03,0,2024-07-16 21:02:03,,,
2017-10-31,灵武市,烟煤末,6.00,27.50,0.25,,5500.00,520.00,0.00,出厂价,3347,2017-10-31 00:00:00,1,0,2024-07-16 21:02:03,0,2024-07-16 21:02:03,,,
2017-10-31,灵武市,水洗36块,6.00,24.50,0.25,,6800.00,550.00,0.00,出厂价,3348,2017-10-31 00:00:00,1,0,2024-07-16 21:02:03,0,2024-07-16 21:02:03,,,
2017-10-30,灵武市,烟煤末,6.00,27.50,0.25,,5500.00,520.00,0.00,出厂价,3349,2017-10-30 00:00:00,1,0,2024-07-16 21:02:03,0,2024-07-16 21:02:03,,,
2017-10-30,灵武市,水洗36块,6.00,24.50,0.25,,6800.00,550.00,0.00,出厂价,3350,2017-10-30 00:00:00,1,0,2024-07-16 21:02:03,0,2024-07-16 21:02:03,,,
2017-10-27,灵武市,烟煤末,6.00,27.50,0.25,,5500.00,520.00,0.00,出厂价,3351,2017-10-27 00:00:00,1,0,2024-07-16 21:02:03,0,2024-07-16 21:02:03,,,
2017-10-27,灵武市,水洗36块,6.00,24.50,0.25,,6800.00,550.00,0.00,出厂价,3352,2017-10-27 00:00:00,1,0,2024-07-16 21:02:03,0,2024-07-16 21:02:03,,,
2017-10-26,灵武市,烟煤末,6.00,27.50,0.25,,5500.00,520.00,35.00,出厂价,3353,2017-10-26 00:00:00,1,0,2024-07-16 21:02:03,0,2024-07-16 21:02:03,,,
2017-10-26,灵武市,水洗36块,6.00,24.50,0.25,,6800.00,550.00,0.00,出厂价,3354,2017-10-26 00:00:00,1,0,2024-07-16 21:02:03,0,2024-07-16 21:02:03,,,
2017-10-25,灵武市,烟煤末,6.00,27.50,0.25,,5500.00,485.00,0.00,出厂价,3355,2017-10-25 00:00:00,1,0,2024-07-16 21:02:03,0,2024-07-16 21:02:03,,,
2017-10-25,灵武市,水洗36块,6.00,24.50,0.25,,6800.00,550.00,0.00,出厂价,3356,2017-10-25 00:00:00,1,0,2024-07-16 21:02:03,0,2024-07-16 21:02:03,,,
2017-10-24,灵武市,烟煤末,6.00,27.50,0.25,,5500.00,485.00,0.00,出厂价,3357,2017-10-24 00:00:00,1,0,2024-07-16 21:02:03,0,2024-07-16 21:02:03,,,
2017-10-24,灵武市,水洗36块,6.00,24.50,0.25,,6800.00,550.00,0.00,出厂价,3358,2017-10-24 00:00:00,1,0,2024-07-16 21:02:03,0,2024-07-16 21:02:03,,,
2017-10-23,灵武市,烟煤末,6.00,27.50,0.25,,5500.00,485.00,0.00,出厂价,3359,2017-10-23 00:00:00,1,0,2024-07-16 21:02:03,0,2024-07-16 21:02:03,,,
2017-10-23,灵武市,水洗36块,6.00,24.50,0.25,,6800.00,550.00,0.00,出厂价,3360,2017-10-23 00:00:00,1,0,2024-07-16 21:02:03,0,2024-07-16 21:02:03,,,
2017-10-20,灵武市,烟煤末,6.00,27.50,0.25,,5500.00,485.00,0.00,出厂价,3361,2017-10-20 00:00:00,1,0,2024-07-16 21:02:07,0,2024-07-16 21:02:07,,,
2017-10-20,灵武市,水洗36块,6.00,24.50,0.25,,6800.00,550.00,0.00,出厂价,3362,2017-10-20 00:00:00,1,0,2024-07-16 21:02:07,0,2024-07-16 21:02:07,,,
2017-10-19,灵武市,烟煤末,6.00,27.50,0.25,,5500.00,485.00,0.00,出厂价,3363,2017-10-19 00:00:00,1,0,2024-07-16 21:02:07,0,2024-07-16 21:02:07,,,
2017-10-19,灵武市,水洗36块,6.00,24.50,0.25,,6800.00,550.00,0.00,出厂价,3364,2017-10-19 00:00:00,1,0,2024-07-16 21:02:07,0,2024-07-16 21:02:07,,,
2017-10-18,灵武市,烟煤末,6.00,27.50,0.25,,5500.00,485.00,0.00,出厂价,3365,2017-10-18 00:00:00,1,0,2024-07-16 21:02:07,0,2024-07-16 21:02:07,,,
2017-10-18,灵武市,水洗36块,6.00,24.50,0.25,,6800.00,550.00,0.00,出厂价,3366,2017-10-18 00:00:00,1,0,2024-07-16 21:02:07,0,2024-07-16 21:02:07,,,
2017-10-17,灵武市,烟煤末,6.00,27.50,0.25,,5500.00,485.00,0.00,出厂价,3367,2017-10-17 00:00:00,1,0,2024-07-16 21:02:07,0,2024-07-16 21:02:07,,,
2017-10-17,灵武市,水洗36块,6.00,24.50,0.25,,6800.00,550.00,0.00,出厂价,3368,2017-10-17 00:00:00,1,0,2024-07-16 21:02:07,0,2024-07-16 21:02:07,,,
2017-10-16,灵武市,烟煤末,6.00,27.50,0.25,,5500.00,485.00,0.00,出厂价,3369,2017-10-16 00:00:00,1,0,2024-07-16 21:02:07,0,2024-07-16 21:02:07,,,
2017-10-16,灵武市,水洗36块,6.00,24.50,0.25,,6800.00,550.00,0.00,出厂价,3370,2017-10-16 00:00:00,1,0,2024-07-16 21:02:07,0,2024-07-16 21:02:07,,,
2017-10-13,灵武市,烟煤末,6.00,27.50,0.25,,5500.00,485.00,0.00,出厂价,3371,2017-10-13 00:00:00,1,0,2024-07-16 21:02:07,0,2024-07-16 21:02:07,,,
2017-10-13,灵武市,水洗36块,6.00,24.50,0.25,,6800.00,550.00,0.00,出厂价,3372,2017-10-13 00:00:00,1,0,2024-07-16 21:02:07,0,2024-07-16 21:02:07,,,
2017-10-12,灵武市,烟煤末,6.00,27.50,0.25,,5500.00,485.00,0.00,出厂价,3373,2017-10-12 00:00:00,1,0,2024-07-16 21:02:07,0,2024-07-16 21:02:07,,,
2017-10-12,灵武市,水洗36块,6.00,24.50,0.25,,6800.00,550.00,0.00,出厂价,3374,2017-10-12 00:00:00,1,0,2024-07-16 21:02:07,0,2024-07-16 21:02:07,,,
2017-10-11,灵武市,烟煤末,6.00,27.50,0.25,,5500.00,485.00,0.00,出厂价,3375,2017-10-11 00:00:00,1,0,2024-07-16 21:02:07,0,2024-07-16 21:02:07,,,
2017-10-11,灵武市,水洗36块,6.00,24.50,0.25,,6800.00,550.00,0.00,出厂价,3376,2017-10-11 00:00:00,1,0,2024-07-16 21:02:07,0,2024-07-16 21:02:07,,,
2017-10-10,灵武市,烟煤末,6.00,27.50,0.25,,5500.00,485.00,0.00,出厂价,3377,2017-10-10 00:00:00,1,0,2024-07-16 21:02:07,0,2024-07-16 21:02:07,,,
2017-10-10,灵武市,水洗36块,6.00,24.50,0.25,,6800.00,550.00,0.00,出厂价,3378,2017-10-10 00:00:00,1,0,2024-07-16 21:02:07,0,2024-07-16 21:02:07,,,
2017-10-09,灵武市,烟煤末,6.00,27.50,0.25,,5500.00,485.00,0.00,出厂价,3379,2017-10-09 00:00:00,1,0,2024-07-16 21:02:07,0,2024-07-16 21:02:07,,,
2017-10-09,灵武市,水洗36块,6.00,24.50,0.25,,6800.00,550.00,0.00,出厂价,3380,2017-10-09 00:00:00,1,0,2024-07-16 21:02:07,0,2024-07-16 21:02:07,,,
2017-09-30,灵武市,烟煤末,6.00,27.50,0.25,,5500.00,485.00,0.00,出厂价,3381,2017-09-30 00:00:00,1,0,2024-07-16 21:02:07,0,2024-07-16 21:02:07,,,
2017-09-30,灵武市,水洗36块,6.00,24.50,0.25,,6800.00,550.00,0.00,出厂价,3382,2017-09-30 00:00:00,1,0,2024-07-16 21:02:07,0,2024-07-16 21:02:07,,,
2017-09-29,灵武市,烟煤末,6.00,27.50,0.25,,5500.00,485.00,0.00,出厂价,3383,2017-09-29 00:00:00,1,0,2024-07-16 21:02:07,0,2024-07-16 21:02:07,,,
2017-09-29,灵武市,水洗36块,6.00,24.50,0.25,,6800.00,550.00,0.00,出厂价,3384,2017-09-29 00:00:00,1,0,2024-07-16 21:02:07,0,2024-07-16 21:02:07,,,
2017-09-28,灵武市,烟煤末,6.00,27.50,0.25,,5500.00,485.00,0.00,出厂价,3385,2017-09-28 00:00:00,1,0,2024-07-16 21:02:07,0,2024-07-16 21:02:07,,,
2017-09-28,灵武市,水洗36块,6.00,24.50,0.25,,6800.00,550.00,0.00,出厂价,3386,2017-09-28 00:00:00,1,0,2024-07-16 21:02:07,0,2024-07-16 21:02:07,,,
2017-09-27,灵武市,烟煤末,6.00,27.50,0.25,,5500.00,485.00,0.00,出厂价,3387,2017-09-27 00:00:00,1,0,2024-07-16 21:02:07,0,2024-07-16 21:02:07,,,
2017-09-27,灵武市,水洗36块,6.00,24.50,0.25,,6800.00,550.00,0.00,出厂价,3388,2017-09-27 00:00:00,1,0,2024-07-16 21:02:07,0,2024-07-16 21:02:07,,,
2017-09-26,灵武市,烟煤末,6.00,27.50,0.25,,5500.00,485.00,0.00,出厂价,3389,2017-09-26 00:00:00,1,0,2024-07-16 21:02:07,0,2024-07-16 21:02:07,,,
2017-09-26,灵武市,水洗36块,6.00,24.50,0.25,,6800.00,550.00,0.00,出厂价,3390,2017-09-26 00:00:00,1,0,2024-07-16 21:02:07,0,2024-07-16 21:02:07,,,
2017-09-25,灵武市,烟煤末,6.00,27.50,0.25,,5500.00,485.00,0.00,出厂价,3391,2017-09-25 00:00:00,1,0,2024-07-16 21:02:11,0,2024-07-16 21:02:11,,,
2017-09-25,灵武市,水洗36块,6.00,24.50,0.25,,6800.00,550.00,0.00,出厂价,3392,2017-09-25 00:00:00,1,0,2024-07-16 21:02:11,0,2024-07-16 21:02:11,,,
2017-09-22,灵武市,烟煤末,6.00,27.50,0.25,,5500.00,485.00,5.00,出厂价,3393,2017-09-22 00:00:00,1,0,2024-07-16 21:02:11,0,2024-07-16 21:02:11,,,
2017-09-22,灵武市,水洗36块,6.00,24.50,0.25,,6800.00,550.00,20.00,出厂价,3394,2017-09-22 00:00:00,1,0,2024-07-16 21:02:11,0,2024-07-16 21:02:11,,,
2017-09-21,灵武市,烟煤末,6.00,27.50,0.25,,5500.00,480.00,0.00,出厂价,3395,2017-09-21 00:00:00,1,0,2024-07-16 21:02:11,0,2024-07-16 21:02:11,,,
2017-09-21,灵武市,水洗36块,6.00,24.50,0.25,,6800.00,530.00,0.00,出厂价,3396,2017-09-21 00:00:00,1,0,2024-07-16 21:02:11,0,2024-07-16 21:02:11,,,
2017-09-20,灵武市,烟煤末,6.00,27.50,0.25,,5500.00,480.00,0.00,出厂价,3397,2017-09-20 00:00:00,1,0,2024-07-16 21:02:11,0,2024-07-16 21:02:11,,,
2017-09-20,灵武市,水洗36块,6.00,24.50,0.25,,6800.00,530.00,0.00,出厂价,3398,2017-09-20 00:00:00,1,0,2024-07-16 21:02:11,0,2024-07-16 21:02:11,,,
2017-09-19,灵武市,烟煤末,6.00,27.50,0.25,,5500.00,480.00,0.00,出厂价,3399,2017-09-19 00:00:00,1,0,2024-07-16 21:02:11,0,2024-07-16 21:02:11,,,
2017-09-19,灵武市,水洗36块,6.00,24.50,0.25,,6800.00,530.00,0.00,出厂价,3400,2017-09-19 00:00:00,1,0,2024-07-16 21:02:11,0,2024-07-16 21:02:11,,,
2017-09-18,灵武市,烟煤末,6.00,27.50,0.25,,5500.00,480.00,10.00,出厂价,3401,2017-09-18 00:00:00,1,0,2024-07-16 21:02:11,0,2024-07-16 21:02:11,,,
2017-09-18,灵武市,水洗36块,6.00,24.50,0.25,,6800.00,530.00,0.00,出厂价,3402,2017-09-18 00:00:00,1,0,2024-07-16 21:02:11,0,2024-07-16 21:02:11,,,
2017-09-15,灵武市,烟煤末,6.00,27.50,0.25,,5500.00,470.00,5.00,出厂价,3403,2017-09-15 00:00:00,1,0,2024-07-16 21:02:11,0,2024-07-16 21:02:11,,,
2017-09-15,灵武市,水洗36块,6.00,24.50,0.25,,6800.00,530.00,10.00,出厂价,3404,2017-09-15 00:00:00,1,0,2024-07-16 21:02:11,0,2024-07-16 21:02:11,,,
2017-09-14,灵武市,烟煤末,6.00,27.50,0.25,,5500.00,465.00,0.00,出厂价,3405,2017-09-14 00:00:00,1,0,2024-07-16 21:02:11,0,2024-07-16 21:02:11,,,
2017-09-14,灵武市,水洗36块,6.00,24.50,0.25,,6800.00,520.00,0.00,出厂价,3406,2017-09-14 00:00:00,1,0,2024-07-16 21:02:11,0,2024-07-16 21:02:11,,,
2017-09-13,灵武市,烟煤末,6.00,27.50,0.25,,5500.00,465.00,0.00,出厂价,3407,2017-09-13 00:00:00,1,0,2024-07-16 21:02:11,0,2024-07-16 21:02:11,,,
2017-09-13,灵武市,水洗36块,6.00,24.50,0.25,,6800.00,520.00,0.00,出厂价,3408,2017-09-13 00:00:00,1,0,2024-07-16 21:02:11,0,2024-07-16 21:02:11,,,
2017-09-12,灵武市,烟煤末,6.00,27.50,0.25,,5500.00,465.00,0.00,出厂价,3409,2017-09-12 00:00:00,1,0,2024-07-16 21:02:11,0,2024-07-16 21:02:11,,,
2017-09-12,灵武市,水洗36块,6.00,24.50,0.25,,6800.00,520.00,0.00,出厂价,3410,2017-09-12 00:00:00,1,0,2024-07-16 21:02:11,0,2024-07-16 21:02:11,,,
2017-09-11,灵武市,烟煤末,6.00,27.50,0.25,,5500.00,465.00,0.00,出厂价,3411,2017-09-11 00:00:00,1,0,2024-07-16 21:02:11,0,2024-07-16 21:02:11,,,
2017-09-11,灵武市,水洗36块,6.00,24.50,0.25,,6800.00,520.00,0.00,出厂价,3412,2017-09-11 00:00:00,1,0,2024-07-16 21:02:11,0,2024-07-16 21:02:11,,,
2017-09-08,灵武市,烟煤末,6.00,27.50,0.25,,5500.00,465.00,5.00,出厂价,3413,2017-09-08 00:00:00,1,0,2024-07-16 21:02:11,0,2024-07-16 21:02:11,,,
2017-09-08,灵武市,水洗36块,6.00,24.50,0.25,,6800.00,520.00,0.00,出厂价,3414,2017-09-08 00:00:00,1,0,2024-07-16 21:02:11,0,2024-07-16 21:02:11,,,
2017-09-07,灵武市,烟煤末,6.00,27.50,0.25,,5500.00,460.00,0.00,出厂价,3415,2017-09-07 00:00:00,1,0,2024-07-16 21:02:11,0,2024-07-16 21:02:11,,,
2017-09-07,灵武市,水洗36块,6.00,24.50,0.25,,6800.00,520.00,10.00,出厂价,3416,2017-09-07 00:00:00,1,0,2024-07-16 21:02:11,0,2024-07-16 21:02:11,,,
2017-09-06,灵武市,烟煤末,6.00,27.50,0.25,,5500.00,460.00,0.00,出厂价,3417,2017-09-06 00:00:00,1,0,2024-07-16 21:02:11,0,2024-07-16 21:02:11,,,
2017-09-06,灵武市,水洗36块,6.00,24.50,0.25,,6800.00,510.00,0.00,出厂价,3418,2017-09-06 00:00:00,1,0,2024-07-16 21:02:11,0,2024-07-16 21:02:11,,,
2017-09-05,灵武市,烟煤末,6.00,27.50,0.25,,5500.00,460.00,0.00,出厂价,3419,2017-09-05 00:00:00,1,0,2024-07-16 21:02:11,0,2024-07-16 21:02:11,,,
2017-09-05,灵武市,水洗36块,6.00,24.50,0.25,,6800.00,510.00,0.00,出厂价,3420,2017-09-05 00:00:00,1,0,2024-07-16 21:02:11,0,2024-07-16 21:02:11,,,
2017-09-04,灵武市,烟煤末,6.00,27.50,0.25,,5500.00,460.00,0.00,出厂价,3421,2017-09-04 00:00:00,1,0,2024-07-16 21:02:15,0,2024-07-16 21:02:15,,,
2017-09-04,灵武市,水洗36块,6.00,24.50,0.25,,6800.00,510.00,0.00,出厂价,3422,2017-09-04 00:00:00,1,0,2024-07-16 21:02:15,0,2024-07-16 21:02:15,,,
2017-09-01,灵武市,烟煤末,6.00,27.50,0.25,,5500.00,460.00,0.00,出厂价,3423,2017-09-01 00:00:00,1,0,2024-07-16 21:02:15,0,2024-07-16 21:02:15,,,
2017-09-01,灵武市,水洗36块,6.00,24.50,0.25,,6800.00,510.00,0.00,出厂价,3424,2017-09-01 00:00:00,1,0,2024-07-16 21:02:15,0,2024-07-16 21:02:15,,,
2017-08-31,灵武市,烟煤末,6.00,27.50,0.25,,5500.00,460.00,0.00,出厂价,3425,2017-08-31 00:00:00,1,0,2024-07-16 21:02:15,0,2024-07-16 21:02:15,,,
2017-08-31,灵武市,水洗36块,6.00,24.50,0.25,,6800.00,510.00,0.00,出厂价,3426,2017-08-31 00:00:00,1,0,2024-07-16 21:02:15,0,2024-07-16 21:02:15,,,
2017-08-30,灵武市,烟煤末,6.00,27.50,0.25,,5500.00,460.00,0.00,出厂价,3427,2017-08-30 00:00:00,1,0,2024-07-16 21:02:15,0,2024-07-16 21:02:15,,,
2017-08-30,灵武市,水洗36块,6.00,24.50,0.25,,6800.00,510.00,0.00,出厂价,3428,2017-08-30 00:00:00,1,0,2024-07-16 21:02:15,0,2024-07-16 21:02:15,,,
2017-08-29,灵武市,烟煤末,6.00,27.50,0.25,,5500.00,460.00,0.00,出厂价,3429,2017-08-29 00:00:00,1,0,2024-07-16 21:02:15,0,2024-07-16 21:02:15,,,
2017-08-29,灵武市,水洗36块,6.00,24.50,0.25,,6800.00,510.00,0.00,出厂价,3430,2017-08-29 00:00:00,1,0,2024-07-16 21:02:15,0,2024-07-16 21:02:15,,,
2017-08-28,灵武市,烟煤末,6.00,27.50,0.25,,5500.00,460.00,0.00,出厂价,3431,2017-08-28 00:00:00,1,0,2024-07-16 21:02:15,0,2024-07-16 21:02:15,,,
2017-08-28,灵武市,水洗36块,6.00,24.50,0.25,,6800.00,510.00,0.00,出厂价,3432,2017-08-28 00:00:00,1,0,2024-07-16 21:02:15,0,2024-07-16 21:02:15,,,
2017-08-25,灵武市,烟煤末,6.00,27.50,0.25,,5500.00,460.00,0.00,出厂价,3433,2017-08-25 00:00:00,1,0,2024-07-16 21:02:15,0,2024-07-16 21:02:15,,,
2017-08-25,灵武市,水洗36块,6.00,24.50,0.25,,6800.00,510.00,0.00,出厂价,3434,2017-08-25 00:00:00,1,0,2024-07-16 21:02:15,0,2024-07-16 21:02:15,,,
2017-08-24,灵武市,烟煤末,6.00,27.50,0.25,,5500.00,460.00,0.00,出厂价,3435,2017-08-24 00:00:00,1,0,2024-07-16 21:02:15,0,2024-07-16 21:02:15,,,
2017-08-24,灵武市,水洗36块,6.00,24.50,0.25,,6800.00,510.00,0.00,出厂价,3436,2017-08-24 00:00:00,1,0,2024-07-16 21:02:15,0,2024-07-16 21:02:15,,,
2017-08-23,灵武市,烟煤末,6.00,27.50,0.25,,5500.00,460.00,0.00,出厂价,3437,2017-08-23 00:00:00,1,0,2024-07-16 21:02:15,0,2024-07-16 21:02:15,,,
2017-08-23,灵武市,水洗36块,6.00,24.50,0.25,,6800.00,510.00,0.00,出厂价,3438,2017-08-23 00:00:00,1,0,2024-07-16 21:02:15,0,2024-07-16 21:02:15,,,
2017-08-22,灵武市,烟煤末,6.00,27.50,0.25,,5500.00,460.00,0.00,出厂价,3439,2017-08-22 00:00:00,1,0,2024-07-16 21:02:15,0,2024-07-16 21:02:15,,,
2017-08-22,灵武市,水洗36块,6.00,24.50,0.25,,6800.00,510.00,0.00,出厂价,3440,2017-08-22 00:00:00,1,0,2024-07-16 21:02:15,0,2024-07-16 21:02:15,,,
2017-08-21,灵武市,烟煤末,6.00,27.50,0.25,,5500.00,460.00,0.00,出厂价,3441,2017-08-21 00:00:00,1,0,2024-07-16 21:02:15,0,2024-07-16 21:02:15,,,
2017-08-21,灵武市,水洗36块,6.00,24.50,0.25,,6800.00,510.00,0.00,出厂价,3442,2017-08-21 00:00:00,1,0,2024-07-16 21:02:15,0,2024-07-16 21:02:15,,,
2017-08-18,灵武市,烟煤末,6.00,27.50,0.25,,5500.00,460.00,0.00,出厂价,3443,2017-08-18 00:00:00,1,0,2024-07-16 21:02:15,0,2024-07-16 21:02:15,,,
2017-08-18,灵武市,水洗36块,6.00,24.50,0.25,,6800.00,510.00,0.00,出厂价,3444,2017-08-18 00:00:00,1,0,2024-07-16 21:02:15,0,2024-07-16 21:02:15,,,
2017-08-17,灵武市,烟煤末,6.00,27.50,0.25,,5500.00,460.00,0.00,出厂价,3445,2017-08-17 00:00:00,1,0,2024-07-16 21:02:15,0,2024-07-16 21:02:15,,,
2017-08-17,灵武市,水洗36块,6.00,24.50,0.25,,6800.00,510.00,0.00,出厂价,3446,2017-08-17 00:00:00,1,0,2024-07-16 21:02:15,0,2024-07-16 21:02:15,,,
2017-08-16,灵武市,烟煤末,6.00,27.50,0.25,,5500.00,460.00,0.00,出厂价,3447,2017-08-16 00:00:00,1,0,2024-07-16 21:02:15,0,2024-07-16 21:02:15,,,
2017-08-16,灵武市,水洗36块,6.00,24.50,0.25,,6800.00,510.00,0.00,出厂价,3448,2017-08-16 00:00:00,1,0,2024-07-16 21:02:15,0,2024-07-16 21:02:15,,,
2017-08-15,灵武市,烟煤末,6.00,27.50,0.25,,5500.00,460.00,0.00,出厂价,3449,2017-08-15 00:00:00,1,0,2024-07-16 21:02:15,0,2024-07-16 21:02:15,,,
2017-08-15,灵武市,水洗36块,6.00,24.50,0.25,,6800.00,510.00,0.00,出厂价,3450,2017-08-15 00:00:00,1,0,2024-07-16 21:02:15,0,2024-07-16 21:02:15,,,
2017-08-14,灵武市,烟煤末,6.00,27.50,0.25,,5500.00,460.00,0.00,出厂价,3451,2017-08-14 00:00:00,1,0,2024-07-16 21:02:18,0,2024-07-16 21:02:18,,,
2017-08-14,灵武市,水洗36块,6.00,24.50,0.25,,6800.00,510.00,0.00,出厂价,3452,2017-08-14 00:00:00,1,0,2024-07-16 21:02:18,0,2024-07-16 21:02:18,,,
2017-08-11,灵武市,烟煤末,6.00,27.50,0.25,,5500.00,460.00,0.00,出厂价,3453,2017-08-11 00:00:00,1,0,2024-07-16 21:02:18,0,2024-07-16 21:02:18,,,
2017-08-11,灵武市,水洗36块,6.00,24.50,0.25,,6800.00,510.00,0.00,出厂价,3454,2017-08-11 00:00:00,1,0,2024-07-16 21:02:18,0,2024-07-16 21:02:18,,,
2017-08-10,灵武市,烟煤末,6.00,27.50,0.25,,5500.00,460.00,0.00,出厂价,3455,2017-08-10 00:00:00,1,0,2024-07-16 21:02:18,0,2024-07-16 21:02:18,,,
2017-08-10,灵武市,水洗36块,6.00,24.50,0.25,,6800.00,510.00,0.00,出厂价,3456,2017-08-10 00:00:00,1,0,2024-07-16 21:02:18,0,2024-07-16 21:02:18,,,
2017-08-09,灵武市,烟煤末,6.00,27.50,0.25,,5500.00,460.00,0.00,出厂价,3457,2017-08-09 00:00:00,1,0,2024-07-16 21:02:18,0,2024-07-16 21:02:18,,,
2017-08-09,灵武市,水洗36块,6.00,24.50,0.25,,6800.00,510.00,0.00,出厂价,3458,2017-08-09 00:00:00,1,0,2024-07-16 21:02:18,0,2024-07-16 21:02:18,,,
2017-08-08,灵武市,烟煤末,6.00,27.50,0.25,,5500.00,460.00,0.00,出厂价,3459,2017-08-08 00:00:00,1,0,2024-07-16 21:02:18,0,2024-07-16 21:02:18,,,
2017-08-08,灵武市,水洗36块,6.00,24.50,0.25,,6800.00,510.00,0.00,出厂价,3460,2017-08-08 00:00:00,1,0,2024-07-16 21:02:18,0,2024-07-16 21:02:18,,,
2017-08-07,灵武市,烟煤末,6.00,27.50,0.25,,5500.00,460.00,0.00,出厂价,3461,2017-08-07 00:00:00,1,0,2024-07-16 21:02:18,0,2024-07-16 21:02:18,,,
2017-08-07,灵武市,水洗36块,6.00,24.50,0.25,,6800.00,510.00,0.00,出厂价,3462,2017-08-07 00:00:00,1,0,2024-07-16 21:02:18,0,2024-07-16 21:02:18,,,
2017-08-04,灵武市,烟煤末,6.00,27.50,0.25,,5500.00,460.00,0.00,出厂价,3463,2017-08-04 00:00:00,1,0,2024-07-16 21:02:18,0,2024-07-16 21:02:18,,,
2017-08-04,灵武市,水洗36块,6.00,24.50,0.25,,6800.00,510.00,0.00,出厂价,3464,2017-08-04 00:00:00,1,0,2024-07-16 21:02:18,0,2024-07-16 21:02:18,,,
2017-08-03,灵武市,烟煤末,6.00,27.50,0.25,,5500.00,460.00,0.00,出厂价,3465,2017-08-03 00:00:00,1,0,2024-07-16 21:02:18,0,2024-07-16 21:02:18,,,
2017-08-03,灵武市,水洗36块,6.00,24.50,0.25,,6800.00,510.00,0.00,出厂价,3466,2017-08-03 00:00:00,1,0,2024-07-16 21:02:18,0,2024-07-16 21:02:18,,,
2017-08-02,灵武市,烟煤末,6.00,27.50,0.25,,5500.00,460.00,0.00,出厂价,3467,2017-08-02 00:00:00,1,0,2024-07-16 21:02:18,0,2024-07-16 21:02:18,,,
2017-08-02,灵武市,水洗36块,6.00,24.50,0.25,,6800.00,510.00,0.00,出厂价,3468,2017-08-02 00:00:00,1,0,2024-07-16 21:02:18,0,2024-07-16 21:02:18,,,
2017-08-01,灵武市,烟煤末,6.00,27.50,0.25,,5500.00,460.00,0.00,出厂价,3469,2017-08-01 00:00:00,1,0,2024-07-16 21:02:18,0,2024-07-16 21:02:18,,,
2017-08-01,灵武市,水洗36块,6.00,24.50,0.25,,6800.00,510.00,0.00,出厂价,3470,2017-08-01 00:00:00,1,0,2024-07-16 21:02:18,0,2024-07-16 21:02:18,,,
2017-07-31,灵武市,烟煤末,6.00,27.50,0.25,,5500.00,460.00,0.00,出厂价,3471,2017-07-31 00:00:00,1,0,2024-07-16 21:02:18,0,2024-07-16 21:02:18,,,
2017-07-31,灵武市,水洗36块,6.00,24.50,0.25,,6800.00,510.00,0.00,出厂价,3472,2017-07-31 00:00:00,1,0,2024-07-16 21:02:18,0,2024-07-16 21:02:18,,,
2017-07-28,灵武市,烟煤末,6.00,27.50,0.25,,5500.00,460.00,0.00,出厂价,3473,2017-07-28 00:00:00,1,0,2024-07-16 21:02:18,0,2024-07-16 21:02:18,,,
2017-07-28,灵武市,水洗36块,6.00,24.50,0.25,,6800.00,510.00,0.00,出厂价,3474,2017-07-28 00:00:00,1,0,2024-07-16 21:02:18,0,2024-07-16 21:02:18,,,
2017-07-27,灵武市,烟煤末,6.00,27.50,0.25,,5500.00,460.00,5.00,出厂价,3475,2017-07-27 00:00:00,1,0,2024-07-16 21:02:18,0,2024-07-16 21:02:18,,,
2017-07-27,灵武市,水洗36块,6.00,24.50,0.25,,6800.00,510.00,0.00,出厂价,3476,2017-07-27 00:00:00,1,0,2024-07-16 21:02:18,0,2024-07-16 21:02:18,,,
2017-07-26,灵武市,烟煤末,6.00,27.50,0.25,,5500.00,455.00,5.00,出厂价,3477,2017-07-26 00:00:00,1,0,2024-07-16 21:02:18,0,2024-07-16 21:02:18,,,
2017-07-26,灵武市,水洗36块,6.00,24.50,0.25,,6800.00,510.00,0.00,出厂价,3478,2017-07-26 00:00:00,1,0,2024-07-16 21:02:18,0,2024-07-16 21:02:18,,,
2017-07-25,灵武市,烟煤末,6.00,27.50,0.25,,5500.00,450.00,0.00,出厂价,3479,2017-07-25 00:00:00,1,0,2024-07-16 21:02:18,0,2024-07-16 21:02:18,,,
2017-07-25,灵武市,水洗36块,6.00,24.50,0.25,,6800.00,510.00,0.00,出厂价,3480,2017-07-25 00:00:00,1,0,2024-07-16 21:02:18,0,2024-07-16 21:02:18,,,
2017-07-24,灵武市,烟煤末,6.00,27.50,0.25,,5500.00,450.00,0.00,出厂价,3481,2017-07-24 00:00:00,1,0,2024-07-16 21:02:21,0,2024-07-16 21:02:21,,,
2017-07-24,灵武市,水洗36块,6.00,24.50,0.25,,6800.00,510.00,0.00,出厂价,3482,2017-07-24 00:00:00,1,0,2024-07-16 21:02:21,0,2024-07-16 21:02:21,,,
2017-07-21,灵武市,烟煤末,6.00,27.50,0.25,,5500.00,450.00,0.00,出厂价,3483,2017-07-21 00:00:00,1,0,2024-07-16 21:02:21,0,2024-07-16 21:02:21,,,
2017-07-21,灵武市,水洗36块,6.00,24.50,0.25,,6800.00,510.00,0.00,出厂价,3484,2017-07-21 00:00:00,1,0,2024-07-16 21:02:21,0,2024-07-16 21:02:21,,,
2017-07-20,灵武市,烟煤末,6.00,27.50,0.25,,5500.00,450.00,0.00,出厂价,3485,2017-07-20 00:00:00,1,0,2024-07-16 21:02:21,0,2024-07-16 21:02:21,,,
2017-07-20,灵武市,水洗36块,6.00,24.50,0.25,,6800.00,510.00,0.00,出厂价,3486,2017-07-20 00:00:00,1,0,2024-07-16 21:02:21,0,2024-07-16 21:02:21,,,
2017-07-19,灵武市,烟煤末,6.00,27.50,0.25,,5500.00,450.00,0.00,出厂价,3487,2017-07-19 00:00:00,1,0,2024-07-16 21:02:21,0,2024-07-16 21:02:21,,,
2017-07-19,灵武市,水洗36块,6.00,24.50,0.25,,6800.00,510.00,0.00,出厂价,3488,2017-07-19 00:00:00,1,0,2024-07-16 21:02:21,0,2024-07-16 21:02:21,,,
2017-07-18,灵武市,烟煤末,6.00,27.50,0.25,,5500.00,450.00,0.00,出厂价,3489,2017-07-18 00:00:00,1,0,2024-07-16 21:02:21,0,2024-07-16 21:02:21,,,
2017-07-18,灵武市,水洗36块,6.00,24.50,0.25,,6800.00,510.00,0.00,出厂价,3490,2017-07-18 00:00:00,1,0,2024-07-16 21:02:21,0,2024-07-16 21:02:21,,,
2017-07-17,灵武市,烟煤末,6.00,27.50,0.25,,5500.00,450.00,0.00,出厂价,3491,2017-07-17 00:00:00,1,0,2024-07-16 21:02:21,0,2024-07-16 21:02:21,,,
2017-07-17,灵武市,水洗36块,6.00,24.50,0.25,,6800.00,510.00,0.00,出厂价,3492,2017-07-17 00:00:00,1,0,2024-07-16 21:02:21,0,2024-07-16 21:02:21,,,
2017-07-14,灵武市,烟煤末,6.00,27.50,0.25,,5500.00,450.00,0.00,出厂价,3493,2017-07-14 00:00:00,1,0,2024-07-16 21:02:21,0,2024-07-16 21:02:21,,,
2017-07-14,灵武市,水洗36块,6.00,24.50,0.25,,6800.00,510.00,0.00,出厂价,3494,2017-07-14 00:00:00,1,0,2024-07-16 21:02:21,0,2024-07-16 21:02:21,,,
2017-07-13,灵武市,烟煤末,6.00,27.50,0.25,,5500.00,450.00,0.00,出厂价,3495,2017-07-13 00:00:00,1,0,2024-07-16 21:02:21,0,2024-07-16 21:02:21,,,
2017-07-13,灵武市,水洗36块,6.00,24.50,0.25,,6800.00,510.00,0.00,出厂价,3496,2017-07-13 00:00:00,1,0,2024-07-16 21:02:21,0,2024-07-16 21:02:21,,,
2017-07-12,灵武市,烟煤末,6.00,27.50,0.25,,5500.00,450.00,0.00,出厂价,3497,2017-07-12 00:00:00,1,0,2024-07-16 21:02:21,0,2024-07-16 21:02:21,,,
2017-07-12,灵武市,水洗36块,6.00,24.50,0.25,,6800.00,510.00,0.00,出厂价,3498,2017-07-12 00:00:00,1,0,2024-07-16 21:02:21,0,2024-07-16 21:02:21,,,
2017-07-11,灵武市,烟煤末,6.00,27.50,0.25,,5500.00,450.00,20.00,出厂价,3499,2017-07-11 00:00:00,1,0,2024-07-16 21:02:21,0,2024-07-16 21:02:21,,,
2017-07-11,灵武市,水洗36块,6.00,24.50,0.25,,6800.00,510.00,40.00,出厂价,3500,2017-07-11 00:00:00,1,0,2024-07-16 21:02:21,0,2024-07-16 21:02:21,,,
2017-07-10,灵武市,烟煤末,6.00,27.50,0.25,,5500.00,430.00,0.00,出厂价,3501,2017-07-10 00:00:00,1,0,2024-07-16 21:02:21,0,2024-07-16 21:02:21,,,
2017-07-10,灵武市,水洗36块,6.00,24.50,0.25,,6800.00,470.00,0.00,出厂价,3502,2017-07-10 00:00:00,1,0,2024-07-16 21:02:21,0,2024-07-16 21:02:21,,,
2017-07-07,灵武市,烟煤末,6.00,27.50,0.25,,5500.00,430.00,0.00,出厂价,3503,2017-07-07 00:00:00,1,0,2024-07-16 21:02:21,0,2024-07-16 21:02:21,,,
2017-07-07,灵武市,水洗36块,6.00,24.50,0.25,,6800.00,470.00,0.00,出厂价,3504,2017-07-07 00:00:00,1,0,2024-07-16 21:02:21,0,2024-07-16 21:02:21,,,
2017-07-06,灵武市,烟煤末,6.00,27.50,0.25,,5500.00,430.00,0.00,出厂价,3505,2017-07-06 00:00:00,1,0,2024-07-16 21:02:21,0,2024-07-16 21:02:21,,,
2017-07-06,灵武市,水洗36块,6.00,24.50,0.25,,6800.00,470.00,0.00,出厂价,3506,2017-07-06 00:00:00,1,0,2024-07-16 21:02:21,0,2024-07-16 21:02:21,,,
2017-07-05,灵武市,烟煤末,6.00,27.50,0.25,,5500.00,430.00,0.00,出厂价,3507,2017-07-05 00:00:00,1,0,2024-07-16 21:02:21,0,2024-07-16 21:02:21,,,
2017-07-05,灵武市,水洗36块,6.00,24.50,0.25,,6800.00,470.00,0.00,出厂价,3508,2017-07-05 00:00:00,1,0,2024-07-16 21:02:21,0,2024-07-16 21:02:21,,,
2017-07-04,灵武市,烟煤末,6.00,27.50,0.25,,5500.00,430.00,0.00,出厂价,3509,2017-07-04 00:00:00,1,0,2024-07-16 21:02:21,0,2024-07-16 21:02:21,,,
2017-07-04,灵武市,水洗36块,6.00,24.50,0.25,,6800.00,470.00,0.00,出厂价,3510,2017-07-04 00:00:00,1,0,2024-07-16 21:02:21,0,2024-07-16 21:02:21,,,
2017-07-03,灵武市,烟煤末,6.00,27.50,0.25,,5500.00,430.00,0.00,出厂价,3511,2017-07-03 00:00:00,1,0,2024-07-16 21:02:24,0,2024-07-16 21:02:24,,,
2017-07-03,灵武市,水洗36块,6.00,24.50,0.25,,6800.00,470.00,0.00,出厂价,3512,2017-07-03 00:00:00,1,0,2024-07-16 21:02:24,0,2024-07-16 21:02:24,,,
2017-06-30,灵武市,烟煤末,6.00,27.50,0.25,,5500.00,430.00,0.00,出厂价,3513,2017-06-30 00:00:00,1,0,2024-07-16 21:02:24,0,2024-07-16 21:02:24,,,
2017-06-30,灵武市,水洗36块,6.00,24.50,0.25,,6800.00,470.00,0.00,出厂价,3514,2017-06-30 00:00:00,1,0,2024-07-16 21:02:24,0,2024-07-16 21:02:24,,,
2017-06-29,灵武市,烟煤末,6.00,27.50,0.25,,5500.00,430.00,0.00,出厂价,3515,2017-06-29 00:00:00,1,0,2024-07-16 21:02:24,0,2024-07-16 21:02:24,,,
2017-06-29,灵武市,水洗36块,6.00,24.50,0.25,,6800.00,470.00,0.00,出厂价,3516,2017-06-29 00:00:00,1,0,2024-07-16 21:02:24,0,2024-07-16 21:02:24,,,
2017-06-28,灵武市,烟煤末,6.00,27.50,0.25,,5500.00,430.00,0.00,出厂价,3517,2017-06-28 00:00:00,1,0,2024-07-16 21:02:24,0,2024-07-16 21:02:24,,,
2017-06-28,灵武市,水洗36块,6.00,24.50,0.25,,6800.00,470.00,0.00,出厂价,3518,2017-06-28 00:00:00,1,0,2024-07-16 21:02:24,0,2024-07-16 21:02:24,,,
2017-06-27,灵武市,烟煤末,6.00,27.50,0.25,,5500.00,430.00,0.00,出厂价,3519,2017-06-27 00:00:00,1,0,2024-07-16 21:02:24,0,2024-07-16 21:02:24,,,
2017-06-27,灵武市,水洗36块,6.00,24.50,0.25,,6800.00,470.00,0.00,出厂价,3520,2017-06-27 00:00:00,1,0,2024-07-16 21:02:24,0,2024-07-16 21:02:24,,,
2017-06-26,灵武市,烟煤末,6.00,27.50,0.25,,5500.00,430.00,0.00,出厂价,3521,2017-06-26 00:00:00,1,0,2024-07-16 21:02:24,0,2024-07-16 21:02:24,,,
2017-06-26,灵武市,水洗36块,6.00,24.50,0.25,,6800.00,470.00,0.00,出厂价,3522,2017-06-26 00:00:00,1,0,2024-07-16 21:02:24,0,2024-07-16 21:02:24,,,
2017-06-23,灵武市,烟煤末,6.00,27.50,0.25,,5500.00,430.00,0.00,出厂价,3523,2017-06-23 00:00:00,1,0,2024-07-16 21:02:24,0,2024-07-16 21:02:24,,,
2017-06-23,灵武市,水洗36块,6.00,24.50,0.25,,6800.00,470.00,0.00,出厂价,3524,2017-06-23 00:00:00,1,0,2024-07-16 21:02:24,0,2024-07-16 21:02:24,,,
2017-06-22,灵武市,烟煤末,6.00,27.50,0.25,,5500.00,430.00,0.00,出厂价,3525,2017-06-22 00:00:00,1,0,2024-07-16 21:02:24,0,2024-07-16 21:02:24,,,
2017-06-22,灵武市,水洗36块,6.00,24.50,0.25,,6800.00,470.00,0.00,出厂价,3526,2017-06-22 00:00:00,1,0,2024-07-16 21:02:24,0,2024-07-16 21:02:24,,,
2017-06-21,灵武市,烟煤末,6.00,27.50,0.25,,5500.00,430.00,0.00,出厂价,3527,2017-06-21 00:00:00,1,0,2024-07-16 21:02:24,0,2024-07-16 21:02:24,,,
2017-06-21,灵武市,水洗36块,6.00,24.50,0.25,,6800.00,470.00,0.00,出厂价,3528,2017-06-21 00:00:00,1,0,2024-07-16 21:02:24,0,2024-07-16 21:02:24,,,
2017-06-20,灵武市,烟煤末,6.00,27.50,0.25,,5500.00,430.00,5.00,出厂价,3529,2017-06-20 00:00:00,1,0,2024-07-16 21:02:24,0,2024-07-16 21:02:24,,,
2017-06-20,灵武市,水洗36块,6.00,24.50,0.25,,6800.00,470.00,0.00,出厂价,3530,2017-06-20 00:00:00,1,0,2024-07-16 21:02:24,0,2024-07-16 21:02:24,,,
2017-06-19,灵武市,烟煤末,6.00,27.50,0.25,,5500.00,425.00,0.00,出厂价,3531,2017-06-19 00:00:00,1,0,2024-07-16 21:02:24,0,2024-07-16 21:02:24,,,
2017-06-19,灵武市,水洗36块,6.00,24.50,0.25,,6800.00,470.00,0.00,出厂价,3532,2017-06-19 00:00:00,1,0,2024-07-16 21:02:24,0,2024-07-16 21:02:24,,,
2017-06-16,灵武市,烟煤末,6.00,27.50,0.25,,5500.00,425.00,15.00,出厂价,3533,2017-06-16 00:00:00,1,0,2024-07-16 21:02:24,0,2024-07-16 21:02:24,,,
2017-06-16,灵武市,水洗36块,6.00,24.50,0.25,,6800.00,470.00,10.00,出厂价,3534,2017-06-16 00:00:00,1,0,2024-07-16 21:02:24,0,2024-07-16 21:02:24,,,
2017-06-15,灵武市,烟煤末,6.00,27.50,0.25,,5500.00,410.00,0.00,出厂价,3535,2017-06-15 00:00:00,1,0,2024-07-16 21:02:24,0,2024-07-16 21:02:24,,,
2017-06-15,灵武市,水洗36块,6.00,24.50,0.25,,6800.00,460.00,0.00,出厂价,3536,2017-06-15 00:00:00,1,0,2024-07-16 21:02:24,0,2024-07-16 21:02:24,,,
2017-06-14,灵武市,烟煤末,6.00,27.50,0.25,,5500.00,410.00,0.00,出厂价,3537,2017-06-14 00:00:00,1,0,2024-07-16 21:02:24,0,2024-07-16 21:02:24,,,
2017-06-14,灵武市,水洗36块,6.00,24.50,0.25,,6800.00,460.00,0.00,出厂价,3538,2017-06-14 00:00:00,1,0,2024-07-16 21:02:24,0,2024-07-16 21:02:24,,,
2017-06-13,灵武市,烟煤末,6.00,27.50,0.25,,5500.00,410.00,0.00,出厂价,3539,2017-06-13 00:00:00,1,0,2024-07-16 21:02:24,0,2024-07-16 21:02:24,,,
2017-06-13,灵武市,水洗36块,6.00,24.50,0.25,,6800.00,460.00,0.00,出厂价,3540,2017-06-13 00:00:00,1,0,2024-07-16 21:02:24,0,2024-07-16 21:02:24,,,
2017-06-12,灵武市,烟煤末,6.00,27.50,0.25,,5500.00,410.00,0.00,出厂价,3541,2017-06-12 00:00:00,1,0,2024-07-16 21:02:28,0,2024-07-16 21:02:28,,,
2017-06-12,灵武市,水洗36块,6.00,24.50,0.25,,6800.00,460.00,0.00,出厂价,3542,2017-06-12 00:00:00,1,0,2024-07-16 21:02:28,0,2024-07-16 21:02:28,,,
2017-06-09,灵武市,烟煤末,6.00,27.50,0.25,,5500.00,410.00,0.00,出厂价,3543,2017-06-09 00:00:00,1,0,2024-07-16 21:02:28,0,2024-07-16 21:02:28,,,
2017-06-09,灵武市,水洗36块,6.00,24.50,0.25,,6800.00,460.00,0.00,出厂价,3544,2017-06-09 00:00:00,1,0,2024-07-16 21:02:28,0,2024-07-16 21:02:28,,,
2017-06-08,灵武市,烟煤末,6.00,27.50,0.25,,5500.00,410.00,0.00,出厂价,3545,2017-06-08 00:00:00,1,0,2024-07-16 21:02:28,0,2024-07-16 21:02:28,,,
2017-06-08,灵武市,水洗36块,6.00,24.50,0.25,,6800.00,460.00,0.00,出厂价,3546,2017-06-08 00:00:00,1,0,2024-07-16 21:02:28,0,2024-07-16 21:02:28,,,
2017-06-07,灵武市,烟煤末,6.00,27.50,0.25,,5500.00,410.00,0.00,出厂价,3547,2017-06-07 00:00:00,1,0,2024-07-16 21:02:28,0,2024-07-16 21:02:28,,,
2017-06-07,灵武市,水洗36块,6.00,24.50,0.25,,6800.00,460.00,0.00,出厂价,3548,2017-06-07 00:00:00,1,0,2024-07-16 21:02:28,0,2024-07-16 21:02:28,,,
2017-06-06,灵武市,烟煤末,6.00,27.50,0.25,,5500.00,410.00,-15.00,出厂价,3549,2017-06-06 00:00:00,1,0,2024-07-16 21:02:28,0,2024-07-16 21:02:28,,,
2017-06-06,灵武市,水洗36块,6.00,24.50,0.25,,6800.00,460.00,0.00,出厂价,3550,2017-06-06 00:00:00,1,0,2024-07-16 21:02:28,0,2024-07-16 21:02:28,,,
2017-06-05,灵武市,烟煤末,6.00,27.50,0.25,,5500.00,425.00,0.00,出厂价,3551,2017-06-05 00:00:00,1,0,2024-07-16 21:02:28,0,2024-07-16 21:02:28,,,
2017-06-05,灵武市,水洗36块,6.00,24.50,0.25,,6800.00,460.00,0.00,出厂价,3552,2017-06-05 00:00:00,1,0,2024-07-16 21:02:28,0,2024-07-16 21:02:28,,,
2017-06-02,灵武市,烟煤末,6.00,27.50,0.25,,5500.00,425.00,0.00,出厂价,3553,2017-06-02 00:00:00,1,0,2024-07-16 21:02:28,0,2024-07-16 21:02:28,,,
2017-06-02,灵武市,水洗36块,6.00,24.50,0.25,,6800.00,460.00,0.00,出厂价,3554,2017-06-02 00:00:00,1,0,2024-07-16 21:02:28,0,2024-07-16 21:02:28,,,
2017-06-01,灵武市,烟煤末,6.00,27.50,0.25,,5500.00,425.00,0.00,出厂价,3555,2017-06-01 00:00:00,1,0,2024-07-16 21:02:28,0,2024-07-16 21:02:28,,,
2017-06-01,灵武市,水洗36块,6.00,24.50,0.25,,6800.00,460.00,0.00,出厂价,3556,2017-06-01 00:00:00,1,0,2024-07-16 21:02:28,0,2024-07-16 21:02:28,,,
2017-05-31,灵武市,烟煤末,6.00,27.50,0.25,,5500.00,425.00,0.00,出厂价,3557,2017-05-31 00:00:00,1,0,2024-07-16 21:02:28,0,2024-07-16 21:02:28,,,
2017-05-31,灵武市,水洗36块,6.00,24.50,0.25,,6800.00,460.00,0.00,出厂价,3558,2017-05-31 00:00:00,1,0,2024-07-16 21:02:28,0,2024-07-16 21:02:28,,,
2017-05-27,灵武市,烟煤末,6.00,27.50,0.25,,5500.00,425.00,0.00,出厂价,3559,2017-05-27 00:00:00,1,0,2024-07-16 21:02:28,0,2024-07-16 21:02:28,,,
2017-05-27,灵武市,水洗36块,6.00,24.50,0.25,,6800.00,460.00,0.00,出厂价,3560,2017-05-27 00:00:00,1,0,2024-07-16 21:02:28,0,2024-07-16 21:02:28,,,
2017-05-26,灵武市,烟煤末,6.00,27.50,0.25,,5500.00,425.00,-5.00,出厂价,3561,2017-05-26 00:00:00,1,0,2024-07-16 21:02:28,0,2024-07-16 21:02:28,,,
2017-05-26,灵武市,水洗36块,6.00,24.50,0.25,,6800.00,460.00,-10.00,出厂价,3562,2017-05-26 00:00:00,1,0,2024-07-16 21:02:28,0,2024-07-16 21:02:28,,,
2017-05-25,灵武市,烟煤末,6.00,27.50,0.25,,5500.00,430.00,0.00,出厂价,3563,2017-05-25 00:00:00,1,0,2024-07-16 21:02:28,0,2024-07-16 21:02:28,,,
2017-05-25,灵武市,水洗36块,6.00,24.50,0.25,,6800.00,470.00,0.00,出厂价,3564,2017-05-25 00:00:00,1,0,2024-07-16 21:02:28,0,2024-07-16 21:02:28,,,
2017-05-24,灵武市,烟煤末,6.00,27.50,0.25,,5500.00,430.00,0.00,出厂价,3565,2017-05-24 00:00:00,1,0,2024-07-16 21:02:28,0,2024-07-16 21:02:28,,,
2017-05-24,灵武市,水洗36块,6.00,24.50,0.25,,6800.00,470.00,0.00,出厂价,3566,2017-05-24 00:00:00,1,0,2024-07-16 21:02:28,0,2024-07-16 21:02:28,,,
2017-05-23,灵武市,烟煤末,6.00,27.50,0.25,,5500.00,430.00,0.00,出厂价,3567,2017-05-23 00:00:00,1,0,2024-07-16 21:02:28,0,2024-07-16 21:02:28,,,
2017-05-23,灵武市,水洗36块,6.00,24.50,0.25,,6800.00,470.00,0.00,出厂价,3568,2017-05-23 00:00:00,1,0,2024-07-16 21:02:28,0,2024-07-16 21:02:28,,,
2017-05-22,灵武市,烟煤末,6.00,27.50,0.25,,5500.00,430.00,0.00,出厂价,3569,2017-05-22 00:00:00,1,0,2024-07-16 21:02:28,0,2024-07-16 21:02:28,,,
2017-05-22,灵武市,水洗36块,6.00,24.50,0.25,,6800.00,470.00,0.00,出厂价,3570,2017-05-22 00:00:00,1,0,2024-07-16 21:02:28,0,2024-07-16 21:02:28,,,
2017-05-19,灵武市,烟煤末,6.00,27.50,0.25,,5500.00,430.00,-10.00,出厂价,3571,2017-05-19 00:00:00,1,0,2024-07-16 21:02:31,0,2024-07-16 21:02:31,,,
2017-05-19,灵武市,水洗36块,6.00,24.50,0.25,,6800.00,470.00,0.00,出厂价,3572,2017-05-19 00:00:00,1,0,2024-07-16 21:02:31,0,2024-07-16 21:02:31,,,
2017-05-18,灵武市,烟煤末,6.00,27.50,0.25,,5500.00,440.00,0.00,出厂价,3573,2017-05-18 00:00:00,1,0,2024-07-16 21:02:31,0,2024-07-16 21:02:31,,,
2017-05-18,灵武市,水洗36块,6.00,24.50,0.25,,6800.00,470.00,0.00,出厂价,3574,2017-05-18 00:00:00,1,0,2024-07-16 21:02:31,0,2024-07-16 21:02:31,,,
2017-05-17,灵武市,烟煤末,6.00,27.50,0.25,,5500.00,440.00,0.00,出厂价,3575,2017-05-17 00:00:00,1,0,2024-07-16 21:02:31,0,2024-07-16 21:02:31,,,
2017-05-17,灵武市,水洗36块,6.00,24.50,0.25,,6800.00,470.00,0.00,出厂价,3576,2017-05-17 00:00:00,1,0,2024-07-16 21:02:31,0,2024-07-16 21:02:31,,,
2017-05-16,灵武市,烟煤末,6.00,27.50,0.25,,5500.00,440.00,0.00,出厂价,3577,2017-05-16 00:00:00,1,0,2024-07-16 21:02:31,0,2024-07-16 21:02:31,,,
2017-05-16,灵武市,水洗36块,6.00,24.50,0.25,,6800.00,470.00,0.00,出厂价,3578,2017-05-16 00:00:00,1,0,2024-07-16 21:02:31,0,2024-07-16 21:02:31,,,
2017-05-15,灵武市,烟煤末,6.00,27.50,0.25,,5500.00,440.00,0.00,出厂价,3579,2017-05-15 00:00:00,1,0,2024-07-16 21:02:31,0,2024-07-16 21:02:31,,,
2017-05-15,灵武市,水洗36块,6.00,24.50,0.25,,6800.00,470.00,0.00,出厂价,3580,2017-05-15 00:00:00,1,0,2024-07-16 21:02:31,0,2024-07-16 21:02:31,,,
2017-05-12,灵武市,烟煤末,6.00,27.50,0.25,,5500.00,440.00,0.00,出厂价,3581,2017-05-12 00:00:00,1,0,2024-07-16 21:02:31,0,2024-07-16 21:02:31,,,
2017-05-12,灵武市,水洗36块,6.00,24.50,0.25,,6800.00,470.00,0.00,出厂价,3582,2017-05-12 00:00:00,1,0,2024-07-16 21:02:31,0,2024-07-16 21:02:31,,,
2017-05-11,灵武市,烟煤末,6.00,27.50,0.25,,5500.00,440.00,-30.00,出厂价,3583,2017-05-11 00:00:00,1,0,2024-07-16 21:02:31,0,2024-07-16 21:02:31,,,
2017-05-11,灵武市,水洗36块,6.00,24.50,0.25,,6800.00,470.00,0.00,出厂价,3584,2017-05-11 00:00:00,1,0,2024-07-16 21:02:31,0,2024-07-16 21:02:31,,,
2017-05-10,灵武市,烟煤末,6.00,27.50,0.25,,5500.00,470.00,0.00,出厂价,3585,2017-05-10 00:00:00,1,0,2024-07-16 21:02:31,0,2024-07-16 21:02:31,,,
2017-05-10,灵武市,水洗36块,6.00,24.50,0.25,,6800.00,470.00,0.00,出厂价,3586,2017-05-10 00:00:00,1,0,2024-07-16 21:02:31,0,2024-07-16 21:02:31,,,
2017-05-09,灵武市,烟煤末,6.00,27.50,0.25,,5500.00,470.00,0.00,出厂价,3587,2017-05-09 00:00:00,1,0,2024-07-16 21:02:31,0,2024-07-16 21:02:31,,,
2017-05-09,灵武市,水洗36块,6.00,24.50,0.25,,6800.00,470.00,0.00,出厂价,3588,2017-05-09 00:00:00,1,0,2024-07-16 21:02:31,0,2024-07-16 21:02:31,,,
2017-05-08,灵武市,烟煤末,6.00,27.50,0.25,,5500.00,470.00,0.00,出厂价,3589,2017-05-08 00:00:00,1,0,2024-07-16 21:02:31,0,2024-07-16 21:02:31,,,
2017-05-08,灵武市,水洗36块,6.00,24.50,0.25,,6800.00,470.00,0.00,出厂价,3590,2017-05-08 00:00:00,1,0,2024-07-16 21:02:31,0,2024-07-16 21:02:31,,,
2017-05-05,灵武市,烟煤末,6.00,27.50,0.25,,5500.00,470.00,0.00,出厂价,3591,2017-05-05 00:00:00,1,0,2024-07-16 21:02:31,0,2024-07-16 21:02:31,,,
2017-05-05,灵武市,水洗36块,6.00,24.50,0.25,,6800.00,470.00,0.00,出厂价,3592,2017-05-05 00:00:00,1,0,2024-07-16 21:02:31,0,2024-07-16 21:02:31,,,
2017-05-04,灵武市,烟煤末,6.00,27.50,0.25,,5500.00,470.00,0.00,出厂价,3593,2017-05-04 00:00:00,1,0,2024-07-16 21:02:31,0,2024-07-16 21:02:31,,,
2017-05-04,灵武市,水洗36块,6.00,24.50,0.25,,6800.00,470.00,0.00,出厂价,3594,2017-05-04 00:00:00,1,0,2024-07-16 21:02:31,0,2024-07-16 21:02:31,,,
2017-05-03,灵武市,烟煤末,6.00,27.50,0.25,,5500.00,470.00,0.00,出厂价,3595,2017-05-03 00:00:00,1,0,2024-07-16 21:02:31,0,2024-07-16 21:02:31,,,
2017-05-03,灵武市,水洗36块,6.00,24.50,0.25,,6800.00,470.00,0.00,出厂价,3596,2017-05-03 00:00:00,1,0,2024-07-16 21:02:31,0,2024-07-16 21:02:31,,,
2017-05-02,灵武市,烟煤末,6.00,27.50,0.25,,5500.00,470.00,0.00,出厂价,3597,2017-05-02 00:00:00,1,0,2024-07-16 21:02:31,0,2024-07-16 21:02:31,,,
2017-05-02,灵武市,水洗36块,6.00,24.50,0.25,,6800.00,470.00,0.00,出厂价,3598,2017-05-02 00:00:00,1,0,2024-07-16 21:02:31,0,2024-07-16 21:02:31,,,
2017-04-28,灵武市,烟煤末,6.00,27.50,0.25,,5500.00,470.00,0.00,出厂价,3599,2017-04-28 00:00:00,1,0,2024-07-16 21:02:31,0,2024-07-16 21:02:31,,,
2017-04-28,灵武市,水洗36块,6.00,24.50,0.25,,6800.00,470.00,0.00,出厂价,3600,2017-04-28 00:00:00,1,0,2024-07-16 21:02:31,0,2024-07-16 21:02:31,,,
2017-04-27,灵武市,烟煤末,6.00,27.50,0.25,,5500.00,470.00,0.00,出厂价,3601,2017-04-27 00:00:00,1,0,2024-07-16 21:02:34,0,2024-07-16 21:02:34,,,
2017-04-27,灵武市,水洗36块,6.00,24.50,0.25,,6800.00,470.00,0.00,出厂价,3602,2017-04-27 00:00:00,1,0,2024-07-16 21:02:34,0,2024-07-16 21:02:34,,,
2017-04-26,灵武市,烟煤末,6.00,27.50,0.25,,5500.00,470.00,0.00,出厂价,3603,2017-04-26 00:00:00,1,0,2024-07-16 21:02:34,0,2024-07-16 21:02:34,,,
2017-04-26,灵武市,水洗36块,6.00,24.50,0.25,,6800.00,470.00,0.00,出厂价,3604,2017-04-26 00:00:00,1,0,2024-07-16 21:02:34,0,2024-07-16 21:02:34,,,
2017-04-25,灵武市,烟煤末,6.00,27.50,0.25,,5500.00,470.00,0.00,出厂价,3605,2017-04-25 00:00:00,1,0,2024-07-16 21:02:34,0,2024-07-16 21:02:34,,,
2017-04-25,灵武市,水洗36块,6.00,24.50,0.25,,6800.00,470.00,0.00,出厂价,3606,2017-04-25 00:00:00,1,0,2024-07-16 21:02:34,0,2024-07-16 21:02:34,,,
2017-04-24,灵武市,烟煤末,6.00,27.50,0.25,,5500.00,470.00,0.00,出厂价,3607,2017-04-24 00:00:00,1,0,2024-07-16 21:02:34,0,2024-07-16 21:02:34,,,
2017-04-24,灵武市,水洗36块,6.00,24.50,0.25,,6800.00,470.00,0.00,出厂价,3608,2017-04-24 00:00:00,1,0,2024-07-16 21:02:34,0,2024-07-16 21:02:34,,,
2017-04-21,灵武市,烟煤末,6.00,27.50,0.25,,5500.00,470.00,0.00,出厂价,3609,2017-04-21 00:00:00,1,0,2024-07-16 21:02:34,0,2024-07-16 21:02:34,,,
2017-04-21,灵武市,水洗36块,6.00,24.50,0.25,,6800.00,470.00,0.00,出厂价,3610,2017-04-21 00:00:00,1,0,2024-07-16 21:02:34,0,2024-07-16 21:02:34,,,
2017-04-20,灵武市,烟煤末,6.00,27.50,0.25,,5500.00,470.00,0.00,出厂价,3611,2017-04-20 00:00:00,1,0,2024-07-16 21:02:34,0,2024-07-16 21:02:34,,,
2017-04-20,灵武市,水洗36块,6.00,24.50,0.25,,6800.00,470.00,0.00,出厂价,3612,2017-04-20 00:00:00,1,0,2024-07-16 21:02:34,0,2024-07-16 21:02:34,,,
2017-04-19,灵武市,烟煤末,6.00,27.50,0.25,,5500.00,470.00,0.00,出厂价,3613,2017-04-19 00:00:00,1,0,2024-07-16 21:02:34,0,2024-07-16 21:02:34,,,
2017-04-19,灵武市,水洗36块,6.00,24.50,0.25,,6800.00,470.00,0.00,出厂价,3614,2017-04-19 00:00:00,1,0,2024-07-16 21:02:34,0,2024-07-16 21:02:34,,,
2017-04-18,灵武市,烟煤末,6.00,27.50,0.25,,5500.00,470.00,0.00,出厂价,3615,2017-04-18 00:00:00,1,0,2024-07-16 21:02:34,0,2024-07-16 21:02:34,,,
2017-04-18,灵武市,水洗36块,6.00,24.50,0.25,,6800.00,470.00,0.00,出厂价,3616,2017-04-18 00:00:00,1,0,2024-07-16 21:02:34,0,2024-07-16 21:02:34,,,
2017-04-17,灵武市,烟煤末,6.00,27.50,0.25,,5500.00,470.00,0.00,出厂价,3617,2017-04-17 00:00:00,1,0,2024-07-16 21:02:34,0,2024-07-16 21:02:34,,,
2017-04-17,灵武市,水洗36块,6.00,24.50,0.25,,6800.00,470.00,0.00,出厂价,3618,2017-04-17 00:00:00,1,0,2024-07-16 21:02:34,0,2024-07-16 21:02:34,,,
2017-04-14,灵武市,烟煤末,6.00,27.50,0.25,,5500.00,470.00,0.00,出厂价,3619,2017-04-14 00:00:00,1,0,2024-07-16 21:02:34,0,2024-07-16 21:02:34,,,
2017-04-14,灵武市,水洗36块,6.00,24.50,0.25,,6800.00,470.00,0.00,出厂价,3620,2017-04-14 00:00:00,1,0,2024-07-16 21:02:34,0,2024-07-16 21:02:34,,,
2017-04-13,灵武市,烟煤末,6.00,27.50,0.25,,5500.00,470.00,0.00,出厂价,3621,2017-04-13 00:00:00,1,0,2024-07-16 21:02:34,0,2024-07-16 21:02:34,,,
2017-04-13,灵武市,水洗36块,6.00,24.50,0.25,,6800.00,470.00,0.00,出厂价,3622,2017-04-13 00:00:00,1,0,2024-07-16 21:02:34,0,2024-07-16 21:02:34,,,
2017-04-12,灵武市,烟煤末,6.00,27.50,0.25,,5500.00,470.00,0.00,出厂价,3623,2017-04-12 00:00:00,1,0,2024-07-16 21:02:34,0,2024-07-16 21:02:34,,,
2017-04-12,灵武市,水洗36块,6.00,24.50,0.25,,6800.00,470.00,0.00,出厂价,3624,2017-04-12 00:00:00,1,0,2024-07-16 21:02:34,0,2024-07-16 21:02:34,,,
2017-04-11,灵武市,烟煤末,6.00,27.50,0.25,,5500.00,470.00,0.00,出厂价,3625,2017-04-11 00:00:00,1,0,2024-07-16 21:02:34,0,2024-07-16 21:02:34,,,
2017-04-11,灵武市,水洗36块,6.00,24.50,0.25,,6800.00,470.00,0.00,出厂价,3626,2017-04-11 00:00:00,1,0,2024-07-16 21:02:34,0,2024-07-16 21:02:34,,,
2017-04-10,灵武市,烟煤末,6.00,27.50,0.25,,5500.00,470.00,0.00,出厂价,3627,2017-04-10 00:00:00,1,0,2024-07-16 21:02:34,0,2024-07-16 21:02:34,,,
2017-04-10,灵武市,水洗36块,6.00,24.50,0.25,,6800.00,470.00,0.00,出厂价,3628,2017-04-10 00:00:00,1,0,2024-07-16 21:02:34,0,2024-07-16 21:02:34,,,
2017-04-07,灵武市,烟煤末,6.00,27.50,0.25,,5500.00,470.00,0.00,出厂价,3629,2017-04-07 00:00:00,1,0,2024-07-16 21:02:34,0,2024-07-16 21:02:34,,,
2017-04-07,灵武市,水洗36块,6.00,24.50,0.25,,6800.00,470.00,0.00,出厂价,3630,2017-04-07 00:00:00,1,0,2024-07-16 21:02:34,0,2024-07-16 21:02:34,,,
2017-04-06,灵武市,烟煤末,6.00,27.50,0.25,,5500.00,470.00,0.00,出厂价,3631,2017-04-06 00:00:00,1,0,2024-07-16 21:02:37,0,2024-07-16 21:02:37,,,
2017-04-06,灵武市,水洗36块,6.00,24.50,0.25,,6800.00,470.00,0.00,出厂价,3632,2017-04-06 00:00:00,1,0,2024-07-16 21:02:37,0,2024-07-16 21:02:37,,,
2017-04-05,灵武市,烟煤末,6.00,27.50,0.25,,5500.00,470.00,0.00,出厂价,3633,2017-04-05 00:00:00,1,0,2024-07-16 21:02:37,0,2024-07-16 21:02:37,,,
2017-04-05,灵武市,水洗36块,6.00,24.50,0.25,,6800.00,470.00,0.00,出厂价,3634,2017-04-05 00:00:00,1,0,2024-07-16 21:02:37,0,2024-07-16 21:02:37,,,
2017-04-01,灵武市,烟煤末,6.00,27.50,0.25,,5500.00,470.00,0.00,出厂价,3635,2017-04-01 00:00:00,1,0,2024-07-16 21:02:37,0,2024-07-16 21:02:37,,,
2017-04-01,灵武市,水洗36块,6.00,24.50,0.25,,6800.00,470.00,0.00,出厂价,3636,2017-04-01 00:00:00,1,0,2024-07-16 21:02:37,0,2024-07-16 21:02:37,,,
2017-03-31,灵武市,烟煤末,6.00,27.50,0.25,,5500.00,470.00,0.00,出厂价,3637,2017-03-31 00:00:00,1,0,2024-07-16 21:02:37,0,2024-07-16 21:02:37,,,
2017-03-31,灵武市,水洗36块,6.00,24.50,0.25,,6800.00,470.00,0.00,出厂价,3638,2017-03-31 00:00:00,1,0,2024-07-16 21:02:37,0,2024-07-16 21:02:37,,,
2017-03-30,灵武市,烟煤末,6.00,27.50,0.25,,5500.00,470.00,0.00,出厂价,3639,2017-03-30 00:00:00,1,0,2024-07-16 21:02:37,0,2024-07-16 21:02:37,,,
2017-03-30,灵武市,水洗36块,6.00,24.50,0.25,,6800.00,470.00,0.00,出厂价,3640,2017-03-30 00:00:00,1,0,2024-07-16 21:02:37,0,2024-07-16 21:02:37,,,
2017-03-29,灵武市,烟煤末,6.00,27.50,0.25,,5500.00,470.00,0.00,出厂价,3641,2017-03-29 00:00:00,1,0,2024-07-16 21:02:37,0,2024-07-16 21:02:37,,,
2017-03-29,灵武市,水洗36块,6.00,24.50,0.25,,6800.00,470.00,0.00,出厂价,3642,2017-03-29 00:00:00,1,0,2024-07-16 21:02:37,0,2024-07-16 21:02:37,,,
2017-03-28,灵武市,烟煤末,6.00,27.50,0.25,,5500.00,470.00,0.00,出厂价,3643,2017-03-28 00:00:00,1,0,2024-07-16 21:02:37,0,2024-07-16 21:02:37,,,
2017-03-28,灵武市,水洗36块,6.00,24.50,0.25,,6800.00,470.00,0.00,出厂价,3644,2017-03-28 00:00:00,1,0,2024-07-16 21:02:37,0,2024-07-16 21:02:37,,,
2017-03-27,灵武市,烟煤末,6.00,27.50,0.25,,5500.00,470.00,0.00,出厂价,3645,2017-03-27 00:00:00,1,0,2024-07-16 21:02:37,0,2024-07-16 21:02:37,,,
2017-03-27,灵武市,水洗36块,6.00,24.50,0.25,,6800.00,470.00,0.00,出厂价,3646,2017-03-27 00:00:00,1,0,2024-07-16 21:02:37,0,2024-07-16 21:02:37,,,
2017-03-24,灵武市,烟煤末,6.00,27.50,0.25,,5500.00,470.00,0.00,出厂价,3647,2017-03-24 00:00:00,1,0,2024-07-16 21:02:37,0,2024-07-16 21:02:37,,,
2017-03-24,灵武市,水洗36块,6.00,24.50,0.25,,6800.00,470.00,0.00,出厂价,3648,2017-03-24 00:00:00,1,0,2024-07-16 21:02:37,0,2024-07-16 21:02:37,,,
2017-03-23,灵武市,烟煤末,6.00,27.50,0.25,,5500.00,470.00,0.00,出厂价,3649,2017-03-23 00:00:00,1,0,2024-07-16 21:02:37,0,2024-07-16 21:02:37,,,
2017-03-23,灵武市,水洗36块,6.00,24.50,0.25,,6800.00,470.00,0.00,出厂价,3650,2017-03-23 00:00:00,1,0,2024-07-16 21:02:37,0,2024-07-16 21:02:37,,,
2017-03-22,灵武市,烟煤末,6.00,27.50,0.25,,5500.00,470.00,0.00,出厂价,3651,2017-03-22 00:00:00,1,0,2024-07-16 21:02:37,0,2024-07-16 21:02:37,,,
2017-03-22,灵武市,水洗36块,6.00,24.50,0.25,,6800.00,470.00,0.00,出厂价,3652,2017-03-22 00:00:00,1,0,2024-07-16 21:02:37,0,2024-07-16 21:02:37,,,
2017-03-21,灵武市,烟煤末,6.00,27.50,0.25,,5500.00,470.00,0.00,出厂价,3653,2017-03-21 00:00:00,1,0,2024-07-16 21:02:37,0,2024-07-16 21:02:37,,,
2017-03-21,灵武市,水洗36块,6.00,24.50,0.25,,6800.00,470.00,0.00,出厂价,3654,2017-03-21 00:00:00,1,0,2024-07-16 21:02:37,0,2024-07-16 21:02:37,,,
2017-03-20,灵武市,烟煤末,6.00,27.50,0.25,,5500.00,470.00,0.00,出厂价,3655,2017-03-20 00:00:00,1,0,2024-07-16 21:02:37,0,2024-07-16 21:02:37,,,
2017-03-20,灵武市,水洗36块,6.00,24.50,0.25,,6800.00,470.00,0.00,出厂价,3656,2017-03-20 00:00:00,1,0,2024-07-16 21:02:37,0,2024-07-16 21:02:37,,,
2017-03-17,灵武市,烟煤末,6.00,27.50,0.25,,5500.00,470.00,0.00,出厂价,3657,2017-03-17 00:00:00,1,0,2024-07-16 21:02:37,0,2024-07-16 21:02:37,,,
2017-03-17,灵武市,水洗36块,6.00,24.50,0.25,,6800.00,470.00,0.00,出厂价,3658,2017-03-17 00:00:00,1,0,2024-07-16 21:02:37,0,2024-07-16 21:02:37,,,
2017-03-16,灵武市,烟煤末,6.00,27.50,0.25,,5500.00,470.00,0.00,出厂价,3659,2017-03-16 00:00:00,1,0,2024-07-16 21:02:37,0,2024-07-16 21:02:37,,,
2017-03-16,灵武市,水洗36块,6.00,24.50,0.25,,6800.00,470.00,0.00,出厂价,3660,2017-03-16 00:00:00,1,0,2024-07-16 21:02:37,0,2024-07-16 21:02:37,,,
2017-03-15,灵武市,烟煤末,6.00,27.50,0.25,,5500.00,470.00,0.00,出厂价,3661,2017-03-15 00:00:00,1,0,2024-07-16 21:02:40,0,2024-07-16 21:02:40,,,
2017-03-15,灵武市,水洗36块,6.00,24.50,0.25,,6800.00,470.00,0.00,出厂价,3662,2017-03-15 00:00:00,1,0,2024-07-16 21:02:40,0,2024-07-16 21:02:40,,,
2017-03-14,灵武市,烟煤末,6.00,27.50,0.25,,5500.00,470.00,0.00,出厂价,3663,2017-03-14 00:00:00,1,0,2024-07-16 21:02:40,0,2024-07-16 21:02:40,,,
2017-03-14,灵武市,水洗36块,6.00,24.50,0.25,,6800.00,470.00,0.00,出厂价,3664,2017-03-14 00:00:00,1,0,2024-07-16 21:02:40,0,2024-07-16 21:02:40,,,
2017-03-13,灵武市,烟煤末,6.00,27.50,0.25,,5500.00,470.00,0.00,出厂价,3665,2017-03-13 00:00:00,1,0,2024-07-16 21:02:40,0,2024-07-16 21:02:40,,,
2017-03-13,灵武市,水洗36块,6.00,24.50,0.25,,6800.00,470.00,0.00,出厂价,3666,2017-03-13 00:00:00,1,0,2024-07-16 21:02:40,0,2024-07-16 21:02:40,,,
2017-03-10,灵武市,烟煤末,6.00,27.50,0.25,,5500.00,470.00,0.00,出厂价,3667,2017-03-10 00:00:00,1,0,2024-07-16 21:02:40,0,2024-07-16 21:02:40,,,
2017-03-10,灵武市,水洗36块,6.00,24.50,0.25,,6800.00,470.00,0.00,出厂价,3668,2017-03-10 00:00:00,1,0,2024-07-16 21:02:40,0,2024-07-16 21:02:40,,,
2017-03-09,灵武市,烟煤末,6.00,27.50,0.25,,5500.00,470.00,0.00,出厂价,3669,2017-03-09 00:00:00,1,0,2024-07-16 21:02:40,0,2024-07-16 21:02:40,,,
2017-03-09,灵武市,水洗36块,6.00,24.50,0.25,,6800.00,470.00,0.00,出厂价,3670,2017-03-09 00:00:00,1,0,2024-07-16 21:02:40,0,2024-07-16 21:02:40,,,
2017-03-08,灵武市,烟煤末,6.00,27.50,0.25,,5500.00,470.00,0.00,出厂价,3671,2017-03-08 00:00:00,1,0,2024-07-16 21:02:40,0,2024-07-16 21:02:40,,,
2017-03-08,灵武市,水洗36块,6.00,24.50,0.25,,6800.00,470.00,0.00,出厂价,3672,2017-03-08 00:00:00,1,0,2024-07-16 21:02:40,0,2024-07-16 21:02:40,,,
2017-03-07,灵武市,烟煤末,6.00,27.50,0.25,,5500.00,470.00,0.00,出厂价,3673,2017-03-07 00:00:00,1,0,2024-07-16 21:02:40,0,2024-07-16 21:02:40,,,
2017-03-07,灵武市,水洗36块,6.00,24.50,0.25,,6800.00,470.00,0.00,出厂价,3674,2017-03-07 00:00:00,1,0,2024-07-16 21:02:40,0,2024-07-16 21:02:40,,,
2017-03-06,灵武市,烟煤末,6.00,27.50,0.25,,5500.00,470.00,0.00,出厂价,3675,2017-03-06 00:00:00,1,0,2024-07-16 21:02:40,0,2024-07-16 21:02:40,,,
2017-03-06,灵武市,水洗36块,6.00,24.50,0.25,,6800.00,470.00,0.00,出厂价,3676,2017-03-06 00:00:00,1,0,2024-07-16 21:02:40,0,2024-07-16 21:02:40,,,
2017-03-03,灵武市,烟煤末,6.00,27.50,0.25,,5500.00,470.00,0.00,出厂价,3677,2017-03-03 00:00:00,1,0,2024-07-16 21:02:40,0,2024-07-16 21:02:40,,,
2017-03-03,灵武市,水洗36块,6.00,24.50,0.25,,6800.00,470.00,10.00,出厂价,3678,2017-03-03 00:00:00,1,0,2024-07-16 21:02:40,0,2024-07-16 21:02:40,,,
2017-03-02,灵武市,烟煤末,6.00,27.50,0.25,,5500.00,470.00,0.00,出厂价,3679,2017-03-02 00:00:00,1,0,2024-07-16 21:02:40,0,2024-07-16 21:02:40,,,
2017-03-02,灵武市,水洗36块,6.00,24.50,0.25,,6800.00,460.00,0.00,出厂价,3680,2017-03-02 00:00:00,1,0,2024-07-16 21:02:40,0,2024-07-16 21:02:40,,,
2017-03-01,灵武市,烟煤末,6.00,27.50,0.25,,5500.00,470.00,0.00,出厂价,3681,2017-03-01 00:00:00,1,0,2024-07-16 21:02:40,0,2024-07-16 21:02:40,,,
2017-03-01,灵武市,水洗36块,6.00,24.50,0.25,,6800.00,460.00,0.00,出厂价,3682,2017-03-01 00:00:00,1,0,2024-07-16 21:02:40,0,2024-07-16 21:02:40,,,
2017-02-28,灵武市,烟煤末,6.00,27.50,0.25,,5500.00,470.00,0.00,出厂价,3683,2017-02-28 00:00:00,1,0,2024-07-16 21:02:40,0,2024-07-16 21:02:40,,,
2017-02-28,灵武市,水洗36块,6.00,24.50,0.25,,6800.00,460.00,0.00,出厂价,3684,2017-02-28 00:00:00,1,0,2024-07-16 21:02:40,0,2024-07-16 21:02:40,,,
2017-02-27,灵武市,烟煤末,6.00,27.50,0.25,,5500.00,470.00,0.00,出厂价,3685,2017-02-27 00:00:00,1,0,2024-07-16 21:02:40,0,2024-07-16 21:02:40,,,
2017-02-27,灵武市,水洗36块,6.00,24.50,0.25,,6800.00,460.00,0.00,出厂价,3686,2017-02-27 00:00:00,1,0,2024-07-16 21:02:40,0,2024-07-16 21:02:40,,,
2017-02-24,灵武市,烟煤末,6.00,27.50,0.25,,5500.00,470.00,0.00,出厂价,3687,2017-02-24 00:00:00,1,0,2024-07-16 21:02:40,0,2024-07-16 21:02:40,,,
2017-02-24,灵武市,水洗36块,6.00,24.50,0.25,,6800.00,460.00,0.00,出厂价,3688,2017-02-24 00:00:00,1,0,2024-07-16 21:02:40,0,2024-07-16 21:02:40,,,
2017-02-23,灵武市,烟煤末,6.00,27.50,0.25,,5500.00,470.00,0.00,出厂价,3689,2017-02-23 00:00:00,1,0,2024-07-16 21:02:40,0,2024-07-16 21:02:40,,,
2017-02-23,灵武市,水洗36块,6.00,24.50,0.25,,6800.00,460.00,0.00,出厂价,3690,2017-02-23 00:00:00,1,0,2024-07-16 21:02:40,0,2024-07-16 21:02:40,,,
2017-02-22,灵武市,烟煤末,6.00,27.50,0.25,,5500.00,470.00,0.00,出厂价,3691,2017-02-22 00:00:00,1,0,2024-07-16 21:02:44,0,2024-07-16 21:02:44,,,
2017-02-22,灵武市,水洗36块,6.00,24.50,0.25,,6800.00,460.00,0.00,出厂价,3692,2017-02-22 00:00:00,1,0,2024-07-16 21:02:44,0,2024-07-16 21:02:44,,,
2017-02-21,灵武市,烟煤末,6.00,27.50,0.25,,5500.00,470.00,0.00,出厂价,3693,2017-02-21 00:00:00,1,0,2024-07-16 21:02:44,0,2024-07-16 21:02:44,,,
2017-02-21,灵武市,水洗36块,6.00,24.50,0.25,,6800.00,460.00,0.00,出厂价,3694,2017-02-21 00:00:00,1,0,2024-07-16 21:02:44,0,2024-07-16 21:02:44,,,
2017-02-20,灵武市,烟煤末,6.00,27.50,0.25,,5500.00,470.00,0.00,出厂价,3695,2017-02-20 00:00:00,1,0,2024-07-16 21:02:44,0,2024-07-16 21:02:44,,,
2017-02-20,灵武市,水洗36块,6.00,24.50,0.25,,6800.00,460.00,0.00,出厂价,3696,2017-02-20 00:00:00,1,0,2024-07-16 21:02:44,0,2024-07-16 21:02:44,,,
2017-02-17,灵武市,烟煤末,6.00,27.50,0.25,,5500.00,470.00,0.00,出厂价,3697,2017-02-17 00:00:00,1,0,2024-07-16 21:02:44,0,2024-07-16 21:02:44,,,
2017-02-17,灵武市,水洗36块,6.00,24.50,0.25,,6800.00,460.00,0.00,出厂价,3698,2017-02-17 00:00:00,1,0,2024-07-16 21:02:44,0,2024-07-16 21:02:44,,,
2017-02-16,灵武市,烟煤末,6.00,27.50,0.25,,5500.00,470.00,0.00,出厂价,3699,2017-02-16 00:00:00,1,0,2024-07-16 21:02:44,0,2024-07-16 21:02:44,,,
2017-02-16,灵武市,水洗36块,6.00,24.50,0.25,,6800.00,460.00,0.00,出厂价,3700,2017-02-16 00:00:00,1,0,2024-07-16 21:02:44,0,2024-07-16 21:02:44,,,
2017-02-15,灵武市,烟煤末,6.00,27.50,0.25,,5500.00,470.00,0.00,出厂价,3701,2017-02-15 00:00:00,1,0,2024-07-16 21:02:44,0,2024-07-16 21:02:44,,,
2017-02-15,灵武市,水洗36块,6.00,24.50,0.25,,6800.00,460.00,0.00,出厂价,3702,2017-02-15 00:00:00,1,0,2024-07-16 21:02:44,0,2024-07-16 21:02:44,,,
2017-02-14,灵武市,烟煤末,6.00,27.50,0.25,,5500.00,470.00,0.00,出厂价,3703,2017-02-14 00:00:00,1,0,2024-07-16 21:02:44,0,2024-07-16 21:02:44,,,
2017-02-14,灵武市,水洗36块,6.00,24.50,0.25,,6800.00,460.00,0.00,出厂价,3704,2017-02-14 00:00:00,1,0,2024-07-16 21:02:44,0,2024-07-16 21:02:44,,,
2017-02-13,灵武市,烟煤末,6.00,27.50,0.25,,5500.00,470.00,0.00,出厂价,3705,2017-02-13 00:00:00,1,0,2024-07-16 21:02:44,0,2024-07-16 21:02:44,,,
2017-02-13,灵武市,水洗36块,6.00,24.50,0.25,,6800.00,460.00,0.00,出厂价,3706,2017-02-13 00:00:00,1,0,2024-07-16 21:02:44,0,2024-07-16 21:02:44,,,
2017-02-10,灵武市,烟煤末,6.00,27.50,0.25,,5500.00,470.00,0.00,出厂价,3707,2017-02-10 00:00:00,1,0,2024-07-16 21:02:44,0,2024-07-16 21:02:44,,,
2017-02-10,灵武市,水洗36块,6.00,24.50,0.25,,6800.00,460.00,0.00,出厂价,3708,2017-02-10 00:00:00,1,0,2024-07-16 21:02:44,0,2024-07-16 21:02:44,,,
2017-02-09,灵武市,烟煤末,6.00,27.50,0.25,,5500.00,470.00,0.00,出厂价,3709,2017-02-09 00:00:00,1,0,2024-07-16 21:02:44,0,2024-07-16 21:02:44,,,
2017-02-09,灵武市,水洗36块,6.00,24.50,0.25,,6800.00,460.00,0.00,出厂价,3710,2017-02-09 00:00:00,1,0,2024-07-16 21:02:44,0,2024-07-16 21:02:44,,,
2017-02-08,灵武市,烟煤末,6.00,27.50,0.25,,5500.00,470.00,0.00,出厂价,3711,2017-02-08 00:00:00,1,0,2024-07-16 21:02:44,0,2024-07-16 21:02:44,,,
2017-02-08,灵武市,水洗36块,6.00,24.50,0.25,,6800.00,460.00,0.00,出厂价,3712,2017-02-08 00:00:00,1,0,2024-07-16 21:02:44,0,2024-07-16 21:02:44,,,
2017-02-07,灵武市,烟煤末,6.00,27.50,0.25,,5500.00,470.00,0.00,出厂价,3713,2017-02-07 00:00:00,1,0,2024-07-16 21:02:44,0,2024-07-16 21:02:44,,,
2017-02-07,灵武市,水洗36块,6.00,24.50,0.25,,6800.00,460.00,0.00,出厂价,3714,2017-02-07 00:00:00,1,0,2024-07-16 21:02:44,0,2024-07-16 21:02:44,,,
2017-02-06,灵武市,烟煤末,6.00,27.50,0.25,,5500.00,470.00,0.00,出厂价,3715,2017-02-06 00:00:00,1,0,2024-07-16 21:02:44,0,2024-07-16 21:02:44,,,
2017-02-06,灵武市,水洗36块,6.00,24.50,0.25,,6800.00,460.00,0.00,出厂价,3716,2017-02-06 00:00:00,1,0,2024-07-16 21:02:44,0,2024-07-16 21:02:44,,,
2017-02-04,灵武市,烟煤末,6.00,27.50,0.25,,5500.00,470.00,0.00,出厂价,3717,2017-02-04 00:00:00,1,0,2024-07-16 21:02:44,0,2024-07-16 21:02:44,,,
2017-02-04,灵武市,水洗36块,6.00,24.50,0.25,,6800.00,460.00,0.00,出厂价,3718,2017-02-04 00:00:00,1,0,2024-07-16 21:02:44,0,2024-07-16 21:02:44,,,
2017-02-03,灵武市,烟煤末,6.00,27.50,0.25,,5500.00,470.00,0.00,出厂价,3719,2017-02-03 00:00:00,1,0,2024-07-16 21:02:44,0,2024-07-16 21:02:44,,,
2017-02-03,灵武市,水洗36块,6.00,24.50,0.25,,6800.00,460.00,0.00,出厂价,3720,2017-02-03 00:00:00,1,0,2024-07-16 21:02:44,0,2024-07-16 21:02:44,,,
2017-01-26,灵武市,烟煤末,6.00,27.50,0.25,,5500.00,470.00,0.00,出厂价,3721,2017-01-26 00:00:00,1,0,2024-07-16 21:02:47,0,2024-07-16 21:02:47,,,
2017-01-26,灵武市,水洗36块,6.00,24.50,0.25,,6800.00,460.00,0.00,出厂价,3722,2017-01-26 00:00:00,1,0,2024-07-16 21:02:47,0,2024-07-16 21:02:47,,,
2017-01-25,灵武市,烟煤末,6.00,27.50,0.25,,5500.00,470.00,0.00,出厂价,3723,2017-01-25 00:00:00,1,0,2024-07-16 21:02:47,0,2024-07-16 21:02:47,,,
2017-01-25,灵武市,水洗36块,6.00,24.50,0.25,,6800.00,460.00,0.00,出厂价,3724,2017-01-25 00:00:00,1,0,2024-07-16 21:02:47,0,2024-07-16 21:02:47,,,
2017-01-24,灵武市,烟煤末,6.00,27.50,0.25,,5500.00,470.00,0.00,出厂价,3725,2017-01-24 00:00:00,1,0,2024-07-16 21:02:47,0,2024-07-16 21:02:47,,,
2017-01-24,灵武市,水洗36块,6.00,24.50,0.25,,6800.00,460.00,0.00,出厂价,3726,2017-01-24 00:00:00,1,0,2024-07-16 21:02:47,0,2024-07-16 21:02:47,,,
2017-01-23,灵武市,烟煤末,6.00,27.50,0.25,,5500.00,470.00,0.00,出厂价,3727,2017-01-23 00:00:00,1,0,2024-07-16 21:02:47,0,2024-07-16 21:02:47,,,
2017-01-23,灵武市,水洗36块,6.00,24.50,0.25,,6800.00,460.00,0.00,出厂价,3728,2017-01-23 00:00:00,1,0,2024-07-16 21:02:47,0,2024-07-16 21:02:47,,,
2017-01-22,灵武市,烟煤末,6.00,27.50,0.25,,5500.00,470.00,0.00,出厂价,3729,2017-01-22 00:00:00,1,0,2024-07-16 21:02:47,0,2024-07-16 21:02:47,,,
2017-01-22,灵武市,水洗36块,6.00,24.50,0.25,,6800.00,460.00,0.00,出厂价,3730,2017-01-22 00:00:00,1,0,2024-07-16 21:02:47,0,2024-07-16 21:02:47,,,
2017-01-20,灵武市,烟煤末,6.00,27.50,0.25,,5500.00,470.00,0.00,出厂价,3731,2017-01-20 00:00:00,1,0,2024-07-16 21:02:47,0,2024-07-16 21:02:47,,,
2017-01-20,灵武市,水洗36块,6.00,24.50,0.25,,6800.00,460.00,0.00,出厂价,3732,2017-01-20 00:00:00,1,0,2024-07-16 21:02:47,0,2024-07-16 21:02:47,,,
2017-01-19,灵武市,烟煤末,6.00,27.50,0.25,,5500.00,470.00,0.00,出厂价,3733,2017-01-19 00:00:00,1,0,2024-07-16 21:02:47,0,2024-07-16 21:02:47,,,
2017-01-19,灵武市,水洗36块,6.00,24.50,0.25,,6800.00,460.00,0.00,出厂价,3734,2017-01-19 00:00:00,1,0,2024-07-16 21:02:47,0,2024-07-16 21:02:47,,,
2017-01-18,灵武市,烟煤末,6.00,27.50,0.25,,5500.00,470.00,0.00,出厂价,3735,2017-01-18 00:00:00,1,0,2024-07-16 21:02:47,0,2024-07-16 21:02:47,,,
2017-01-18,灵武市,水洗36块,6.00,24.50,0.25,,6800.00,460.00,0.00,出厂价,3736,2017-01-18 00:00:00,1,0,2024-07-16 21:02:47,0,2024-07-16 21:02:47,,,
2017-01-17,灵武市,烟煤末,6.00,27.50,0.25,,5500.00,470.00,0.00,出厂价,3737,2017-01-17 00:00:00,1,0,2024-07-16 21:02:47,0,2024-07-16 21:02:47,,,
2017-01-17,灵武市,水洗36块,6.00,24.50,0.25,,6800.00,460.00,0.00,出厂价,3738,2017-01-17 00:00:00,1,0,2024-07-16 21:02:47,0,2024-07-16 21:02:47,,,
2017-01-16,灵武市,烟煤末,6.00,27.50,0.25,,5500.00,470.00,0.00,出厂价,3739,2017-01-16 00:00:00,1,0,2024-07-16 21:02:47,0,2024-07-16 21:02:47,,,
2017-01-16,灵武市,水洗36块,6.00,24.50,0.25,,6800.00,460.00,0.00,出厂价,3740,2017-01-16 00:00:00,1,0,2024-07-16 21:02:47,0,2024-07-16 21:02:47,,,
2017-01-13,灵武市,烟煤末,6.00,27.50,0.25,,5500.00,470.00,0.00,出厂价,3741,2017-01-13 00:00:00,1,0,2024-07-16 21:02:47,0,2024-07-16 21:02:47,,,
2017-01-13,灵武市,水洗36块,6.00,24.50,0.25,,6800.00,460.00,-5.00,出厂价,3742,2017-01-13 00:00:00,1,0,2024-07-16 21:02:47,0,2024-07-16 21:02:47,,,
2017-01-12,灵武市,烟煤末,6.00,27.50,0.25,,5500.00,470.00,0.00,出厂价,3743,2017-01-12 00:00:00,1,0,2024-07-16 21:02:47,0,2024-07-16 21:02:47,,,
2017-01-12,灵武市,水洗36块,6.00,24.50,0.25,,6800.00,465.00,0.00,出厂价,3744,2017-01-12 00:00:00,1,0,2024-07-16 21:02:47,0,2024-07-16 21:02:47,,,
2017-01-11,灵武市,烟煤末,6.00,27.50,0.25,,5500.00,470.00,0.00,出厂价,3745,2017-01-11 00:00:00,1,0,2024-07-16 21:02:47,0,2024-07-16 21:02:47,,,
2017-01-11,灵武市,水洗36块,6.00,24.50,0.25,,6800.00,465.00,0.00,出厂价,3746,2017-01-11 00:00:00,1,0,2024-07-16 21:02:47,0,2024-07-16 21:02:47,,,
2017-01-10,灵武市,烟煤末,6.00,27.50,0.25,,5500.00,470.00,0.00,出厂价,3747,2017-01-10 00:00:00,1,0,2024-07-16 21:02:47,0,2024-07-16 21:02:47,,,
2017-01-10,灵武市,水洗36块,6.00,24.50,0.25,,6800.00,465.00,0.00,出厂价,3748,2017-01-10 00:00:00,1,0,2024-07-16 21:02:47,0,2024-07-16 21:02:47,,,
2017-01-09,灵武市,烟煤末,6.00,27.50,0.25,,5500.00,470.00,0.00,出厂价,3749,2017-01-09 00:00:00,1,0,2024-07-16 21:02:47,0,2024-07-16 21:02:47,,,
2017-01-09,灵武市,水洗36块,6.00,24.50,0.25,,6800.00,465.00,0.00,出厂价,3750,2017-01-09 00:00:00,1,0,2024-07-16 21:02:47,0,2024-07-16 21:02:47,,,
2017-01-06,灵武市,烟煤末,6.00,27.50,0.25,,5500.00,470.00,0.00,出厂价,3751,2017-01-06 00:00:00,1,0,2024-07-16 21:02:50,0,2024-07-16 21:02:50,,,
2017-01-06,灵武市,水洗36块,6.00,24.50,0.25,,6800.00,465.00,0.00,出厂价,3752,2017-01-06 00:00:00,1,0,2024-07-16 21:02:50,0,2024-07-16 21:02:50,,,
2017-01-05,灵武市,烟煤末,6.00,27.50,0.25,,5500.00,470.00,0.00,出厂价,3753,2017-01-05 00:00:00,1,0,2024-07-16 21:02:50,0,2024-07-16 21:02:50,,,
2017-01-05,灵武市,水洗36块,6.00,24.50,0.25,,6800.00,465.00,0.00,出厂价,3754,2017-01-05 00:00:00,1,0,2024-07-16 21:02:50,0,2024-07-16 21:02:50,,,
2017-01-04,灵武市,烟煤末,6.00,27.50,0.25,,5500.00,470.00,0.00,出厂价,3755,2017-01-04 00:00:00,1,0,2024-07-16 21:02:50,0,2024-07-16 21:02:50,,,
2017-01-04,灵武市,水洗36块,6.00,24.50,0.25,,6800.00,465.00,0.00,出厂价,3756,2017-01-04 00:00:00,1,0,2024-07-16 21:02:50,0,2024-07-16 21:02:50,,,
2017-01-03,灵武市,烟煤末,6.00,27.50,0.25,,5500.00,470.00,0.00,出厂价,3757,2017-01-03 00:00:00,1,0,2024-07-16 21:02:50,0,2024-07-16 21:02:50,,,
2017-01-03,灵武市,水洗36块,6.00,24.50,0.25,,6800.00,465.00,0.00,出厂价,3758,2017-01-03 00:00:00,1,0,2024-07-16 21:02:50,0,2024-07-16 21:02:50,,,
2024-07-31,灵武市,烟煤末,6.00,27.50,0.25,,5500.00,770.00,-5.00,出厂价,6363,2024-07-31 00:00:00,1,0,2024-08-01 10:17:28,0,2024-08-01 10:17:28,,,
2024-07-31,灵武市,水洗36块,6.00,24.50,0.25,,6800.00,910.00,0.00,出厂价,6364,2024-07-31 00:00:00,1,0,2024-08-01 10:17:28,0,2024-08-01 10:17:28,,,
2024-07-30,灵武市,烟煤末,6.00,27.50,0.25,,5500.00,775.00,0.00,出厂价,6365,2024-07-30 00:00:00,1,0,2024-08-01 10:17:28,0,2024-08-01 10:17:28,,,
2024-07-30,灵武市,水洗36块,6.00,24.50,0.25,,6800.00,910.00,0.00,出厂价,6366,2024-07-30 00:00:00,1,0,2024-08-01 10:17:28,0,2024-08-01 10:17:28,,,
2024-07-29,灵武市,烟煤末,6.00,27.50,0.25,,5500.00,775.00,0.00,出厂价,6367,2024-07-29 00:00:00,1,0,2024-08-01 10:17:28,0,2024-08-01 10:17:28,,,
2024-07-29,灵武市,水洗36块,6.00,24.50,0.25,,6800.00,910.00,0.00,出厂价,6368,2024-07-29 00:00:00,1,0,2024-08-01 10:17:28,0,2024-08-01 10:17:28,,,
2024-07-26,灵武市,烟煤末,6.00,27.50,0.25,,5500.00,775.00,0.00,出厂价,6369,2024-07-26 00:00:00,1,0,2024-08-01 10:17:28,0,2024-08-01 10:17:28,,,
2024-07-26,灵武市,水洗36块,6.00,24.50,0.25,,6800.00,910.00,0.00,出厂价,6370,2024-07-26 00:00:00,1,0,2024-08-01 10:17:28,0,2024-08-01 10:17:28,,,
2024-07-25,灵武市,烟煤末,6.00,27.50,0.25,,5500.00,775.00,0.00,出厂价,6371,2024-07-25 00:00:00,1,0,2024-08-01 10:17:28,0,2024-08-01 10:17:28,,,
2024-07-25,灵武市,水洗36块,6.00,24.50,0.25,,6800.00,910.00,0.00,出厂价,6372,2024-07-25 00:00:00,1,0,2024-08-01 10:17:28,0,2024-08-01 10:17:28,,,
2024-07-24,灵武市,烟煤末,6.00,27.50,0.25,,5500.00,775.00,0.00,出厂价,6373,2024-07-24 00:00:00,1,0,2024-08-01 10:17:28,0,2024-08-01 10:17:28,,,
2024-07-24,灵武市,水洗36块,6.00,24.50,0.25,,6800.00,910.00,0.00,出厂价,6374,2024-07-24 00:00:00,1,0,2024-08-01 10:17:28,0,2024-08-01 10:17:28,,,
2024-07-23,灵武市,烟煤末,6.00,27.50,0.25,,5500.00,775.00,0.00,出厂价,6375,2024-07-23 00:00:00,1,0,2024-08-01 10:17:28,0,2024-08-01 10:17:28,,,
2024-07-23,灵武市,水洗36块,6.00,24.50,0.25,,6800.00,910.00,0.00,出厂价,6376,2024-07-23 00:00:00,1,0,2024-08-01 10:17:28,0,2024-08-01 10:17:28,,,
2024-07-22,灵武市,烟煤末,6.00,27.50,0.25,,5500.00,775.00,0.00,出厂价,6377,2024-07-22 00:00:00,1,0,2024-08-01 10:17:28,0,2024-08-01 10:17:28,,,
2024-07-22,灵武市,水洗36块,6.00,24.50,0.25,,6800.00,910.00,0.00,出厂价,6378,2024-07-22 00:00:00,1,0,2024-08-01 10:17:28,0,2024-08-01 10:17:28,,,
2024-07-19,灵武市,烟煤末,6.00,27.50,0.25,,5500.00,775.00,0.00,出厂价,6379,2024-07-19 00:00:00,1,0,2024-08-01 10:17:28,0,2024-08-01 10:17:28,,,
2024-07-19,灵武市,水洗36块,6.00,24.50,0.25,,6800.00,910.00,0.00,出厂价,6380,2024-07-19 00:00:00,1,0,2024-08-01 10:17:28,0,2024-08-01 10:17:28,,,
2024-07-18,灵武市,烟煤末,6.00,27.50,0.25,,5500.00,775.00,0.00,出厂价,6381,2024-07-18 00:00:00,1,0,2024-08-01 10:17:28,0,2024-08-01 10:17:28,,,
2024-07-18,灵武市,水洗36块,6.00,24.50,0.25,,6800.00,910.00,0.00,出厂价,6382,2024-07-18 00:00:00,1,0,2024-08-01 10:17:28,0,2024-08-01 10:17:28,,,
2024-07-17,灵武市,烟煤末,6.00,27.50,0.25,,5500.00,775.00,0.00,出厂价,6383,2024-07-17 00:00:00,1,0,2024-08-01 10:17:28,0,2024-08-01 10:17:28,,,
2024-07-17,灵武市,水洗36块,6.00,24.50,0.25,,6800.00,910.00,0.00,出厂价,6384,2024-07-17 00:00:00,1,0,2024-08-01 10:17:28,0,2024-08-01 10:17:28,,,
2024-11-06,灵武市,烟煤末,6.00,27.50,0.25,,5500.00,765.00,0.00,出厂价,6385,2024-11-06 00:00:00,1,0,2024-11-06 23:51:00,0,2024-11-06 23:51:00,,,
2024-11-05,灵武市,烟煤末,6.00,27.50,0.25,,5500.00,765.00,0.00,出厂价,6386,2024-11-05 00:00:00,1,0,2024-11-06 23:51:00,0,2024-11-06 23:51:00,,,
2024-11-04,灵武市,烟煤末,6.00,27.50,0.25,,5500.00,765.00,5.00,出厂价,6387,2024-11-04 00:00:00,1,0,2024-11-06 23:51:00,0,2024-11-06 23:51:00,,,
2024-11-01,灵武市,烟煤末,6.00,27.50,0.25,,5500.00,760.00,0.00,出厂价,6388,2024-11-01 00:00:00,1,0,2024-11-06 23:51:00,0,2024-11-06 23:51:00,,,
2024-10-31,灵武市,烟煤末,6.00,27.50,0.25,,5500.00,760.00,0.00,出厂价,6389,2024-10-31 00:00:00,1,0,2024-11-06 23:51:00,0,2024-11-06 23:51:00,,,
2024-10-30,灵武市,烟煤末,6.00,27.50,0.25,,5500.00,760.00,0.00,出厂价,6390,2024-10-30 00:00:00,1,0,2024-11-06 23:51:00,0,2024-11-06 23:51:00,,,
2024-10-29,灵武市,烟煤末,6.00,27.50,0.25,,5500.00,760.00,0.00,出厂价,6391,2024-10-29 00:00:00,1,0,2024-11-06 23:51:00,0,2024-11-06 23:51:00,,,
2024-10-28,灵武市,烟煤末,6.00,27.50,0.25,,5500.00,760.00,0.00,出厂价,6392,2024-10-28 00:00:00,1,0,2024-11-06 23:51:00,0,2024-11-06 23:51:00,,,
2024-10-25,灵武市,烟煤末,6.00,27.50,0.25,,5500.00,760.00,0.00,出厂价,6393,2024-10-25 00:00:00,1,0,2024-11-06 23:51:00,0,2024-11-06 23:51:00,,,
2024-10-24,灵武市,烟煤末,6.00,27.50,0.25,,5500.00,760.00,0.00,出厂价,6394,2024-10-24 00:00:00,1,0,2024-11-06 23:51:00,0,2024-11-06 23:51:00,,,
2024-10-23,灵武市,烟煤末,6.00,27.50,0.25,,5500.00,760.00,0.00,出厂价,6395,2024-10-23 00:00:00,1,0,2024-11-06 23:51:00,0,2024-11-06 23:51:00,,,
2024-10-22,灵武市,烟煤末,6.00,27.50,0.25,,5500.00,760.00,0.00,出厂价,6396,2024-10-22 00:00:00,1,0,2024-11-06 23:51:00,0,2024-11-06 23:51:00,,,
2024-10-21,灵武市,烟煤末,6.00,27.50,0.25,,5500.00,760.00,0.00,出厂价,6397,2024-10-21 00:00:00,1,0,2024-11-06 23:51:00,0,2024-11-06 23:51:00,,,
2024-10-18,灵武市,烟煤末,6.00,27.50,0.25,,5500.00,760.00,-5.00,出厂价,6398,2024-10-18 00:00:00,1,0,2024-11-06 23:51:00,0,2024-11-06 23:51:00,,,
2024-10-17,灵武市,烟煤末,6.00,27.50,0.25,,5500.00,765.00,0.00,出厂价,6399,2024-10-17 00:00:00,1,0,2024-11-06 23:51:00,0,2024-11-06 23:51:00,,,
2024-10-16,灵武市,烟煤末,6.00,27.50,0.25,,5500.00,765.00,0.00,出厂价,6400,2024-10-16 00:00:00,1,0,2024-11-06 23:51:00,0,2024-11-06 23:51:00,,,
2024-10-15,灵武市,烟煤末,6.00,27.50,0.25,,5500.00,765.00,-5.00,出厂价,6401,2024-10-15 00:00:00,1,0,2024-11-06 23:51:00,0,2024-11-06 23:51:00,,,
2024-10-14,灵武市,烟煤末,6.00,27.50,0.25,,5500.00,770.00,0.00,出厂价,6402,2024-10-14 00:00:00,1,0,2024-11-06 23:51:00,0,2024-11-06 23:51:00,,,
2024-10-12,灵武市,烟煤末,6.00,27.50,0.25,,5500.00,770.00,0.00,出厂价,6403,2024-10-12 00:00:00,1,0,2024-11-06 23:51:00,0,2024-11-06 23:51:00,,,
2024-10-11,灵武市,烟煤末,6.00,27.50,0.25,,5500.00,770.00,0.00,出厂价,6404,2024-10-11 00:00:00,1,0,2024-11-06 23:51:00,0,2024-11-06 23:51:00,,,
2024-10-10,灵武市,烟煤末,6.00,27.50,0.25,,5500.00,770.00,0.00,出厂价,6405,2024-10-10 00:00:00,1,0,2024-11-06 23:51:00,0,2024-11-06 23:51:00,,,
2024-10-09,灵武市,烟煤末,6.00,27.50,0.25,,5500.00,770.00,-10.00,出厂价,6406,2024-10-09 00:00:00,1,0,2024-11-06 23:51:00,0,2024-11-06 23:51:00,,,
2024-10-08,灵武市,烟煤末,6.00,27.50,0.25,,5500.00,780.00,0.00,出厂价,6407,2024-10-08 00:00:00,1,0,2024-11-06 23:51:00,0,2024-11-06 23:51:00,,,
2024-09-30,灵武市,烟煤末,6.00,27.50,0.25,,5500.00,780.00,0.00,出厂价,6408,2024-09-30 00:00:00,1,0,2024-11-06 23:51:00,0,2024-11-06 23:51:00,,,
2024-09-29,灵武市,烟煤末,6.00,27.50,0.25,,5500.00,780.00,0.00,出厂价,6409,2024-09-29 00:00:00,1,0,2024-11-06 23:51:00,0,2024-11-06 23:51:00,,,
2024-09-27,灵武市,烟煤末,6.00,27.50,0.25,,5500.00,780.00,0.00,出厂价,6410,2024-09-27 00:00:00,1,0,2024-11-06 23:51:00,0,2024-11-06 23:51:00,,,
2024-09-26,灵武市,烟煤末,6.00,27.50,0.25,,5500.00,780.00,0.00,出厂价,6411,2024-09-26 00:00:00,1,0,2024-11-06 23:51:00,0,2024-11-06 23:51:00,,,
2024-09-25,灵武市,烟煤末,6.00,27.50,0.25,,5500.00,780.00,5.00,出厂价,6412,2024-09-25 00:00:00,1,0,2024-11-06 23:51:00,0,2024-11-06 23:51:00,,,
2024-09-24,灵武市,烟煤末,6.00,27.50,0.25,,5500.00,775.00,5.00,出厂价,6413,2024-09-24 00:00:00,1,0,2024-11-06 23:51:00,0,2024-11-06 23:51:00,,,
2024-09-23,灵武市,烟煤末,6.00,27.50,0.25,,5500.00,770.00,0.00,出厂价,6414,2024-09-23 00:00:00,1,0,2024-11-06 23:51:00,0,2024-11-06 23:51:00,,,
2024-09-20,灵武市,烟煤末,6.00,27.50,0.25,,5500.00,770.00,0.00,出厂价,6415,2024-09-20 00:00:00,1,0,2024-11-06 23:51:04,0,2024-11-06 23:51:04,,,
2024-09-19,灵武市,烟煤末,6.00,27.50,0.25,,5500.00,770.00,0.00,出厂价,6416,2024-09-19 00:00:00,1,0,2024-11-06 23:51:04,0,2024-11-06 23:51:04,,,
2024-09-18,灵武市,烟煤末,6.00,27.50,0.25,,5500.00,770.00,5.00,出厂价,6417,2024-09-18 00:00:00,1,0,2024-11-06 23:51:04,0,2024-11-06 23:51:04,,,
2024-09-14,灵武市,烟煤末,6.00,27.50,0.25,,5500.00,765.00,5.00,出厂价,6418,2024-09-14 00:00:00,1,0,2024-11-06 23:51:04,0,2024-11-06 23:51:04,,,
2024-09-13,灵武市,烟煤末,6.00,27.50,0.25,,5500.00,760.00,0.00,出厂价,6419,2024-09-13 00:00:00,1,0,2024-11-06 23:51:04,0,2024-11-06 23:51:04,,,
2024-09-12,灵武市,烟煤末,6.00,27.50,0.25,,5500.00,760.00,0.00,出厂价,6420,2024-09-12 00:00:00,1,0,2024-11-06 23:51:04,0,2024-11-06 23:51:04,,,
2024-09-11,灵武市,烟煤末,6.00,27.50,0.25,,5500.00,760.00,5.00,出厂价,6421,2024-09-11 00:00:00,1,0,2024-11-06 23:51:04,0,2024-11-06 23:51:04,,,
2024-09-10,灵武市,烟煤末,6.00,27.50,0.25,,5500.00,755.00,0.00,出厂价,6422,2024-09-10 00:00:00,1,0,2024-11-06 23:51:04,0,2024-11-06 23:51:04,,,
2024-09-09,灵武市,烟煤末,6.00,27.50,0.25,,5500.00,755.00,0.00,出厂价,6423,2024-09-09 00:00:00,1,0,2024-11-06 23:51:04,0,2024-11-06 23:51:04,,,
2024-09-06,灵武市,烟煤末,6.00,27.50,0.25,,5500.00,755.00,0.00,出厂价,6424,2024-09-06 00:00:00,1,0,2024-11-06 23:51:04,0,2024-11-06 23:51:04,,,
2024-09-05,灵武市,烟煤末,6.00,27.50,0.25,,5500.00,755.00,0.00,出厂价,6425,2024-09-05 00:00:00,1,0,2024-11-06 23:51:04,0,2024-11-06 23:51:04,,,
2024-09-04,灵武市,烟煤末,6.00,27.50,0.25,,5500.00,755.00,5.00,出厂价,6426,2024-09-04 00:00:00,1,0,2024-11-06 23:51:04,0,2024-11-06 23:51:04,,,
2024-09-03,灵武市,烟煤末,6.00,27.50,0.25,,5500.00,750.00,0.00,出厂价,6427,2024-09-03 00:00:00,1,0,2024-11-06 23:51:04,0,2024-11-06 23:51:04,,,
2024-09-02,灵武市,烟煤末,6.00,27.50,0.25,,5500.00,750.00,0.00,出厂价,6428,2024-09-02 00:00:00,1,0,2024-11-06 23:51:04,0,2024-11-06 23:51:04,,,
2024-08-30,灵武市,烟煤末,6.00,27.50,0.25,,5500.00,750.00,0.00,出厂价,6429,2024-08-30 00:00:00,1,0,2024-11-06 23:51:04,0,2024-11-06 23:51:04,,,
2024-08-29,灵武市,烟煤末,6.00,27.50,0.25,,5500.00,750.00,0.00,出厂价,6430,2024-08-29 00:00:00,1,0,2024-11-06 23:51:04,0,2024-11-06 23:51:04,,,
2024-08-28,灵武市,烟煤末,6.00,27.50,0.25,,5500.00,750.00,0.00,出厂价,6431,2024-08-28 00:00:00,1,0,2024-11-06 23:51:04,0,2024-11-06 23:51:04,,,
2024-08-27,灵武市,烟煤末,6.00,27.50,0.25,,5500.00,750.00,0.00,出厂价,6432,2024-08-27 00:00:00,1,0,2024-11-06 23:51:04,0,2024-11-06 23:51:04,,,
2024-08-26,灵武市,烟煤末,6.00,27.50,0.25,,5500.00,750.00,0.00,出厂价,6433,2024-08-26 00:00:00,1,0,2024-11-06 23:51:04,0,2024-11-06 23:51:04,,,
2024-08-23,灵武市,烟煤末,6.00,27.50,0.25,,5500.00,750.00,-5.00,出厂价,6434,2024-08-23 00:00:00,1,0,2024-11-06 23:51:04,0,2024-11-06 23:51:04,,,
2024-08-22,灵武市,烟煤末,6.00,27.50,0.25,,5500.00,755.00,-5.00,出厂价,6435,2024-08-22 00:00:00,1,0,2024-11-06 23:51:04,0,2024-11-06 23:51:04,,,
2024-08-21,灵武市,烟煤末,6.00,27.50,0.25,,5500.00,760.00,-5.00,出厂价,6436,2024-08-21 00:00:00,1,0,2024-11-06 23:51:04,0,2024-11-06 23:51:04,,,
2024-08-20,灵武市,烟煤末,6.00,27.50,0.25,,5500.00,765.00,-5.00,出厂价,6437,2024-08-20 00:00:00,1,0,2024-11-06 23:51:04,0,2024-11-06 23:51:04,,,
2024-08-19,灵武市,烟煤末,6.00,27.50,0.25,,5500.00,770.00,0.00,出厂价,6438,2024-08-19 00:00:00,1,0,2024-11-06 23:51:04,0,2024-11-06 23:51:04,,,
2024-08-16,灵武市,烟煤末,6.00,27.50,0.25,,5500.00,770.00,0.00,出厂价,6439,2024-08-16 00:00:00,1,0,2024-11-06 23:51:04,0,2024-11-06 23:51:04,,,
2024-08-15,灵武市,烟煤末,6.00,27.50,0.25,,5500.00,770.00,0.00,出厂价,6440,2024-08-15 00:00:00,1,0,2024-11-06 23:51:04,0,2024-11-06 23:51:04,,,
2024-08-14,灵武市,烟煤末,6.00,27.50,0.25,,5500.00,770.00,0.00,出厂价,6441,2024-08-14 00:00:00,1,0,2024-11-06 23:51:04,0,2024-11-06 23:51:04,,,
2024-08-13,灵武市,烟煤末,6.00,27.50,0.25,,5500.00,770.00,0.00,出厂价,6442,2024-08-13 00:00:00,1,0,2024-11-06 23:51:04,0,2024-11-06 23:51:04,,,
2024-08-12,灵武市,烟煤末,6.00,27.50,0.25,,5500.00,770.00,0.00,出厂价,6443,2024-08-12 00:00:00,1,0,2024-11-06 23:51:04,0,2024-11-06 23:51:04,,,
2024-08-09,灵武市,烟煤末,6.00,27.50,0.25,,5500.00,770.00,0.00,出厂价,6444,2024-08-09 00:00:00,1,0,2024-11-06 23:51:04,0,2024-11-06 23:51:04,,,
2024-08-08,灵武市,烟煤末,6.00,27.50,0.25,,5500.00,770.00,0.00,出厂价,6445,2024-08-08 00:00:00,1,0,2024-11-06 23:51:08,0,2024-11-06 23:51:08,,,
2024-08-07,灵武市,烟煤末,6.00,27.50,0.25,,5500.00,770.00,0.00,出厂价,6446,2024-08-07 00:00:00,1,0,2024-11-06 23:51:08,0,2024-11-06 23:51:08,,,
2024-08-06,灵武市,烟煤末,6.00,27.50,0.25,,5500.00,770.00,0.00,出厂价,6447,2024-08-06 00:00:00,1,0,2024-11-06 23:51:08,0,2024-11-06 23:51:08,,,
2024-08-05,灵武市,烟煤末,6.00,27.50,0.25,,5500.00,770.00,0.00,出厂价,6448,2024-08-05 00:00:00,1,0,2024-11-06 23:51:08,0,2024-11-06 23:51:08,,,
2024-08-02,灵武市,烟煤末,6.00,27.50,0.25,,5500.00,770.00,0.00,出厂价,6449,2024-08-02 00:00:00,1,0,2024-11-06 23:51:08,0,2024-11-06 23:51:08,,,
2024-08-02,灵武市,水洗36块,6.00,24.50,0.25,,6800.00,910.00,0.00,出厂价,6450,2024-08-02 00:00:00,1,0,2024-11-06 23:51:08,0,2024-11-06 23:51:08,,,
2024-08-01,灵武市,烟煤末,6.00,27.50,0.25,,5500.00,770.00,0.00,出厂价,6451,2024-08-01 00:00:00,1,0,2024-11-06 23:51:08,0,2024-11-06 23:51:08,,,
2024-08-01,灵武市,水洗36块,6.00,24.50,0.25,,6800.00,910.00,0.00,出厂价,6452,2024-08-01 00:00:00,1,0,2024-11-06 23:51:08,0,2024-11-06 23:51:08,,,
2024-11-07,灵武市,烟煤末,6.00,27.50,0.25,,5500.00,765.00,0.00,出厂价,6453,2024-11-07 00:00:00,1,0,2024-11-07 23:08:07,0,2024-11-07 23:08:07,,,
2024-11-08,灵武市,烟煤末,6.00,27.50,0.25,,5500.00,765.00,0.00,出厂价,6454,2024-11-08 00:00:00,1,0,2024-11-08 23:07:54,0,2024-11-08 23:07:54,,,
2024-11-11,灵武市,烟煤末,6.00,27.50,0.25,,5500.00,765.00,0.00,出厂价,6455,2024-11-11 00:00:00,1,0,2024-11-11 23:08:10,0,2024-11-11 23:08:10,,,
2024-11-12,灵武市,烟煤末,6.00,27.50,0.25,,5500.00,765.00,0.00,出厂价,6456,2024-11-12 00:00:00,1,0,2024-11-12 23:08:16,0,2024-11-12 23:08:16,,,
2024-11-13,灵武市,烟煤末,6.00,27.50,0.25,,5500.00,765.00,0.00,出厂价,6457,2024-11-13 00:00:00,1,0,2024-11-13 23:07:55,0,2024-11-13 23:07:55,,,
2024-11-14,灵武市,烟煤末,6.00,27.50,0.25,,5500.00,760.00,-5.00,出厂价,6458,2024-11-14 00:00:00,1,0,2024-11-14 23:08:02,0,2024-11-14 23:08:02,,,
2024-11-15,灵武市,烟煤末,6.00,27.50,0.25,,5500.00,760.00,0.00,出厂价,6459,2024-11-15 00:00:00,1,0,2024-11-15 23:08:04,0,2024-11-15 23:08:04,,,
2024-11-18,灵武市,烟煤末,6.00,27.50,0.25,,5500.00,760.00,0.00,出厂价,6460,2024-11-18 00:00:00,1,0,2024-11-18 23:08:08,0,2024-11-18 23:08:08,,,
2024-11-19,灵武市,烟煤末,6.00,27.50,0.25,,5500.00,760.00,0.00,出厂价,6461,2024-11-19 00:00:00,1,0,2024-11-19 23:08:05,0,2024-11-19 23:08:05,,,
2024-11-20,灵武市,烟煤末,6.00,27.50,0.25,,5500.00,760.00,0.00,出厂价,6462,2024-11-20 00:00:00,1,0,2024-11-20 23:08:02,0,2024-11-20 23:08:02,,,
2024-11-21,灵武市,烟煤末,6.00,27.50,0.25,,5500.00,760.00,0.00,出厂价,6463,2024-11-21 00:00:00,1,0,2024-11-21 23:07:59,0,2024-11-21 23:07:59,,,
2024-11-22,灵武市,烟煤末,6.00,27.50,0.25,,5500.00,760.00,0.00,出厂价,6464,2024-11-22 00:00:00,1,0,2024-11-22 23:08:14,0,2024-11-22 23:08:14,,,
2024-11-25,灵武市,烟煤末,6.00,27.50,0.25,,5500.00,755.00,-5.00,出厂价,6465,2024-11-25 00:00:00,1,0,2024-11-25 23:08:09,0,2024-11-25 23:08:09,,,
2024-11-26,灵武市,烟煤末,6.00,27.50,0.25,,5500.00,750.00,-5.00,出厂价,6466,2024-11-26 00:00:00,1,0,2024-11-26 23:08:07,0,2024-11-26 23:08:07,,,
2024-11-27,灵武市,烟煤末,6.00,27.50,0.25,,5500.00,750.00,0.00,出厂价,6467,2024-11-27 00:00:00,1,0,2024-11-27 23:08:05,0,2024-11-27 23:08:05,,,
2024-11-28,灵武市,烟煤末,6.00,27.50,0.25,,5500.00,750.00,0.00,出厂价,6468,2024-11-28 00:00:00,1,0,2024-11-28 23:08:17,0,2024-11-28 23:08:17,,,
2024-11-29,灵武市,烟煤末,6.00,27.50,0.25,,5500.00,750.00,0.00,出厂价,6469,2024-11-29 00:00:00,1,0,2024-11-29 23:08:10,0,2024-11-29 23:08:10,,,
2024-12-02,灵武市,烟煤末,6.00,27.50,0.25,,5500.00,745.00,-5.00,出厂价,6470,2024-12-02 00:00:00,1,0,2024-12-02 23:08:06,0,2024-12-02 23:08:06,,,
2024-12-03,灵武市,烟煤末,6.00,27.50,0.25,,5500.00,740.00,-5.00,出厂价,6471,2024-12-03 00:00:00,1,0,2024-12-03 23:08:06,0,2024-12-03 23:08:06,,,
2024-12-04,灵武市,烟煤末,6.00,27.50,0.25,,5500.00,740.00,0.00,出厂价,6472,2024-12-04 00:00:00,1,0,2024-12-04 23:08:01,0,2024-12-04 23:08:01,,,
2024-12-05,灵武市,烟煤末,6.00,27.50,0.25,,5500.00,735.00,-5.00,出厂价,6473,2024-12-05 00:00:00,1,0,2024-12-05 23:09:00,0,2024-12-05 23:09:00,,,
2024-12-06,灵武市,烟煤末,6.00,27.50,0.25,,5500.00,735.00,0.00,出厂价,6474,2024-12-06 00:00:00,1,0,2024-12-06 23:08:26,0,2024-12-06 23:08:26,,,
2024-12-09,灵武市,烟煤末,6.00,27.50,0.25,,5500.00,730.00,-5.00,出厂价,6475,2024-12-09 00:00:00,1,0,2024-12-09 23:08:05,0,2024-12-09 23:08:05,,,
2024-12-10,灵武市,烟煤末,6.00,27.50,0.25,,5500.00,725.00,-5.00,出厂价,6476,2024-12-10 00:00:00,1,0,2024-12-10 23:07:53,0,2024-12-10 23:07:53,,,
2024-12-11,灵武市,烟煤末,6.00,27.50,0.25,,5500.00,725.00,0.00,出厂价,6477,2024-12-11 00:00:00,1,0,2024-12-11 23:08:01,0,2024-12-11 23:08:01,,,
2024-12-12,灵武市,烟煤末,6.00,27.50,0.25,,5500.00,720.00,-5.00,出厂价,6478,2024-12-12 00:00:00,1,0,2024-12-12 23:08:13,0,2024-12-12 23:08:13,,,
2024-12-13,灵武市,烟煤末,6.00,27.50,0.25,,5500.00,715.00,-5.00,出厂价,6479,2024-12-13 00:00:00,1,0,2024-12-13 23:08:01,0,2024-12-13 23:08:01,,,
2024-12-16,灵武市,烟煤末,6.00,27.50,0.25,,5500.00,715.00,0.00,出厂价,6480,2024-12-16 00:00:00,1,0,2024-12-16 23:08:11,0,2024-12-16 23:08:11,,,
2024-12-17,灵武市,烟煤末,6.00,27.50,0.25,,5500.00,705.00,-10.00,出厂价,6481,2024-12-17 00:00:00,1,0,2024-12-17 23:08:04,0,2024-12-17 23:08:04,,,
2024-12-18,灵武市,烟煤末,6.00,27.50,0.25,,5500.00,695.00,-10.00,出厂价,6482,2024-12-18 00:00:00,1,0,2024-12-18 23:08:04,0,2024-12-18 23:08:04,,,
2024-12-19,灵武市,烟煤末,6.00,27.50,0.25,,5500.00,695.00,0.00,出厂价,6483,2024-12-19 00:00:00,1,0,2024-12-19 23:08:09,0,2024-12-19 23:08:09,,,
2024-12-20,灵武市,烟煤末,6.00,27.50,0.25,,5500.00,680.00,-15.00,出厂价,6484,2024-12-20 00:00:00,1,0,2024-12-20 23:08:12,0,2024-12-20 23:08:12,,,
2024-12-23,灵武市,烟煤末,6.00,27.50,0.25,,5500.00,675.00,-5.00,出厂价,6485,2024-12-23 00:00:00,1,0,2024-12-23 23:08:07,0,2024-12-23 23:08:07,,,
2024-12-24,灵武市,烟煤末,6.00,27.50,0.25,,5500.00,670.00,-5.00,出厂价,6486,2024-12-24 00:00:00,1,0,2024-12-24 23:07:57,0,2024-12-24 23:07:57,,,
2024-12-25,灵武市,烟煤末,6.00,27.50,0.25,,5500.00,670.00,0.00,出厂价,6487,2024-12-25 00:00:00,1,0,2024-12-25 23:08:12,0,2024-12-25 23:08:12,,,
2024-12-26,灵武市,烟煤末,6.00,27.50,0.25,,5500.00,670.00,0.00,出厂价,6488,2024-12-26 00:00:00,1,0,2024-12-26 23:08:00,0,2024-12-26 23:08:00,,,
2024-12-27,灵武市,烟煤末,6.00,27.50,0.25,,5500.00,670.00,0.00,出厂价,6489,2024-12-27 00:00:00,1,0,2024-12-27 23:08:05,0,2024-12-27 23:08:05,,,
2024-12-30,灵武市,烟煤末,6.00,27.50,0.25,,5500.00,670.00,0.00,出厂价,6490,2024-12-30 00:00:00,1,0,2024-12-30 23:08:18,0,2024-12-30 23:08:18,,,
2024-12-31,灵武市,烟煤末,6.00,27.50,0.25,,5500.00,675.00,5.00,出厂价,6491,2024-12-31 00:00:00,1,0,2024-12-31 23:08:13,0,2024-12-31 23:08:13,,,
2025-01-02,灵武市,烟煤末,6.00,27.50,0.25,,5500.00,680.00,5.00,出厂价,6492,2025-01-02 00:00:00,1,0,2025-01-02 23:08:01,0,2025-01-02 23:08:01,,,
2025-01-03,灵武市,烟煤末,6.00,27.50,0.25,,5500.00,680.00,0.00,出厂价,6493,2025-01-03 00:00:00,1,0,2025-01-03 23:08:06,0,2025-01-03 23:08:06,,,
2025-01-06,灵武市,烟煤末,6.00,27.50,0.25,,5500.00,680.00,0.00,出厂价,6494,2025-01-06 00:00:00,1,0,2025-01-06 23:08:07,0,2025-01-06 23:08:07,,,
2025-01-07,灵武市,烟煤末,6.00,27.50,0.25,,5500.00,680.00,0.00,出厂价,6495,2025-01-07 00:00:00,1,0,2025-01-07 23:07:57,0,2025-01-07 23:07:57,,,
2025-01-08,灵武市,烟煤末,6.00,27.50,0.25,,5500.00,680.00,0.00,出厂价,6496,2025-01-08 00:00:00,1,0,2025-01-08 23:07:56,0,2025-01-08 23:07:56,,,
2025-01-09,灵武市,烟煤末,6.00,27.50,0.25,,5500.00,680.00,0.00,出厂价,6497,2025-01-09 00:00:00,1,0,2025-01-09 23:07:48,0,2025-01-09 23:07:48,,,
2025-01-10,灵武市,烟煤末,6.00,27.50,0.25,,5500.00,680.00,0.00,出厂价,6498,2025-01-10 00:00:00,1,0,2025-01-10 23:07:51,0,2025-01-10 23:07:51,,,
2025-01-13,灵武市,烟煤末,6.00,27.50,0.25,,5500.00,680.00,0.00,出厂价,6499,2025-01-13 00:00:00,1,0,2025-01-13 23:08:15,0,2025-01-13 23:08:15,,,
2025-01-14,灵武市,烟煤末,6.00,27.50,0.25,,5500.00,680.00,0.00,出厂价,6500,2025-01-14 00:00:00,1,0,2025-01-14 23:08:05,0,2025-01-14 23:08:05,,,
2025-01-15,灵武市,烟煤末,6.00,27.50,0.25,,5500.00,680.00,0.00,出厂价,6501,2025-01-15 00:00:00,1,0,2025-01-15 23:08:39,0,2025-01-15 23:08:39,,,
2025-01-16,灵武市,烟煤末,6.00,27.50,0.25,,5500.00,680.00,0.00,出厂价,6502,2025-01-16 00:00:00,1,0,2025-01-16 23:08:00,0,2025-01-16 23:08:00,,,
2025-01-17,灵武市,烟煤末,6.00,27.50,0.25,,5500.00,680.00,0.00,出厂价,6503,2025-01-17 00:00:00,1,0,2025-01-17 23:08:03,0,2025-01-17 23:08:03,,,
2025-01-20,灵武市,烟煤末,6.00,27.50,0.25,,5500.00,680.00,0.00,出厂价,6504,2025-01-20 00:00:00,1,0,2025-01-20 23:08:03,0,2025-01-20 23:08:03,,,
2025-01-21,灵武市,烟煤末,6.00,27.50,0.25,,5500.00,680.00,0.00,出厂价,6505,2025-01-21 00:00:00,1,0,2025-01-21 23:07:56,0,2025-01-21 23:07:56,,,
2025-01-22,灵武市,烟煤末,6.00,27.50,0.25,,5500.00,680.00,0.00,出厂价,6506,2025-01-22 00:00:00,1,0,2025-01-22 23:07:57,0,2025-01-22 23:07:57,,,
2025-01-23,灵武市,烟煤末,6.00,27.50,0.25,,5500.00,680.00,0.00,出厂价,6507,2025-01-23 00:00:00,1,0,2025-01-23 23:08:04,0,2025-01-23 23:08:04,,,
2025-01-24,灵武市,烟煤末,6.00,27.50,0.25,,5500.00,680.00,0.00,出厂价,6508,2025-01-24 00:00:00,1,0,2025-01-24 23:08:01,0,2025-01-24 23:08:01,,,
2025-01-26,灵武市,烟煤末,6.00,27.50,0.25,,5500.00,680.00,0.00,出厂价,6509,2025-01-26 00:00:00,1,0,2025-01-26 23:08:07,0,2025-01-26 23:08:07,,,
2025-01-27,灵武市,烟煤末,6.00,27.50,0.25,,5500.00,680.00,0.00,出厂价,6510,2025-01-27 00:00:00,1,0,2025-02-04 23:08:01,0,2025-02-04 23:08:01,,,
2025-02-05,灵武市,烟煤末,6.00,27.50,0.25,,5500.00,680.00,0.00,出厂价,6511,2025-02-05 00:00:00,1,0,2025-02-05 23:08:05,0,2025-02-05 23:08:05,,,
2025-02-06,灵武市,烟煤末,6.00,27.50,0.25,,5500.00,675.00,-5.00,出厂价,6512,2025-02-06 00:00:00,1,0,2025-02-06 23:08:01,0,2025-02-06 23:08:01,,,
2025-02-07,灵武市,烟煤末,6.00,27.50,0.25,,5500.00,675.00,0.00,出厂价,6513,2025-02-07 00:00:00,1,0,2025-02-07 23:07:46,0,2025-02-07 23:07:46,,,
2025-02-08,灵武市,烟煤末,6.00,27.50,0.25,,5500.00,670.00,-5.00,出厂价,6514,2025-02-08 00:00:00,1,0,2025-02-08 23:07:55,0,2025-02-08 23:07:55,,,
2025-02-10,灵武市,烟煤末,6.00,27.50,0.25,,5500.00,670.00,0.00,出厂价,6515,2025-02-10 00:00:00,1,0,2025-02-10 23:07:55,0,2025-02-10 23:07:55,,,
2025-02-11,灵武市,烟煤末,6.00,27.50,0.25,,5500.00,665.00,-5.00,出厂价,6516,2025-02-11 00:00:00,1,0,2025-02-11 23:08:01,0,2025-02-11 23:08:01,,,
2025-02-12,灵武市,烟煤末,6.00,27.50,0.25,,5500.00,665.00,0.00,出厂价,6517,2025-02-12 00:00:00,1,0,2025-02-12 23:08:03,0,2025-02-12 23:08:03,,,
2025-02-13,灵武市,烟煤末,6.00,27.50,0.25,,5500.00,660.00,-5.00,出厂价,6518,2025-02-13 00:00:00,1,0,2025-02-13 23:07:55,0,2025-02-13 23:07:55,,,
2025-02-14,灵武市,烟煤末,6.00,27.50,0.25,,5500.00,655.00,-5.00,出厂价,6519,2025-02-14 00:00:00,1,0,2025-02-14 23:08:11,0,2025-02-14 23:08:11,,,
2025-02-17,灵武市,烟煤末,6.00,27.50,0.25,,5500.00,650.00,-5.00,出厂价,6520,2025-02-17 00:00:00,1,0,2025-02-17 23:07:56,0,2025-02-17 23:07:56,,,
2025-02-18,灵武市,烟煤末,6.00,27.50,0.25,,5500.00,630.00,-20.00,出厂价,6521,2025-02-18 00:00:00,1,0,2025-02-18 23:07:54,0,2025-02-18 23:07:54,,,
2025-02-19,灵武市,烟煤末,6.00,27.50,0.25,,5500.00,630.00,0.00,出厂价,6522,2025-02-19 00:00:00,1,0,2025-02-19 23:08:13,0,2025-02-19 23:08:13,,,
2025-02-20,灵武市,烟煤末,6.00,27.50,0.25,,5500.00,620.00,-10.00,出厂价,6523,2025-02-20 00:00:00,1,0,2025-02-20 23:08:15,0,2025-02-20 23:08:15,,,
2025-02-21,灵武市,烟煤末,6.00,27.50,0.25,,5500.00,610.00,-10.00,出厂价,6524,2025-02-21 00:00:00,1,0,2025-02-21 23:07:51,0,2025-02-21 23:07:51,,,
2025-02-24,灵武市,烟煤末,6.00,27.50,0.25,,5500.00,600.00,-10.00,出厂价,6525,2025-02-24 00:00:00,1,0,2025-02-24 23:07:54,0,2025-02-24 23:07:54,,,
2025-02-25,灵武市,烟煤末,6.00,27.50,0.25,,5500.00,585.00,-15.00,出厂价,6526,2025-02-25 00:00:00,1,0,2025-02-25 23:08:02,0,2025-02-25 23:08:02,,,
2025-02-26,灵武市,烟煤末,6.00,27.50,0.25,,5500.00,585.00,0.00,出厂价,6527,2025-02-26 00:00:00,1,0,2025-02-26 23:07:51,0,2025-02-26 23:07:51,,,
2025-02-27,灵武市,烟煤末,6.00,27.50,0.25,,5500.00,585.00,0.00,出厂价,6528,2025-02-27 00:00:00,1,0,2025-02-27 23:07:38,0,2025-02-27 23:07:38,,,
2025-02-28,灵武市,烟煤末,6.00,27.50,0.25,,5500.00,580.00,-5.00,出厂价,6529,2025-02-28 00:00:00,1,0,2025-02-28 23:08:08,0,2025-02-28 23:08:08,,,
2025-03-03,灵武市,烟煤末,6.00,27.50,0.25,,5500.00,575.00,-5.00,出厂价,6530,2025-03-03 00:00:00,1,0,2025-03-03 23:07:56,0,2025-03-03 23:07:56,,,
2025-03-04,灵武市,烟煤末,6.00,27.50,0.25,,5500.00,575.00,0.00,出厂价,6531,2025-03-04 00:00:00,1,0,2025-03-04 23:08:12,0,2025-03-04 23:08:12,,,
2025-03-05,灵武市,烟煤末,6.00,27.50,0.25,,5500.00,570.00,-5.00,出厂价,6532,2025-03-05 00:00:00,1,0,2025-03-05 23:08:11,0,2025-03-05 23:08:11,,,
2025-03-06,灵武市,烟煤末,6.00,27.50,0.25,,5500.00,570.00,0.00,出厂价,6533,2025-03-06 00:00:00,1,0,2025-03-06 23:08:05,0,2025-03-06 23:08:05,,,
2025-03-07,灵武市,烟煤末,6.00,27.50,0.25,,5500.00,570.00,0.00,出厂价,6534,2025-03-07 00:00:00,1,0,2025-03-07 23:08:20,0,2025-03-07 23:08:20,,,
2025-03-10,灵武市,烟煤末,6.00,27.50,0.25,,5500.00,575.00,5.00,出厂价,6535,2025-03-10 00:00:00,1,0,2025-03-10 23:08:09,0,2025-03-10 23:08:09,,,
2025-03-11,灵武市,烟煤末,6.00,27.50,0.25,,5500.00,585.00,10.00,出厂价,6536,2025-03-11 00:00:00,1,0,2025-03-11 23:08:06,0,2025-03-11 23:08:06,,,
2025-03-12,灵武市,烟煤末,6.00,27.50,0.25,,5500.00,585.00,0.00,出厂价,6537,2025-03-12 00:00:00,1,0,2025-03-12 23:08:14,0,2025-03-12 23:08:14,,,
2025-03-13,灵武市,烟煤末,6.00,27.50,0.25,,5500.00,590.00,5.00,出厂价,6538,2025-03-13 00:00:00,1,0,2025-03-13 23:08:03,0,2025-03-13 23:08:03,,,
2025-03-17,灵武市,烟煤末,6.00,27.50,0.25,,5500.00,590.00,0.00,出厂价,6539,2025-03-17 00:00:00,1,0,2025-03-17 23:08:02,0,2025-03-17 23:08:02,,,
2025-03-14,灵武市,烟煤末,6.00,27.50,0.25,,5500.00,590.00,0.00,出厂价,6540,2025-03-14 00:00:00,1,0,2025-03-17 23:08:02,0,2025-03-17 23:08:02,,,
2025-03-18,灵武市,烟煤末,6.00,27.50,0.25,,5500.00,585.00,-5.00,出厂价,6541,2025-03-18 00:00:00,1,0,2025-03-18 23:07:51,0,2025-03-18 23:07:51,,,
2025-03-19,灵武市,烟煤末,6.00,27.50,0.25,,5500.00,585.00,0.00,出厂价,6542,2025-03-19 00:00:00,1,0,2025-03-19 23:07:56,0,2025-03-19 23:07:56,,,
2025-03-20,灵武市,烟煤末,6.00,27.50,0.25,,5500.00,585.00,0.00,出厂价,6543,2025-03-20 00:00:00,1,0,2025-03-20 23:08:05,0,2025-03-20 23:08:05,,,
2025-03-21,灵武市,烟煤末,6.00,27.50,0.25,,5500.00,585.00,0.00,出厂价,6544,2025-03-21 00:00:00,1,0,2025-03-21 23:07:52,0,2025-03-21 23:07:52,,,
2025-03-24,灵武市,烟煤末,6.00,27.50,0.25,,5500.00,580.00,-5.00,出厂价,6545,2025-03-24 00:00:00,1,0,2025-03-24 23:08:05,0,2025-03-24 23:08:05,,,
2025-03-25,灵武市,烟煤末,6.00,27.50,0.25,,5500.00,575.00,-5.00,出厂价,6546,2025-03-25 00:00:00,1,0,2025-03-25 23:07:52,0,2025-03-25 23:07:52,,,
2025-03-26,灵武市,烟煤末,6.00,27.50,0.25,,5500.00,575.00,0.00,出厂价,6547,2025-03-26 00:00:00,1,0,2025-03-26 23:08:03,0,2025-03-26 23:08:03,,,
2025-03-27,灵武市,烟煤末,6.00,27.50,0.25,,5500.00,575.00,0.00,出厂价,6548,2025-03-27 00:00:00,1,0,2025-03-27 23:07:50,0,2025-03-27 23:07:50,,,
2025-03-28,灵武市,烟煤末,6.00,27.50,0.25,,5500.00,575.00,0.00,出厂价,6549,2025-03-28 00:00:00,1,0,2025-03-28 23:07:56,0,2025-03-28 23:07:56,,,
2025-03-31,灵武市,烟煤末,6.00,27.50,0.25,,5500.00,575.00,0.00,出厂价,6550,2025-03-31 00:00:00,1,0,2025-03-31 23:07:55,0,2025-03-31 23:07:55,,,
2025-04-01,灵武市,烟煤末,6.00,27.50,0.25,,5500.00,575.00,0.00,出厂价,6551,2025-04-01 00:00:00,1,0,2025-04-01 23:07:56,0,2025-04-01 23:07:56,,,
2025-04-02,灵武市,烟煤末,6.00,27.50,0.25,,5500.00,580.00,5.00,出厂价,6552,2025-04-02 00:00:00,1,0,2025-04-02 23:08:01,0,2025-04-02 23:08:01,,,
2025-04-03,灵武市,烟煤末,6.00,27.50,0.25,,5500.00,580.00,0.00,出厂价,6553,2025-04-03 00:00:00,1,0,2025-04-03 23:07:54,0,2025-04-03 23:07:54,,,
2025-04-07,灵武市,烟煤末,6.00,27.50,0.25,,5500.00,580.00,0.00,出厂价,6554,2025-04-07 00:00:00,1,0,2025-04-07 23:08:06,0,2025-04-07 23:08:06,,,
2025-04-08,灵武市,烟煤末,6.00,27.50,0.25,,5500.00,580.00,0.00,出厂价,6555,2025-04-08 00:00:00,1,0,2025-04-08 23:07:57,0,2025-04-08 23:07:57,,,
2025-04-09,灵武市,烟煤末,6.00,27.50,0.25,,5500.00,580.00,0.00,出厂价,6556,2025-04-09 00:00:00,1,0,2025-04-09 23:08:06,0,2025-04-09 23:08:06,,,
2025-04-10,灵武市,烟煤末,6.00,27.50,0.25,,5500.00,580.00,0.00,出厂价,6557,2025-04-10 00:00:00,1,0,2025-04-10 23:08:11,0,2025-04-10 23:08:11,,,
2025-04-11,灵武市,烟煤末,6.00,27.50,0.25,,5500.00,580.00,0.00,出厂价,6558,2025-04-11 00:00:00,1,0,2025-04-11 23:08:12,0,2025-04-11 23:08:12,,,
2025-04-14,灵武市,烟煤末,6.00,27.50,0.25,,5500.00,580.00,0.00,出厂价,6559,2025-04-14 00:00:00,1,0,2025-04-14 23:07:54,0,2025-04-14 23:07:54,,,
2025-04-15,灵武市,烟煤末,6.00,27.50,0.25,,5500.00,580.00,0.00,出厂价,6560,2025-04-15 00:00:00,1,0,2025-04-15 23:08:13,0,2025-04-15 23:08:13,,,
2025-04-16,灵武市,烟煤末,6.00,27.50,0.25,,5500.00,580.00,0.00,出厂价,6561,2025-04-16 00:00:00,1,0,2025-04-16 23:08:01,0,2025-04-16 23:08:01,,,
2025-04-17,灵武市,烟煤末,6.00,27.50,0.25,,5500.00,580.00,0.00,出厂价,6562,2025-04-17 00:00:00,1,0,2025-04-17 23:08:01,0,2025-04-17 23:08:01,,,
2025-04-18,灵武市,烟煤末,6.00,27.50,0.25,,5500.00,580.00,0.00,出厂价,6563,2025-04-18 00:00:00,1,0,2025-04-18 23:08:17,0,2025-04-18 23:08:17,,,
2025-04-21,灵武市,烟煤末,6.00,27.50,0.25,,5500.00,580.00,0.00,出厂价,6564,2025-04-21 00:00:00,1,0,2025-04-21 23:08:02,0,2025-04-21 23:08:02,,,
2025-04-22,灵武市,烟煤末,6.00,27.50,0.25,,5500.00,570.00,-10.00,出厂价,6565,2025-04-22 00:00:00,1,0,2025-04-22 23:07:54,0,2025-04-22 23:07:54,,,
2025-04-23,灵武市,烟煤末,6.00,27.50,0.25,,5500.00,570.00,0.00,出厂价,6566,2025-04-23 00:00:00,1,0,2025-04-23 23:08:03,0,2025-04-23 23:08:03,,,
2025-04-24,灵武市,烟煤末,6.00,27.50,0.25,,5500.00,570.00,0.00,出厂价,6567,2025-04-24 00:00:00,1,0,2025-04-24 23:08:02,0,2025-04-24 23:08:02,,,
2025-04-25,灵武市,烟煤末,6.00,27.50,0.25,,5500.00,570.00,0.00,出厂价,6568,2025-04-25 00:00:00,1,0,2025-04-25 23:08:06,0,2025-04-25 23:08:06,,,
2025-04-27,灵武市,烟煤末,6.00,27.50,0.25,,5500.00,570.00,0.00,出厂价,6569,2025-04-27 00:00:00,1,0,2025-04-27 23:08:17,0,2025-04-27 23:08:17,,,
2025-04-28,灵武市,烟煤末,6.00,27.50,0.25,,5500.00,570.00,0.00,出厂价,6570,2025-04-28 00:00:00,1,0,2025-04-28 23:08:04,0,2025-04-28 23:08:04,,,
2025-04-29,灵武市,烟煤末,6.00,27.50,0.25,,5500.00,565.00,-5.00,出厂价,6571,2025-04-29 00:00:00,1,0,2025-04-29 23:07:55,0,2025-04-29 23:07:55,,,
2025-04-30,灵武市,烟煤末,6.00,27.50,0.25,,5500.00,560.00,-5.00,出厂价,6572,2025-04-30 00:00:00,1,0,2025-05-05 23:07:48,0,2025-05-05 23:07:48,,,
2025-05-06,灵武市,烟煤末,6.00,27.50,0.25,,5500.00,560.00,0.00,出厂价,6573,2025-05-06 00:00:00,1,0,2025-05-06 23:07:52,0,2025-05-06 23:07:52,,,
2025-05-07,灵武市,烟煤末,6.00,27.50,0.25,,5500.00,550.00,-10.00,出厂价,6574,2025-05-07 00:00:00,1,0,2025-05-07 23:08:17,0,2025-05-07 23:08:17,,,
2025-05-08,灵武市,烟煤末,6.00,27.50,0.25,,5500.00,550.00,0.00,出厂价,6575,2025-05-08 00:00:00,1,0,2025-05-08 23:07:58,0,2025-05-08 23:07:58,,,
2025-05-09,灵武市,烟煤末,6.00,27.50,0.25,,5500.00,550.00,0.00,出厂价,6576,2025-05-09 00:00:00,1,0,2025-05-09 23:07:50,0,2025-05-09 23:07:50,,,
2025-05-12,灵武市,烟煤末,6.00,27.50,0.25,,5500.00,550.00,0.00,出厂价,6577,2025-05-12 00:00:00,1,0,2025-05-12 23:07:59,0,2025-05-12 23:07:59,,,
2025-05-13,灵武市,烟煤末,6.00,27.50,0.25,,5500.00,540.00,-10.00,出厂价,6578,2025-05-13 00:00:00,1,0,2025-05-13 23:07:54,0,2025-05-13 23:07:54,,,
2025-05-14,灵武市,烟煤末,6.00,27.50,0.25,,5500.00,535.00,-5.00,出厂价,6579,2025-05-14 00:00:00,1,0,2025-05-14 23:07:54,0,2025-05-14 23:07:54,,,
2025-05-15,灵武市,烟煤末,6.00,27.50,0.25,,5500.00,535.00,0.00,出厂价,6580,2025-05-15 00:00:00,1,0,2025-05-15 23:07:51,0,2025-05-15 23:07:51,,,
2025-05-19,灵武市,烟煤末,6.00,27.50,0.25,,5500.00,530.00,-5.00,出厂价,6581,2025-05-19 00:00:00,1,0,2025-05-19 23:07:53,0,2025-05-19 23:07:53,,,
2025-05-16,灵武市,烟煤末,6.00,27.50,0.25,,5500.00,535.00,0.00,出厂价,6582,2025-05-16 00:00:00,1,0,2025-05-19 23:07:53,0,2025-05-19 23:07:53,,,
2025-05-20,灵武市,烟煤末,6.00,27.50,0.25,,5500.00,530.00,0.00,出厂价,6583,2025-05-20 00:00:00,1,0,2025-05-20 23:07:50,0,2025-05-20 23:07:50,,,
2025-05-21,灵武市,烟煤末,6.00,27.50,0.25,,5500.00,520.00,-10.00,出厂价,6584,2025-05-21 00:00:00,1,0,2025-05-21 23:07:46,0,2025-05-21 23:07:46,,,
2025-05-22,灵武市,烟煤末,6.00,27.50,0.25,,5500.00,520.00,0.00,出厂价,6585,2025-05-22 00:00:00,1,0,2025-05-22 23:07:56,0,2025-05-22 23:07:56,,,
2025-05-23,灵武市,烟煤末,6.00,27.50,0.25,,5500.00,520.00,0.00,出厂价,6586,2025-05-23 00:00:00,1,0,2025-05-23 23:07:48,0,2025-05-23 23:07:48,,,
2025-05-26,灵武市,烟煤末,6.00,27.50,0.25,,5500.00,520.00,0.00,出厂价,6587,2025-05-26 00:00:00,1,0,2025-05-26 23:07:56,0,2025-05-26 23:07:56,,,
2025-05-27,灵武市,烟煤末,6.00,27.50,0.25,,5500.00,525.00,5.00,出厂价,6588,2025-05-27 00:00:00,1,0,2025-05-27 23:08:01,0,2025-05-27 23:08:01,,,
2025-05-28,灵武市,烟煤末,6.00,27.50,0.25,,5500.00,525.00,0.00,出厂价,6589,2025-05-28 00:00:00,1,0,2025-05-28 23:08:04,0,2025-05-28 23:08:04,,,
2025-05-29,灵武市,烟煤末,6.00,27.50,0.25,,5500.00,525.00,0.00,出厂价,6590,2025-05-29 00:00:00,1,0,2025-05-29 23:07:57,0,2025-05-29 23:07:57,,,
2025-05-30,灵武市,烟煤末,6.00,27.50,0.25,,5500.00,530.00,5.00,出厂价,6591,2025-05-30 00:00:00,1,0,2025-05-30 23:07:55,0,2025-05-30 23:07:55,,,
2025-06-04,灵武市,烟煤末,6.00,27.50,0.25,,5500.00,530.00,0.00,出厂价,6592,2025-06-04 00:00:00,1,0,2025-06-04 23:07:53,0,2025-06-04 23:07:53,,,
2025-06-03,灵武市,烟煤末,6.00,27.50,0.25,,5500.00,530.00,0.00,出厂价,6593,2025-06-03 00:00:00,1,0,2025-06-04 23:07:53,0,2025-06-04 23:07:53,,,
2025-06-05,灵武市,烟煤末,6.00,27.50,0.25,,5500.00,530.00,0.00,出厂价,6594,2025-06-05 00:00:00,1,0,2025-06-05 23:07:54,0,2025-06-05 23:07:54,,,
2025-06-06,灵武市,烟煤末,6.00,27.50,0.25,,5500.00,530.00,0.00,出厂价,6595,2025-06-06 00:00:00,1,0,2025-06-06 23:08:03,0,2025-06-06 23:08:03,,,
2025-06-09,灵武市,烟煤末,6.00,27.50,0.25,,5500.00,530.00,0.00,出厂价,6596,2025-06-09 00:00:00,1,0,2025-06-09 23:08:03,0,2025-06-09 23:08:03,,,
2025-06-10,灵武市,烟煤末,6.00,27.50,0.25,,5500.00,530.00,0.00,出厂价,6597,2025-06-10 00:00:00,1,0,2025-06-10 23:08:05,0,2025-06-10 23:08:05,,,
2025-06-11,灵武市,烟煤末,6.00,27.50,0.25,,5500.00,530.00,0.00,出厂价,6598,2025-06-11 00:00:00,1,0,2025-06-11 23:08:02,0,2025-06-11 23:08:02,,,
2025-06-12,灵武市,烟煤末,6.00,27.50,0.25,,5500.00,530.00,0.00,出厂价,6599,2025-06-12 00:00:00,1,0,2025-06-12 23:07:52,0,2025-06-12 23:07:52,,,
2025-06-13,灵武市,烟煤末,6.00,27.50,0.25,,5500.00,530.00,0.00,出厂价,6600,2025-06-13 00:00:00,1,0,2025-06-13 23:07:59,0,2025-06-13 23:07:59,,,
2025-06-16,灵武市,烟煤末,6.00,27.50,0.25,,5500.00,530.00,0.00,出厂价,6601,2025-06-16 00:00:00,1,0,2025-06-16 23:07:55,0,2025-06-16 23:07:55,,,
2025-06-17,灵武市,烟煤末,6.00,27.50,0.25,,5500.00,530.00,0.00,出厂价,6602,2025-06-17 00:00:00,1,0,2025-06-17 23:07:59,0,2025-06-17 23:07:59,,,
2025-06-18,灵武市,烟煤末,6.00,27.50,0.25,,5500.00,530.00,0.00,出厂价,6603,2025-06-18 00:00:00,1,0,2025-06-18 23:08:01,0,2025-06-18 23:08:01,,,
2025-06-19,灵武市,烟煤末,6.00,27.50,0.25,,5500.00,530.00,0.00,出厂价,6604,2025-06-19 00:00:00,1,0,2025-06-19 23:07:51,0,2025-06-19 23:07:51,,,
2025-06-20,灵武市,烟煤末,6.00,27.50,0.25,,5500.00,530.00,0.00,出厂价,6605,2025-06-20 00:00:00,1,0,2025-06-20 23:07:59,0,2025-06-20 23:07:59,,,
2025-06-23,灵武市,烟煤末,6.00,27.50,0.25,,5500.00,530.00,0.00,出厂价,6606,2025-06-23 00:00:00,1,0,2025-06-23 23:07:49,0,2025-06-23 23:07:49,,,
2025-06-24,灵武市,烟煤末,6.00,27.50,0.25,,5500.00,535.00,5.00,出厂价,6607,2025-06-24 00:00:00,1,0,2025-06-24 23:07:56,0,2025-06-24 23:07:56,,,
2025-06-25,灵武市,烟煤末,6.00,27.50,0.25,,5500.00,535.00,0.00,出厂价,6608,2025-06-25 00:00:00,1,0,2025-06-25 23:08:10,0,2025-06-25 23:08:10,,,
2025-06-26,灵武市,烟煤末,6.00,27.50,0.25,,5500.00,535.00,0.00,出厂价,6609,2025-06-26 00:00:00,1,0,2025-06-26 23:08:02,0,2025-06-26 23:08:02,,,
2025-06-27,灵武市,烟煤末,6.00,27.50,0.25,,5500.00,535.00,0.00,出厂价,6610,2025-06-27 00:00:00,1,0,2025-06-27 23:07:54,0,2025-06-27 23:07:54,,,
2025-06-30,灵武市,烟煤末,6.00,27.50,0.25,,5500.00,535.00,0.00,出厂价,6611,2025-06-30 00:00:00,1,0,2025-06-30 23:07:54,0,2025-06-30 23:07:54,,,
2025-07-01,灵武市,烟煤末,6.00,27.50,0.25,,5500.00,535.00,0.00,出厂价,6612,2025-07-01 00:00:00,1,0,2025-07-01 23:07:57,0,2025-07-01 23:07:57,,,
2025-07-02,灵武市,烟煤末,6.00,27.50,0.25,,5500.00,535.00,0.00,出厂价,6613,2025-07-02 00:00:00,1,0,2025-07-02 23:07:53,0,2025-07-02 23:07:53,,,
2025-07-03,灵武市,烟煤末,6.00,27.50,0.25,,5500.00,535.00,0.00,出厂价,6614,2025-07-03 00:00:00,1,0,2025-07-03 23:07:52,0,2025-07-03 23:07:52,,,
2025-07-04,灵武市,烟煤末,6.00,27.50,0.25,,5500.00,535.00,0.00,出厂价,6615,2025-07-04 00:00:00,1,0,2025-07-04 23:08:08,0,2025-07-04 23:08:08,,,
2025-07-07,灵武市,烟煤末,6.00,27.50,0.25,,5500.00,530.00,-5.00,出厂价,6616,2025-07-07 00:00:00,1,0,2025-07-07 23:07:58,0,2025-07-07 23:07:58,,,
2025-07-08,灵武市,烟煤末,6.00,27.50,0.25,,5500.00,530.00,0.00,出厂价,6617,2025-07-08 00:00:00,1,0,2025-07-08 23:07:42,0,2025-07-08 23:07:42,,,
2025-07-09,灵武市,烟煤末,6.00,27.50,0.25,,5500.00,530.00,0.00,出厂价,6618,2025-07-09 00:00:00,1,0,2025-07-09 23:07:55,0,2025-07-09 23:07:55,,,
2025-07-10,灵武市,烟煤末,6.00,27.50,0.25,,5500.00,530.00,0.00,出厂价,6619,2025-07-10 00:00:00,1,0,2025-07-10 23:07:55,0,2025-07-10 23:07:55,,,
2025-07-11,灵武市,烟煤末,6.00,27.50,0.25,,5500.00,530.00,0.00,出厂价,6620,2025-07-11 00:00:00,1,0,2025-07-11 23:08:03,0,2025-07-11 23:08:03,,,
2025-07-14,灵武市,烟煤末,6.00,27.50,0.25,,5500.00,530.00,0.00,出厂价,6621,2025-07-14 00:00:00,1,0,2025-07-14 23:07:55,0,2025-07-14 23:07:55,,,
2025-07-15,灵武市,烟煤末,6.00,27.50,0.25,,5500.00,535.00,5.00,出厂价,6622,2025-07-15 00:00:00,1,0,2025-07-15 23:07:56,0,2025-07-15 23:07:56,,,
2025-07-16,灵武市,烟煤末,6.00,27.50,0.25,,5500.00,540.00,5.00,出厂价,6623,2025-07-16 00:00:00,1,0,2025-07-16 23:07:57,0,2025-07-16 23:07:57,,,
2025-07-17,灵武市,烟煤末,6.00,27.50,0.25,,5500.00,545.00,5.00,出厂价,6624,2025-07-17 00:00:00,1,0,2025-07-17 23:08:02,0,2025-07-17 23:08:02,,,
2025-07-18,灵武市,烟煤末,6.00,27.50,0.25,,5500.00,545.00,0.00,出厂价,6625,2025-07-18 00:00:00,1,0,2025-07-18 23:07:57,0,2025-07-18 23:07:57,,,
2025-07-21,灵武市,烟煤末,6.00,27.50,0.25,,5500.00,555.00,10.00,出厂价,6626,2025-07-21 00:00:00,1,0,2025-07-21 23:08:14,0,2025-07-21 23:08:14,,,
2025-07-22,灵武市,烟煤末,6.00,27.50,0.25,,5500.00,560.00,5.00,出厂价,6627,2025-07-22 00:00:00,1,0,2025-07-22 23:07:51,0,2025-07-22 23:07:51,,,
2025-07-23,灵武市,烟煤末,6.00,27.50,0.25,,5500.00,560.00,0.00,出厂价,6628,2025-07-23 00:00:00,1,0,2025-07-23 23:07:42,0,2025-07-23 23:07:42,,,
2025-07-24,灵武市,烟煤末,6.00,27.50,0.25,,5500.00,560.00,0.00,出厂价,6629,2025-07-24 00:00:00,1,0,2025-07-24 23:07:39,0,2025-07-24 23:07:39,,,
2025-07-25,灵武市,烟煤末,6.00,27.50,0.25,,5500.00,560.00,0.00,出厂价,6630,2025-07-25 00:00:00,1,0,2025-07-25 23:07:51,0,2025-07-25 23:07:51,,,
2025-07-28,灵武市,烟煤末,6.00,27.50,0.25,,5500.00,560.00,0.00,出厂价,6631,2025-07-28 00:00:00,1,0,2025-07-28 23:07:48,0,2025-07-28 23:07:48,,,
2025-07-29,灵武市,烟煤末,6.00,27.50,0.25,,5500.00,565.00,5.00,出厂价,6632,2025-07-29 00:00:00,1,0,2025-07-29 23:07:54,0,2025-07-29 23:07:54,,,
2025-07-30,灵武市,烟煤末,6.00,27.50,0.25,,5500.00,570.00,5.00,出厂价,6633,2025-07-30 00:00:00,1,0,2025-07-30 23:07:49,0,2025-07-30 23:07:49,,,
2025-07-31,灵武市,烟煤末,6.00,27.50,0.25,,5500.00,575.00,5.00,出厂价,6634,2025-07-31 00:00:00,1,0,2025-07-31 23:07:51,0,2025-07-31 23:07:51,,,
2025-08-01,灵武市,烟煤末,6.00,27.50,0.25,,5500.00,580.00,5.00,出厂价,6635,2025-08-01 00:00:00,1,0,2025-08-01 23:07:40,0,2025-08-01 23:07:40,,,
2025-08-04,灵武市,烟煤末,6.00,27.50,0.25,,5500.00,585.00,5.00,出厂价,6636,2025-08-04 00:00:00,1,0,2025-08-04 23:07:47,0,2025-08-04 23:07:47,,,
2025-08-05,灵武市,烟煤末,6.00,27.50,0.25,,5500.00,595.00,10.00,出厂价,6637,2025-08-05 00:00:00,1,0,2025-08-05 23:07:46,0,2025-08-05 23:07:46,,,
2025-08-06,灵武市,烟煤末,6.00,27.50,0.25,,5500.00,600.00,5.00,出厂价,6638,2025-08-06 00:00:00,1,0,2025-08-06 23:07:54,0,2025-08-06 23:07:54,,,
2025-08-07,灵武市,烟煤末,6.00,27.50,0.25,,5500.00,600.00,0.00,出厂价,6639,2025-08-07 00:00:00,1,0,2025-08-07 23:07:38,0,2025-08-07 23:07:38,,,
2025-08-08,灵武市,烟煤末,6.00,27.50,0.25,,5500.00,605.00,5.00,出厂价,6640,2025-08-08 00:00:00,1,0,2025-08-08 23:08:05,0,2025-08-08 23:08:05,,,
2025-08-11,灵武市,烟煤末,6.00,27.50,0.25,,5500.00,605.00,0.00,出厂价,6641,2025-08-11 00:00:00,1,0,2025-08-11 23:08:00,0,2025-08-11 23:08:00,,,
2025-08-12,灵武市,烟煤末,6.00,27.50,0.25,,5500.00,610.00,5.00,出厂价,6642,2025-08-12 00:00:00,1,0,2025-08-12 23:07:58,0,2025-08-12 23:07:58,,,
2025-08-13,灵武市,烟煤末,6.00,27.50,0.25,,5500.00,615.00,5.00,出厂价,6643,2025-08-13 00:00:00,1,0,2025-08-13 23:07:49,0,2025-08-13 23:07:49,,,
2025-08-14,灵武市,烟煤末,6.00,27.50,0.25,,5500.00,615.00,0.00,出厂价,6644,2025-08-14 00:00:00,1,0,2025-08-14 23:07:59,0,2025-08-14 23:07:59,,,
2025-08-15,灵武市,烟煤末,6.00,27.50,0.25,,5500.00,620.00,5.00,出厂价,6645,2025-08-15 00:00:00,1,0,2025-08-15 23:07:57,0,2025-08-15 23:07:57,,,
2025-08-18,灵武市,烟煤末,6.00,27.50,0.25,,5500.00,620.00,0.00,出厂价,6646,2025-08-18 00:00:00,1,0,2025-08-18 23:07:45,0,2025-08-18 23:07:45,,,
2025-08-19,灵武市,烟煤末,6.00,27.50,0.25,,5500.00,620.00,0.00,出厂价,6647,2025-08-19 00:00:00,1,0,2025-08-19 23:07:46,0,2025-08-19 23:07:46,,,
2025-08-20,灵武市,烟煤末,6.00,27.50,0.25,,5500.00,620.00,0.00,出厂价,6648,2025-08-20 00:00:00,1,0,2025-08-20 23:08:00,0,2025-08-20 23:08:00,,,
2025-08-21,灵武市,烟煤末,6.00,27.50,0.25,,5500.00,620.00,0.00,出厂价,6649,2025-08-21 00:00:00,1,0,2025-08-21 23:07:51,0,2025-08-21 23:07:51,,,
2025-08-22,灵武市,烟煤末,6.00,27.50,0.25,,5500.00,615.00,-5.00,出厂价,6650,2025-08-22 00:00:00,1,0,2025-08-22 23:07:45,0,2025-08-22 23:07:45,,,
2025-08-25,灵武市,烟煤末,6.00,27.50,0.25,,5500.00,615.00,0.00,出厂价,6651,2025-08-25 00:00:00,1,0,2025-08-25 23:07:55,0,2025-08-25 23:07:55,,,
2025-08-26,灵武市,烟煤末,6.00,27.50,0.25,,5500.00,610.00,-5.00,出厂价,6652,2025-08-26 00:00:00,1,0,2025-08-26 23:07:48,0,2025-08-26 23:07:48,,,
2025-08-27,灵武市,烟煤末,6.00,27.50,0.25,,5500.00,605.00,-5.00,出厂价,6653,2025-08-27 00:00:00,1,0,2025-08-27 23:07:55,0,2025-08-27 23:07:55,,,
2025-08-28,灵武市,烟煤末,6.00,27.50,0.25,,5500.00,600.00,-5.00,出厂价,6654,2025-08-28 00:00:00,1,0,2025-08-28 23:07:52,0,2025-08-28 23:07:52,,,
2025-08-29,灵武市,烟煤末,6.00,27.50,0.25,,5500.00,600.00,0.00,出厂价,6655,2025-08-29 00:00:00,1,0,2025-08-29 23:08:01,0,2025-08-29 23:08:01,,,
2025-09-01,灵武市,烟煤末,6.00,27.50,0.25,,5500.00,600.00,0.00,出厂价,6656,2025-09-01 00:00:00,1,0,2025-09-01 23:07:46,0,2025-09-01 23:07:46,,,
2025-09-02,灵武市,烟煤末,6.00,27.50,0.25,,5500.00,595.00,-5.00,出厂价,6657,2025-09-02 00:00:00,1,0,2025-09-02 23:07:56,0,2025-09-02 23:07:56,,,
2025-09-03,灵武市,烟煤末,6.00,27.50,0.25,,5500.00,595.00,0.00,出厂价,6658,2025-09-03 00:00:00,1,0,2025-09-03 23:07:53,0,2025-09-03 23:07:53,,,
2025-09-04,灵武市,烟煤末,6.00,27.50,0.25,,5500.00,595.00,0.00,出厂价,6659,2025-09-04 00:00:00,1,0,2025-09-04 23:08:00,0,2025-09-04 23:08:00,,,
2025-09-05,灵武市,烟煤末,6.00,27.50,0.25,,5500.00,600.00,5.00,出厂价,6660,2025-09-05 00:00:00,1,0,2025-09-05 23:07:47,0,2025-09-05 23:07:47,,,
2025-09-08,灵武市,烟煤末,6.00,27.50,0.25,,5500.00,600.00,0.00,出厂价,6661,2025-09-08 00:00:00,1,0,2025-09-08 23:08:12,0,2025-09-08 23:08:12,,,
2025-09-09,灵武市,烟煤末,6.00,27.50,0.25,,5500.00,605.00,5.00,出厂价,6662,2025-09-09 00:00:00,1,0,2025-09-09 23:08:03,0,2025-09-09 23:08:03,,,
2025-09-10,灵武市,烟煤末,6.00,27.50,0.25,,5500.00,605.00,0.00,出厂价,6663,2025-09-10 00:00:00,1,0,2025-09-10 23:08:08,0,2025-09-10 23:08:08,,,
2025-09-11,灵武市,烟煤末,6.00,27.50,0.25,,5500.00,605.00,0.00,出厂价,6664,2025-09-11 00:00:00,1,0,2025-09-11 23:07:57,0,2025-09-11 23:07:57,,,
2025-09-12,灵武市,烟煤末,6.00,27.50,0.25,,5500.00,605.00,0.00,出厂价,6665,2025-09-12 00:00:00,1,0,2025-09-12 23:08:01,0,2025-09-12 23:08:01,,,
2025-09-15,灵武市,烟煤末,6.00,27.50,0.25,,5500.00,605.00,0.00,出厂价,6666,2025-09-15 00:00:00,1,0,2025-09-15 23:07:51,0,2025-09-15 23:07:51,,,
2025-09-16,灵武市,烟煤末,6.00,27.50,0.25,,5500.00,610.00,5.00,出厂价,6667,2025-09-16 00:00:00,1,0,2025-09-16 23:07:52,0,2025-09-16 23:07:52,,,
2025-09-17,灵武市,烟煤末,6.00,27.50,0.25,,5500.00,610.00,0.00,出厂价,6668,2025-09-17 00:00:00,1,0,2025-09-17 23:07:53,0,2025-09-17 23:07:53,,,
